 
      1   1764    441      1
    1  0.1349466E+00  0.4327483E-02 -0.4970312E-02  0.9007146E+00  0.2888656E-01 -0.4334499E+00  0.9607982E-04
    1  0.1343921E+00  0.1296465E-01 -0.4970308E-02  0.8970131E+00  0.8653287E-01 -0.4334506E+00  0.9607941E-04
    1  0.1332854E+00  0.2154855E-01 -0.4970314E-02  0.8896249E+00  0.1438271E+00 -0.4334528E+00  0.9608038E-04
    1  0.1316309E+00  0.3004390E-01 -0.4970312E-02  0.8785836E+00  0.2005271E+00 -0.4334510E+00  0.9607906E-04
    1  0.1294355E+00  0.3841577E-01 -0.4970303E-02  0.8639298E+00  0.2564134E+00 -0.4334483E+00  0.9607957E-04
    1  0.1267083E+00  0.4662981E-01 -0.4970314E-02  0.8457270E+00  0.3112349E+00 -0.4334498E+00  0.9608004E-04
    1  0.1234603E+00  0.5465226E-01 -0.4970307E-02  0.8240467E+00  0.3647845E+00 -0.4334504E+00  0.9608011E-04
    1  0.1197051E+00  0.6245009E-01 -0.4970309E-02  0.7989841E+00  0.4168292E+00 -0.4334489E+00  0.9607886E-04
    1  0.1154580E+00  0.6999128E-01 -0.4970318E-02  0.7706390E+00  0.4671604E+00 -0.4334474E+00  0.9607939E-04
    1  0.1107364E+00  0.7724490E-01 -0.4970312E-02  0.7391191E+00  0.5155813E+00 -0.4334501E+00  0.9607992E-04
    1  0.1055598E+00  0.8418111E-01 -0.4970304E-02  0.7045677E+00  0.5618744E+00 -0.4334528E+00  0.9608019E-04
    1  0.9994937E-01  0.9077137E-01 -0.4970312E-02  0.6671209E+00  0.6058637E+00 -0.4334500E+00  0.9607933E-04
    1  0.9392829E-01  0.9698866E-01 -0.4970310E-02  0.6269373E+00  0.6473581E+00 -0.4334479E+00  0.9607974E-04
    1  0.8752124E-01  0.1028074E+00 -0.4970309E-02  0.5841720E+00  0.6861964E+00 -0.4334486E+00  0.9607960E-04
    1  0.8075450E-01  0.1082037E+00 -0.4970313E-02  0.5389947E+00  0.7222229E+00 -0.4334497E+00  0.9607977E-04
    1  0.7365592E-01  0.1131553E+00 -0.4970314E-02  0.4916280E+00  0.7552631E+00 -0.4334508E+00  0.9607975E-04
    1  0.6625472E-01  0.1176420E+00 -0.4970308E-02  0.4422254E+00  0.7852108E+00 -0.4334521E+00  0.9607994E-04
    1  0.5858125E-01  0.1216452E+00 -0.4970302E-02  0.3910044E+00  0.8119322E+00 -0.4334531E+00  0.9607947E-04
    1  0.5066703E-01  0.1251486E+00 -0.4970315E-02  0.3381804E+00  0.8353160E+00 -0.4334526E+00  0.9608039E-04
    1  0.4254466E-01  0.1281377E+00 -0.4970307E-02  0.2839706E+00  0.8552683E+00 -0.4334476E+00  0.9607863E-04
    1  0.3424745E-01  0.1306003E+00 -0.4970321E-02  0.2285860E+00  0.8717067E+00 -0.4334463E+00  0.9607989E-04
    1  0.2580948E-01  0.1325262E+00 -0.4970310E-02  0.1722737E+00  0.8845584E+00 -0.4334492E+00  0.9607958E-04
    1  0.1726548E-01  0.1339076E+00 -0.4970305E-02  0.1152380E+00  0.8937804E+00 -0.4334477E+00  0.9607953E-04
    1  0.8650514E-02  0.1347386E+00 -0.4970316E-02  0.5773373E-01  0.8993277E+00 -0.4334472E+00  0.9607954E-04
    1 -0.1746230E-09  0.1350160E+00 -0.4970299E-02  0.0000000E+00  0.9011784E+00 -0.4334485E+00  0.9607976E-04
    1 -0.8650513E-02  0.1347386E+00 -0.4970313E-02 -0.5773375E-01  0.8993277E+00 -0.4334472E+00  0.9607954E-04
    1 -0.1726548E-01  0.1339076E+00 -0.4970308E-02 -0.1152380E+00  0.8937804E+00 -0.4334477E+00  0.9607953E-04
    1 -0.2580948E-01  0.1325262E+00 -0.4970308E-02 -0.1722737E+00  0.8845584E+00 -0.4334492E+00  0.9607958E-04
    1 -0.3424744E-01  0.1306003E+00 -0.4970316E-02 -0.2285860E+00  0.8717067E+00 -0.4334463E+00  0.9607989E-04
    1 -0.4254466E-01  0.1281378E+00 -0.4970313E-02 -0.2839706E+00  0.8552683E+00 -0.4334477E+00  0.9607863E-04
    1 -0.5066704E-01  0.1251486E+00 -0.4970317E-02 -0.3381804E+00  0.8353160E+00 -0.4334526E+00  0.9608039E-04
    1 -0.5858124E-01  0.1216452E+00 -0.4970302E-02 -0.3910044E+00  0.8119322E+00 -0.4334531E+00  0.9607947E-04
    1 -0.6625472E-01  0.1176420E+00 -0.4970307E-02 -0.4422253E+00  0.7852108E+00 -0.4334521E+00  0.9607994E-04
    1 -0.7365592E-01  0.1131553E+00 -0.4970312E-02 -0.4916280E+00  0.7552631E+00 -0.4334508E+00  0.9607975E-04
    1 -0.8075450E-01  0.1082037E+00 -0.4970312E-02 -0.5389947E+00  0.7222229E+00 -0.4334497E+00  0.9607977E-04
    1 -0.8752124E-01  0.1028074E+00 -0.4970307E-02 -0.5841720E+00  0.6861964E+00 -0.4334485E+00  0.9607960E-04
    1 -0.9392829E-01  0.9698866E-01 -0.4970311E-02 -0.6269373E+00  0.6473581E+00 -0.4334479E+00  0.9607975E-04
    1 -0.9994937E-01  0.9077138E-01 -0.4970316E-02 -0.6671209E+00  0.6058637E+00 -0.4334500E+00  0.9607933E-04
    1 -0.1055598E+00  0.8418110E-01 -0.4970306E-02 -0.7045677E+00  0.5618744E+00 -0.4334528E+00  0.9608020E-04
    1 -0.1107364E+00  0.7724489E-01 -0.4970305E-02 -0.7391191E+00  0.5155813E+00 -0.4334501E+00  0.9607992E-04
    1 -0.1154580E+00  0.6999127E-01 -0.4970319E-02 -0.7706390E+00  0.4671604E+00 -0.4334474E+00  0.9607940E-04
    1 -0.1197051E+00  0.6245007E-01 -0.4970310E-02 -0.7989841E+00  0.4168292E+00 -0.4334489E+00  0.9607886E-04
    1 -0.1234603E+00  0.5465226E-01 -0.4970308E-02 -0.8240467E+00  0.3647845E+00 -0.4334504E+00  0.9608011E-04
    1 -0.1267083E+00  0.4662981E-01 -0.4970311E-02 -0.8457270E+00  0.3112349E+00 -0.4334498E+00  0.9608004E-04
    1 -0.1294356E+00  0.3841577E-01 -0.4970304E-02 -0.8639298E+00  0.2564134E+00 -0.4334483E+00  0.9607956E-04
    1 -0.1316309E+00  0.3004390E-01 -0.4970315E-02 -0.8785836E+00  0.2005271E+00 -0.4334510E+00  0.9607906E-04
    1 -0.1332853E+00  0.2154855E-01 -0.4970313E-02 -0.8896249E+00  0.1438271E+00 -0.4334528E+00  0.9608039E-04
    1 -0.1343921E+00  0.1296465E-01 -0.4970306E-02 -0.8970131E+00  0.8653287E-01 -0.4334506E+00  0.9607941E-04
    1 -0.1349466E+00  0.4327483E-02 -0.4970313E-02 -0.9007146E+00  0.2888656E-01 -0.4334499E+00  0.9607983E-04
    1  0.1296635E+00  0.4158061E-02 -0.1496289E-01  0.8654788E+00  0.2775458E-01 -0.5001761E+00  0.9607110E-04
    1  0.1291307E+00  0.1245709E-01 -0.1496290E-01  0.8619211E+00  0.8315307E-01 -0.5001776E+00  0.9607086E-04
    1  0.1280672E+00  0.2070492E-01 -0.1496288E-01  0.8548235E+00  0.1381988E+00 -0.5001778E+00  0.9607129E-04
    1  0.1264776E+00  0.2886769E-01 -0.1496290E-01  0.8442138E+00  0.1926804E+00 -0.5001772E+00  0.9607103E-04
    1  0.1243682E+00  0.3691182E-01 -0.1496289E-01  0.8301319E+00  0.2463811E+00 -0.5001773E+00  0.9607087E-04
    1  0.1217477E+00  0.4480425E-01 -0.1496287E-01  0.8126415E+00  0.2990612E+00 -0.5001761E+00  0.9607065E-04
    1  0.1186269E+00  0.5251260E-01 -0.1496290E-01  0.7918097E+00  0.3505142E+00 -0.5001772E+00  0.9607170E-04
    1  0.1150186E+00  0.6000517E-01 -0.1496290E-01  0.7677258E+00  0.4005223E+00 -0.5001789E+00  0.9607076E-04
    1  0.1109378E+00  0.6725115E-01 -0.1496288E-01  0.7404900E+00  0.4488820E+00 -0.5001794E+00  0.9607085E-04
    1  0.1064011E+00  0.7422076E-01 -0.1496289E-01  0.7102025E+00  0.4954138E+00 -0.5001777E+00  0.9607124E-04
    1  0.1014271E+00  0.8088541E-01 -0.1496289E-01  0.6770093E+00  0.5398924E+00 -0.5001745E+00  0.9607099E-04
    1  0.9603637E-01  0.8721769E-01 -0.1496289E-01  0.6410220E+00  0.5821639E+00 -0.5001759E+00  0.9607083E-04
    1  0.9025099E-01  0.9319158E-01 -0.1496289E-01  0.6024106E+00  0.6220314E+00 -0.5001785E+00  0.9607153E-04
    1  0.8409478E-01  0.9878254E-01 -0.1496289E-01  0.5613154E+00  0.6593525E+00 -0.5001792E+00  0.9607075E-04
    1  0.7759298E-01  0.1039675E+00 -0.1496288E-01  0.5179138E+00  0.6939662E+00 -0.5001763E+00  0.9607095E-04
    1  0.7077229E-01  0.1087253E+00 -0.1496290E-01  0.4723937E+00  0.7257206E+00 -0.5001738E+00  0.9607142E-04
    1  0.6366082E-01  0.1130363E+00 -0.1496289E-01  0.4249210E+00  0.7544960E+00 -0.5001779E+00  0.9607075E-04
    1  0.5628780E-01  0.1168828E+00 -0.1496289E-01  0.3757143E+00  0.7801679E+00 -0.5001767E+00  0.9607035E-04
    1  0.4868345E-01  0.1202490E+00 -0.1496289E-01  0.3249504E+00  0.8026412E+00 -0.5001744E+00  0.9607156E-04
    1  0.4087903E-01  0.1231211E+00 -0.1496290E-01  0.2728616E+00  0.8218073E+00 -0.5001793E+00  0.9607059E-04
    1  0.3290664E-01  0.1254873E+00 -0.1496288E-01  0.2196433E+00  0.8376021E+00 -0.5001795E+00  0.9607186E-04
    1  0.2479902E-01  0.1273378E+00 -0.1496288E-01  0.1655292E+00  0.8499532E+00 -0.5001795E+00  0.9607057E-04
    1  0.1658954E-01  0.1286651E+00 -0.1496289E-01  0.1107360E+00  0.8588118E+00 -0.5001798E+00  0.9607112E-04
    1  0.8311850E-02  0.1294636E+00 -0.1496289E-01  0.5547415E-01  0.8641446E+00 -0.5001767E+00  0.9607129E-04
    1  0.0000000E+00  0.1297301E+00 -0.1496290E-01  0.0000000E+00  0.8659238E+00 -0.5001759E+00  0.9607081E-04
    1 -0.8311849E-02  0.1294636E+00 -0.1496289E-01 -0.5547415E-01  0.8641446E+00 -0.5001767E+00  0.9607131E-04
    1 -0.1658954E-01  0.1286651E+00 -0.1496289E-01 -0.1107361E+00  0.8588118E+00 -0.5001798E+00  0.9607111E-04
    1 -0.2479902E-01  0.1273378E+00 -0.1496288E-01 -0.1655292E+00  0.8499534E+00 -0.5001795E+00  0.9607057E-04
    1 -0.3290664E-01  0.1254873E+00 -0.1496289E-01 -0.2196433E+00  0.8376021E+00 -0.5001795E+00  0.9607186E-04
    1 -0.4087903E-01  0.1231211E+00 -0.1496289E-01 -0.2728616E+00  0.8218073E+00 -0.5001793E+00  0.9607059E-04
    1 -0.4868344E-01  0.1202490E+00 -0.1496288E-01 -0.3249504E+00  0.8026412E+00 -0.5001744E+00  0.9607157E-04
    1 -0.5628781E-01  0.1168828E+00 -0.1496290E-01 -0.3757143E+00  0.7801679E+00 -0.5001767E+00  0.9607035E-04
    1 -0.6366082E-01  0.1130363E+00 -0.1496288E-01 -0.4249210E+00  0.7544960E+00 -0.5001779E+00  0.9607075E-04
    1 -0.7077229E-01  0.1087253E+00 -0.1496289E-01 -0.4723937E+00  0.7257206E+00 -0.5001737E+00  0.9607142E-04
    1 -0.7759298E-01  0.1039675E+00 -0.1496289E-01 -0.5179138E+00  0.6939662E+00 -0.5001763E+00  0.9607096E-04
    1 -0.8409478E-01  0.9878252E-01 -0.1496288E-01 -0.5613154E+00  0.6593525E+00 -0.5001792E+00  0.9607075E-04
    1 -0.9025100E-01  0.9319158E-01 -0.1496289E-01 -0.6024106E+00  0.6220313E+00 -0.5001785E+00  0.9607153E-04
    1 -0.9603636E-01  0.8721768E-01 -0.1496289E-01 -0.6410220E+00  0.5821639E+00 -0.5001759E+00  0.9607083E-04
    1 -0.1014271E+00  0.8088543E-01 -0.1496289E-01 -0.6770093E+00  0.5398924E+00 -0.5001745E+00  0.9607099E-04
    1 -0.1064011E+00  0.7422077E-01 -0.1496289E-01 -0.7102025E+00  0.4954138E+00 -0.5001777E+00  0.9607124E-04
    1 -0.1109378E+00  0.6725115E-01 -0.1496288E-01 -0.7404900E+00  0.4488820E+00 -0.5001795E+00  0.9607084E-04
    1 -0.1150186E+00  0.6000517E-01 -0.1496290E-01 -0.7677258E+00  0.4005224E+00 -0.5001790E+00  0.9607076E-04
    1 -0.1186269E+00  0.5251260E-01 -0.1496290E-01 -0.7918097E+00  0.3505142E+00 -0.5001772E+00  0.9607170E-04
    1 -0.1217477E+00  0.4480426E-01 -0.1496288E-01 -0.8126415E+00  0.2990612E+00 -0.5001761E+00  0.9607065E-04
    1 -0.1243681E+00  0.3691182E-01 -0.1496289E-01 -0.8301319E+00  0.2463811E+00 -0.5001773E+00  0.9607087E-04
    1 -0.1264776E+00  0.2886770E-01 -0.1496290E-01 -0.8442138E+00  0.1926804E+00 -0.5001772E+00  0.9607103E-04
    1 -0.1280672E+00  0.2070492E-01 -0.1496288E-01 -0.8548235E+00  0.1381988E+00 -0.5001779E+00  0.9607129E-04
    1 -0.1291307E+00  0.1245708E-01 -0.1496289E-01 -0.8619211E+00  0.8315308E-01 -0.5001776E+00  0.9607086E-04
    1 -0.1296635E+00  0.4158061E-02 -0.1496289E-01 -0.8654788E+00  0.2775458E-01 -0.5001761E+00  0.9607110E-04
    1  0.1233481E+00  0.3955528E-02 -0.2495352E-01  0.8233381E+00  0.2640509E-01 -0.5669366E+00  0.9606018E-04
    1  0.1228412E+00  0.1185034E-01 -0.2495351E-01  0.8199561E+00  0.7910121E-01 -0.5669346E+00  0.9606063E-04
    1  0.1218295E+00  0.1969646E-01 -0.2495351E-01  0.8132053E+00  0.1314707E+00 -0.5669326E+00  0.9605938E-04
    1  0.1203173E+00  0.2746162E-01 -0.2495351E-01  0.8031095E+00  0.1833017E+00 -0.5669352E+00  0.9606037E-04
    1  0.1183106E+00  0.3511398E-01 -0.2495352E-01  0.7897142E+00  0.2343829E+00 -0.5669358E+00  0.9606071E-04
    1  0.1158178E+00  0.4262200E-01 -0.2495352E-01  0.7730736E+00  0.2845010E+00 -0.5669360E+00  0.9605940E-04
    1  0.1128490E+00  0.4995489E-01 -0.2495351E-01  0.7532607E+00  0.3334444E+00 -0.5669330E+00  0.9606102E-04
    1  0.1094165E+00  0.5708255E-01 -0.2495352E-01  0.7303466E+00  0.3810279E+00 -0.5669319E+00  0.9605990E-04
    1  0.1055344E+00  0.6397558E-01 -0.2495352E-01  0.7044386E+00  0.4270270E+00 -0.5669340E+00  0.9605947E-04
    1  0.1012187E+00  0.7060575E-01 -0.2495352E-01  0.6756259E+00  0.4712915E+00 -0.5669339E+00  0.9606055E-04
    1  0.9648697E-01  0.7694581E-01 -0.2495351E-01  0.6440447E+00  0.5136054E+00 -0.5669356E+00  0.9606006E-04
    1  0.9135878E-01  0.8296963E-01 -0.2495351E-01  0.6098102E+00  0.5538192E+00 -0.5669354E+00  0.9606025E-04
    1  0.8585520E-01  0.8865257E-01 -0.2495351E-01  0.5730814E+00  0.5917465E+00 -0.5669336E+00  0.9606054E-04
    1  0.7999881E-01  0.9397119E-01 -0.2495352E-01  0.5339865E+00  0.6272519E+00 -0.5669334E+00  0.9605952E-04
    1  0.7381371E-01  0.9890364E-01 -0.2495352E-01  0.4927020E+00  0.6601752E+00 -0.5669333E+00  0.9606006E-04
    1  0.6732526E-01  0.1034297E+00 -0.2495351E-01  0.4493885E+00  0.6903874E+00 -0.5669349E+00  0.9606058E-04
    1  0.6056015E-01  0.1075307E+00 -0.2495352E-01  0.4042327E+00  0.7177615E+00 -0.5669342E+00  0.9605974E-04
    1  0.5354623E-01  0.1111899E+00 -0.2495353E-01  0.3574224E+00  0.7421821E+00 -0.5669348E+00  0.9606000E-04
    1  0.4631226E-01  0.1143921E+00 -0.2495351E-01  0.3091277E+00  0.7635596E+00 -0.5669363E+00  0.9606060E-04
    1  0.3888795E-01  0.1171243E+00 -0.2495352E-01  0.2595722E+00  0.7817972E+00 -0.5669349E+00  0.9606007E-04
    1  0.3130386E-01  0.1193752E+00 -0.2495351E-01  0.2089514E+00  0.7968204E+00 -0.5669361E+00  0.9606052E-04
    1  0.2359117E-01  0.1211356E+00 -0.2495352E-01  0.1574701E+00  0.8085715E+00 -0.5669350E+00  0.9605953E-04
    1  0.1578154E-01  0.1223983E+00 -0.2495351E-01  0.1053458E+00  0.8169992E+00 -0.5669343E+00  0.9606007E-04
    1  0.7907025E-02  0.1231579E+00 -0.2495352E-01  0.5277343E-01  0.8220694E+00 -0.5669363E+00  0.9606062E-04
    1  0.5820766E-10  0.1234114E+00 -0.2495352E-01  0.0000000E+00  0.8237613E+00 -0.5669369E+00  0.9606059E-04
    1 -0.7907024E-02  0.1231579E+00 -0.2495352E-01 -0.5277347E-01  0.8220694E+00 -0.5669363E+00  0.9606061E-04
    1 -0.1578154E-01  0.1223983E+00 -0.2495351E-01 -0.1053458E+00  0.8169992E+00 -0.5669343E+00  0.9606007E-04
    1 -0.2359117E-01  0.1211356E+00 -0.2495353E-01 -0.1574701E+00  0.8085715E+00 -0.5669350E+00  0.9605953E-04
    1 -0.3130387E-01  0.1193752E+00 -0.2495351E-01 -0.2089513E+00  0.7968204E+00 -0.5669361E+00  0.9606052E-04
    1 -0.3888796E-01  0.1171243E+00 -0.2495351E-01 -0.2595722E+00  0.7817972E+00 -0.5669349E+00  0.9606007E-04
    1 -0.4631227E-01  0.1143922E+00 -0.2495351E-01 -0.3091277E+00  0.7635597E+00 -0.5669363E+00  0.9606060E-04
    1 -0.5354622E-01  0.1111899E+00 -0.2495352E-01 -0.3574223E+00  0.7421821E+00 -0.5669348E+00  0.9606000E-04
    1 -0.6056016E-01  0.1075307E+00 -0.2495353E-01 -0.4042327E+00  0.7177615E+00 -0.5669342E+00  0.9605974E-04
    1 -0.6732525E-01  0.1034297E+00 -0.2495350E-01 -0.4493885E+00  0.6903874E+00 -0.5669349E+00  0.9606058E-04
    1 -0.7381371E-01  0.9890364E-01 -0.2495352E-01 -0.4927020E+00  0.6601752E+00 -0.5669332E+00  0.9606006E-04
    1 -0.7999881E-01  0.9397118E-01 -0.2495352E-01 -0.5339865E+00  0.6272519E+00 -0.5669334E+00  0.9605952E-04
    1 -0.8585520E-01  0.8865256E-01 -0.2495351E-01 -0.5730814E+00  0.5917466E+00 -0.5669336E+00  0.9606054E-04
    1 -0.9135879E-01  0.8296964E-01 -0.2495352E-01 -0.6098102E+00  0.5538192E+00 -0.5669354E+00  0.9606024E-04
    1 -0.9648696E-01  0.7694580E-01 -0.2495351E-01 -0.6440446E+00  0.5136054E+00 -0.5669356E+00  0.9606006E-04
    1 -0.1012187E+00  0.7060575E-01 -0.2495352E-01 -0.6756259E+00  0.4712915E+00 -0.5669339E+00  0.9606057E-04
    1 -0.1055344E+00  0.6397559E-01 -0.2495353E-01 -0.7044386E+00  0.4270271E+00 -0.5669340E+00  0.9605946E-04
    1 -0.1094165E+00  0.5708255E-01 -0.2495351E-01 -0.7303466E+00  0.3810279E+00 -0.5669319E+00  0.9605990E-04
    1 -0.1128490E+00  0.4995491E-01 -0.2495352E-01 -0.7532607E+00  0.3334444E+00 -0.5669331E+00  0.9606102E-04
    1 -0.1158178E+00  0.4262200E-01 -0.2495352E-01 -0.7730737E+00  0.2845009E+00 -0.5669359E+00  0.9605940E-04
    1 -0.1183106E+00  0.3511398E-01 -0.2495352E-01 -0.7897142E+00  0.2343829E+00 -0.5669358E+00  0.9606071E-04
    1 -0.1203173E+00  0.2746162E-01 -0.2495351E-01 -0.8031095E+00  0.1833017E+00 -0.5669352E+00  0.9606038E-04
    1 -0.1218295E+00  0.1969646E-01 -0.2495351E-01 -0.8132053E+00  0.1314707E+00 -0.5669326E+00  0.9605939E-04
    1 -0.1228412E+00  0.1185034E-01 -0.2495353E-01 -0.8199561E+00  0.7910122E-01 -0.5669347E+00  0.9606062E-04
    1 -0.1233481E+00  0.3955527E-02 -0.2495351E-01 -0.8233381E+00  0.2640509E-01 -0.5669367E+00  0.9606018E-04
    1  0.1158309E+00  0.3714470E-02 -0.3494107E-01  0.7731602E+00  0.2479521E-01 -0.6337259E+00  0.9604542E-04
    1  0.1153549E+00  0.1112816E-01 -0.3494106E-01  0.7699835E+00  0.7427732E-01 -0.6337258E+00  0.9604557E-04
    1  0.1144049E+00  0.1849611E-01 -0.3494108E-01  0.7636395E+00  0.1234626E+00 -0.6337285E+00  0.9604533E-04
    1  0.1129848E+00  0.2578802E-01 -0.3494105E-01  0.7541625E+00  0.1721280E+00 -0.6337277E+00  0.9604493E-04
    1  0.1111005E+00  0.3297401E-01 -0.3494107E-01  0.7415852E+00  0.2200969E+00 -0.6337260E+00  0.9604629E-04
    1  0.1087595E+00  0.4002450E-01 -0.3494107E-01  0.7259558E+00  0.2671660E+00 -0.6337275E+00  0.9604509E-04
    1  0.1059717E+00  0.4691052E-01 -0.3494106E-01  0.7073522E+00  0.3131148E+00 -0.6337287E+00  0.9604621E-04
    1  0.1027484E+00  0.5360378E-01 -0.3494107E-01  0.6858323E+00  0.3578050E+00 -0.6337269E+00  0.9604536E-04
    1  0.9910285E-01  0.6007675E-01 -0.3494107E-01  0.6615041E+00  0.4010028E+00 -0.6337263E+00  0.9604549E-04
    1  0.9505013E-01  0.6630288E-01 -0.3494105E-01  0.6344493E+00  0.4425662E+00 -0.6337265E+00  0.9604551E-04
    1  0.9060676E-01  0.7225651E-01 -0.3494108E-01  0.6047872E+00  0.4823086E+00 -0.6337277E+00  0.9604535E-04
    1  0.8579112E-01  0.7791324E-01 -0.3494106E-01  0.5726492E+00  0.5200596E+00 -0.6337277E+00  0.9604574E-04
    1  0.8062294E-01  0.8324984E-01 -0.3494106E-01  0.5381502E+00  0.5556833E+00 -0.6337274E+00  0.9604565E-04
    1  0.7512348E-01  0.8824432E-01 -0.3494106E-01  0.5014411E+00  0.5890200E+00 -0.6337289E+00  0.9604517E-04
    1  0.6931530E-01  0.9287619E-01 -0.3494107E-01  0.4626742E+00  0.6199372E+00 -0.6337275E+00  0.9604603E-04
    1  0.6322229E-01  0.9712641E-01 -0.3494106E-01  0.4220006E+00  0.6483119E+00 -0.6337250E+00  0.9604483E-04
    1  0.5686950E-01  0.1009775E+00 -0.3494107E-01  0.3795975E+00  0.6740164E+00 -0.6337252E+00  0.9604511E-04
    1  0.5028297E-01  0.1044136E+00 -0.3494108E-01  0.3356304E+00  0.6969511E+00 -0.6337281E+00  0.9604619E-04
    1  0.4348984E-01  0.1074208E+00 -0.3494106E-01  0.2902950E+00  0.7170208E+00 -0.6337271E+00  0.9604535E-04
    1  0.3651804E-01  0.1099865E+00 -0.3494106E-01  0.2437508E+00  0.7341511E+00 -0.6337253E+00  0.9604493E-04
    1  0.2939615E-01  0.1121002E+00 -0.3494107E-01  0.1962191E+00  0.7482590E+00 -0.6337245E+00  0.9604561E-04
    1  0.2215345E-01  0.1137533E+00 -0.3494107E-01  0.1478733E+00  0.7592936E+00 -0.6337245E+00  0.9604520E-04
    1  0.1481975E-01  0.1149390E+00 -0.3494107E-01  0.9892190E-01  0.7672061E+00 -0.6337265E+00  0.9604525E-04
    1  0.7425145E-02  0.1156523E+00 -0.3494105E-01  0.4955985E-01  0.7719691E+00 -0.6337250E+00  0.9604529E-04
    1  0.0000000E+00  0.1158904E+00 -0.3494107E-01  0.0000000E+00  0.7735597E+00 -0.6337234E+00  0.9604559E-04
    1 -0.7425146E-02  0.1156523E+00 -0.3494106E-01 -0.4955985E-01  0.7719691E+00 -0.6337250E+00  0.9604528E-04
    1 -0.1481975E-01  0.1149390E+00 -0.3494107E-01 -0.9892190E-01  0.7672061E+00 -0.6337265E+00  0.9604525E-04
    1 -0.2215345E-01  0.1137533E+00 -0.3494106E-01 -0.1478733E+00  0.7592936E+00 -0.6337245E+00  0.9604520E-04
    1 -0.2939615E-01  0.1121002E+00 -0.3494108E-01 -0.1962191E+00  0.7482590E+00 -0.6337243E+00  0.9604561E-04
    1 -0.3651804E-01  0.1099865E+00 -0.3494105E-01 -0.2437508E+00  0.7341511E+00 -0.6337253E+00  0.9604494E-04
    1 -0.4348985E-01  0.1074208E+00 -0.3494107E-01 -0.2902950E+00  0.7170208E+00 -0.6337271E+00  0.9604535E-04
    1 -0.5028297E-01  0.1044136E+00 -0.3494107E-01 -0.3356304E+00  0.6969511E+00 -0.6337281E+00  0.9604618E-04
    1 -0.5686949E-01  0.1009775E+00 -0.3494106E-01 -0.3795975E+00  0.6740164E+00 -0.6337252E+00  0.9604511E-04
    1 -0.6322230E-01  0.9712642E-01 -0.3494107E-01 -0.4220006E+00  0.6483119E+00 -0.6337250E+00  0.9604482E-04
    1 -0.6931531E-01  0.9287620E-01 -0.3494107E-01 -0.4626742E+00  0.6199372E+00 -0.6337275E+00  0.9604603E-04
    1 -0.7512347E-01  0.8824432E-01 -0.3494106E-01 -0.5014411E+00  0.5890200E+00 -0.6337289E+00  0.9604517E-04
    1 -0.8062294E-01  0.8324984E-01 -0.3494106E-01 -0.5381502E+00  0.5556833E+00 -0.6337274E+00  0.9604565E-04
    1 -0.8579112E-01  0.7791324E-01 -0.3494107E-01 -0.5726492E+00  0.5200596E+00 -0.6337277E+00  0.9604574E-04
    1 -0.9060676E-01  0.7225649E-01 -0.3494107E-01 -0.6047872E+00  0.4823086E+00 -0.6337277E+00  0.9604535E-04
    1 -0.9505014E-01  0.6630288E-01 -0.3494105E-01 -0.6344493E+00  0.4425662E+00 -0.6337265E+00  0.9604551E-04
    1 -0.9910285E-01  0.6007675E-01 -0.3494107E-01 -0.6615041E+00  0.4010028E+00 -0.6337263E+00  0.9604549E-04
    1 -0.1027484E+00  0.5360379E-01 -0.3494107E-01 -0.6858323E+00  0.3578049E+00 -0.6337269E+00  0.9604536E-04
    1 -0.1059717E+00  0.4691052E-01 -0.3494106E-01 -0.7073522E+00  0.3131148E+00 -0.6337287E+00  0.9604621E-04
    1 -0.1087595E+00  0.4002450E-01 -0.3494107E-01 -0.7259558E+00  0.2671660E+00 -0.6337274E+00  0.9604508E-04
    1 -0.1111005E+00  0.3297401E-01 -0.3494107E-01 -0.7415853E+00  0.2200970E+00 -0.6337261E+00  0.9604628E-04
    1 -0.1129848E+00  0.2578802E-01 -0.3494106E-01 -0.7541626E+00  0.1721279E+00 -0.6337277E+00  0.9604493E-04
    1 -0.1144049E+00  0.1849611E-01 -0.3494108E-01 -0.7636394E+00  0.1234626E+00 -0.6337284E+00  0.9604534E-04
    1 -0.1153549E+00  0.1112816E-01 -0.3494105E-01 -0.7699835E+00  0.7427731E-01 -0.6337257E+00  0.9604557E-04
    1 -0.1158309E+00  0.3714470E-02 -0.3494107E-01 -0.7731602E+00  0.2479521E-01 -0.6337259E+00  0.9604543E-04
    1  0.1068573E+00  0.3426710E-02 -0.4492342E-01  0.7132060E+00  0.2286876E-01 -0.7005813E+00  0.9602557E-04
    1  0.1064181E+00  0.1026605E-01 -0.4492343E-01  0.7102738E+00  0.6852355E-01 -0.7005823E+00  0.9602566E-04
    1  0.1055417E+00  0.1706317E-01 -0.4492340E-01  0.7044255E+00  0.1138869E+00 -0.7005816E+00  0.9602508E-04
    1  0.1042316E+00  0.2379018E-01 -0.4492344E-01  0.6956821E+00  0.1587815E+00 -0.7005818E+00  0.9602519E-04
    1  0.1024933E+00  0.3041947E-01 -0.4492341E-01  0.6840784E+00  0.2030278E+00 -0.7005829E+00  0.9602631E-04
    1  0.1003337E+00  0.3692374E-01 -0.4492342E-01  0.6696621E+00  0.2464507E+00 -0.7005817E+00  0.9602529E-04
    1  0.9776184E-01  0.4327627E-01 -0.4492341E-01  0.6525024E+00  0.2888360E+00 -0.7005814E+00  0.9602495E-04
    1  0.9478825E-01  0.4945097E-01 -0.4492343E-01  0.6326509E+00  0.3300563E+00 -0.7005824E+00  0.9602614E-04
    1  0.9142518E-01  0.5542251E-01 -0.4492341E-01  0.6102082E+00  0.3699072E+00 -0.7005817E+00  0.9602543E-04
    1  0.8768642E-01  0.6116625E-01 -0.4492342E-01  0.5852501E+00  0.4082485E+00 -0.7005821E+00  0.9602479E-04
    1  0.8358730E-01  0.6665862E-01 -0.4492342E-01  0.5578926E+00  0.4449074E+00 -0.7005807E+00  0.9602567E-04
    1  0.7914475E-01  0.7187715E-01 -0.4492342E-01  0.5282466E+00  0.4797333E+00 -0.7005793E+00  0.9602524E-04
    1  0.7437694E-01  0.7680029E-01 -0.4492342E-01  0.4964152E+00  0.5125985E+00 -0.7005818E+00  0.9602544E-04
    1  0.6930348E-01  0.8140782E-01 -0.4492343E-01  0.4625590E+00  0.5433444E+00 -0.7005826E+00  0.9602567E-04
    1  0.6394530E-01  0.8568089E-01 -0.4492341E-01  0.4267975E+00  0.5718635E+00 -0.7005827E+00  0.9602561E-04
    1  0.5832434E-01  0.8960184E-01 -0.4492342E-01  0.3892776E+00  0.5980352E+00 -0.7005832E+00  0.9602529E-04
    1  0.5246369E-01  0.9315456E-01 -0.4492342E-01  0.3501560E+00  0.6217501E+00 -0.7005836E+00  0.9602573E-04
    1  0.4638746E-01  0.9632452E-01 -0.4492340E-01  0.3096098E+00  0.6429060E+00 -0.7005810E+00  0.9602572E-04
    1  0.4012061E-01  0.9909870E-01 -0.4492342E-01  0.2677845E+00  0.6614218E+00 -0.7005802E+00  0.9602500E-04
    1  0.3368891E-01  0.1014656E+00 -0.4492343E-01  0.2248464E+00  0.6772207E+00 -0.7005827E+00  0.9602557E-04
    1  0.2711878E-01  0.1034156E+00 -0.4492341E-01  0.1810037E+00  0.6902319E+00 -0.7005838E+00  0.9602572E-04
    1  0.2043720E-01  0.1049406E+00 -0.4492341E-01  0.1364061E+00  0.7004116E+00 -0.7005833E+00  0.9602569E-04
    1  0.1367164E-01  0.1060344E+00 -0.4492342E-01  0.9125163E-01  0.7077137E+00 -0.7005816E+00  0.9602544E-04
    1  0.6849890E-02  0.1066925E+00 -0.4492343E-01  0.4571722E-01  0.7121056E+00 -0.7005823E+00  0.9602580E-04
    1  0.5820766E-10  0.1069122E+00 -0.4492340E-01  0.0000000E+00  0.7135707E+00 -0.7005832E+00  0.9602554E-04
    1 -0.6849890E-02  0.1066925E+00 -0.4492342E-01 -0.4571722E-01  0.7121056E+00 -0.7005823E+00  0.9602580E-04
    1 -0.1367164E-01  0.1060345E+00 -0.4492342E-01 -0.9125166E-01  0.7077137E+00 -0.7005816E+00  0.9602544E-04
    1 -0.2043720E-01  0.1049406E+00 -0.4492342E-01 -0.1364061E+00  0.7004116E+00 -0.7005833E+00  0.9602569E-04
    1 -0.2711878E-01  0.1034156E+00 -0.4492340E-01 -0.1810037E+00  0.6902319E+00 -0.7005838E+00  0.9602572E-04
    1 -0.3368891E-01  0.1014656E+00 -0.4492343E-01 -0.2248464E+00  0.6772207E+00 -0.7005827E+00  0.9602557E-04
    1 -0.4012061E-01  0.9909870E-01 -0.4492342E-01 -0.2677845E+00  0.6614218E+00 -0.7005802E+00  0.9602500E-04
    1 -0.4638746E-01  0.9632453E-01 -0.4492342E-01 -0.3096098E+00  0.6429060E+00 -0.7005810E+00  0.9602572E-04
    1 -0.5246369E-01  0.9315455E-01 -0.4492342E-01 -0.3501560E+00  0.6217501E+00 -0.7005836E+00  0.9602573E-04
    1 -0.5832434E-01  0.8960184E-01 -0.4492342E-01 -0.3892777E+00  0.5980352E+00 -0.7005832E+00  0.9602529E-04
    1 -0.6394531E-01  0.8568090E-01 -0.4492341E-01 -0.4267975E+00  0.5718635E+00 -0.7005827E+00  0.9602561E-04
    1 -0.6930348E-01  0.8140782E-01 -0.4492343E-01 -0.4625590E+00  0.5433444E+00 -0.7005826E+00  0.9602567E-04
    1 -0.7437693E-01  0.7680029E-01 -0.4492342E-01 -0.4964151E+00  0.5125985E+00 -0.7005818E+00  0.9602544E-04
    1 -0.7914474E-01  0.7187716E-01 -0.4492342E-01 -0.5282466E+00  0.4797333E+00 -0.7005793E+00  0.9602524E-04
    1 -0.8358732E-01  0.6665863E-01 -0.4492343E-01 -0.5578926E+00  0.4449074E+00 -0.7005807E+00  0.9602567E-04
    1 -0.8768642E-01  0.6116624E-01 -0.4492342E-01 -0.5852501E+00  0.4082485E+00 -0.7005821E+00  0.9602479E-04
    1 -0.9142518E-01  0.5542251E-01 -0.4492342E-01 -0.6102081E+00  0.3699072E+00 -0.7005817E+00  0.9602543E-04
    1 -0.9478824E-01  0.4945097E-01 -0.4492343E-01 -0.6326509E+00  0.3300563E+00 -0.7005823E+00  0.9602614E-04
    1 -0.9776184E-01  0.4327627E-01 -0.4492341E-01 -0.6525024E+00  0.2888360E+00 -0.7005814E+00  0.9602495E-04
    1 -0.1003337E+00  0.3692374E-01 -0.4492342E-01 -0.6696621E+00  0.2464507E+00 -0.7005817E+00  0.9602530E-04
    1 -0.1024933E+00  0.3041947E-01 -0.4492342E-01 -0.6840784E+00  0.2030278E+00 -0.7005829E+00  0.9602631E-04
    1 -0.1042316E+00  0.2379018E-01 -0.4492343E-01 -0.6956822E+00  0.1587815E+00 -0.7005817E+00  0.9602519E-04
    1 -0.1055417E+00  0.1706318E-01 -0.4492341E-01 -0.7044255E+00  0.1138869E+00 -0.7005816E+00  0.9602508E-04
    1 -0.1064181E+00  0.1026605E-01 -0.4492342E-01 -0.7102738E+00  0.6852355E-01 -0.7005823E+00  0.9602566E-04
    1 -0.1068573E+00  0.3426710E-02 -0.4492342E-01 -0.7132060E+00  0.2286876E-01 -0.7005813E+00  0.9602557E-04
    1  0.9601608E-01  0.3079042E-02 -0.5489600E-01  0.6406664E+00  0.2054286E-01 -0.7675444E+00  0.9599533E-04
    1  0.9562153E-01  0.9224484E-02 -0.5489598E-01  0.6380338E+00  0.6155505E-01 -0.7675441E+00  0.9599568E-04
    1  0.9483400E-01  0.1533202E-01 -0.5489602E-01  0.6327797E+00  0.1023017E+00 -0.7675443E+00  0.9599546E-04
    1  0.9365685E-01  0.2137657E-01 -0.5489599E-01  0.6249238E+00  0.1426365E+00 -0.7675448E+00  0.9599567E-04
    1  0.9209482E-01  0.2733326E-01 -0.5489599E-01  0.6145018E+00  0.1823782E+00 -0.7675453E+00  0.9599567E-04
    1  0.9015435E-01  0.3317764E-01 -0.5489599E-01  0.6015528E+00  0.2213798E+00 -0.7675449E+00  0.9599569E-04
    1  0.8784343E-01  0.3888566E-01 -0.5489600E-01  0.5861358E+00  0.2594615E+00 -0.7675446E+00  0.9599481E-04
    1  0.8517155E-01  0.4443393E-01 -0.5489599E-01  0.5683070E+00  0.2964847E+00 -0.7675442E+00  0.9599655E-04
    1  0.8214965E-01  0.4979961E-01 -0.5489600E-01  0.5481418E+00  0.3322877E+00 -0.7675450E+00  0.9599517E-04
    1  0.7879019E-01  0.5496060E-01 -0.5489600E-01  0.5257236E+00  0.3667257E+00 -0.7675461E+00  0.9599532E-04
    1  0.7510696E-01  0.5989580E-01 -0.5489600E-01  0.5011531E+00  0.3996496E+00 -0.7675453E+00  0.9599661E-04
    1  0.7111514E-01  0.6458490E-01 -0.5489599E-01  0.4745120E+00  0.4309424E+00 -0.7675461E+00  0.9599539E-04
    1  0.6683105E-01  0.6900851E-01 -0.5489598E-01  0.4459276E+00  0.4604598E+00 -0.7675450E+00  0.9599533E-04
    1  0.6227233E-01  0.7314862E-01 -0.5489599E-01  0.4155130E+00  0.4880835E+00 -0.7675437E+00  0.9599586E-04
    1  0.5745773E-01  0.7698813E-01 -0.5489600E-01  0.3833877E+00  0.5137015E+00 -0.7675445E+00  0.9599543E-04
    1  0.5240703E-01  0.8051129E-01 -0.5489600E-01  0.3496870E+00  0.5372103E+00 -0.7675442E+00  0.9599589E-04
    1  0.4714100E-01  0.8370361E-01 -0.5489597E-01  0.3145435E+00  0.5585157E+00 -0.7675433E+00  0.9599462E-04
    1  0.4168123E-01  0.8655193E-01 -0.5489601E-01  0.2781215E+00  0.5775151E+00 -0.7675446E+00  0.9599573E-04
    1  0.3605019E-01  0.8904466E-01 -0.5489600E-01  0.2405459E+00  0.5941480E+00 -0.7675453E+00  0.9599628E-04
    1  0.3027100E-01  0.9117146E-01 -0.5489597E-01  0.2019787E+00  0.6083430E+00 -0.7675437E+00  0.9599516E-04
    1  0.2436744E-01  0.9292357E-01 -0.5489600E-01  0.1625919E+00  0.6200330E+00 -0.7675434E+00  0.9599488E-04
    1  0.1836376E-01  0.9429389E-01 -0.5489600E-01  0.1225372E+00  0.6291752E+00 -0.7675437E+00  0.9599549E-04
    1  0.1228460E-01  0.9527676E-01 -0.5489599E-01  0.8196723E-01  0.6357331E+00 -0.7675447E+00  0.9599547E-04
    1  0.6154932E-02  0.9586806E-01 -0.5489599E-01  0.4106965E-01  0.6396785E+00 -0.7675446E+00  0.9599663E-04
    1  0.5820766E-10  0.9606545E-01 -0.5489599E-01  0.0000000E+00  0.6409973E+00 -0.7675431E+00  0.9599415E-04
    1 -0.6154933E-02  0.9586807E-01 -0.5489600E-01 -0.4106966E-01  0.6396786E+00 -0.7675446E+00  0.9599663E-04
    1 -0.1228460E-01  0.9527674E-01 -0.5489598E-01 -0.8196719E-01  0.6357330E+00 -0.7675447E+00  0.9599548E-04
    1 -0.1836376E-01  0.9429388E-01 -0.5489600E-01 -0.1225372E+00  0.6291752E+00 -0.7675437E+00  0.9599549E-04
    1 -0.2436744E-01  0.9292357E-01 -0.5489600E-01 -0.1625919E+00  0.6200330E+00 -0.7675434E+00  0.9599488E-04
    1 -0.3027100E-01  0.9117147E-01 -0.5489598E-01 -0.2019787E+00  0.6083430E+00 -0.7675436E+00  0.9599515E-04
    1 -0.3605019E-01  0.8904466E-01 -0.5489601E-01 -0.2405458E+00  0.5941480E+00 -0.7675453E+00  0.9599628E-04
    1 -0.4168123E-01  0.8655192E-01 -0.5489600E-01 -0.2781215E+00  0.5775151E+00 -0.7675446E+00  0.9599572E-04
    1 -0.4714100E-01  0.8370361E-01 -0.5489597E-01 -0.3145435E+00  0.5585156E+00 -0.7675433E+00  0.9599462E-04
    1 -0.5240704E-01  0.8051129E-01 -0.5489601E-01 -0.3496870E+00  0.5372103E+00 -0.7675442E+00  0.9599589E-04
    1 -0.5745773E-01  0.7698812E-01 -0.5489600E-01 -0.3833877E+00  0.5137015E+00 -0.7675445E+00  0.9599543E-04
    1 -0.6227234E-01  0.7314862E-01 -0.5489598E-01 -0.4155130E+00  0.4880835E+00 -0.7675437E+00  0.9599585E-04
    1 -0.6683106E-01  0.6900853E-01 -0.5489600E-01 -0.4459276E+00  0.4604598E+00 -0.7675450E+00  0.9599533E-04
    1 -0.7111512E-01  0.6458489E-01 -0.5489599E-01 -0.4745121E+00  0.4309424E+00 -0.7675461E+00  0.9599539E-04
    1 -0.7510697E-01  0.5989580E-01 -0.5489600E-01 -0.5011531E+00  0.3996496E+00 -0.7675453E+00  0.9599661E-04
    1 -0.7879019E-01  0.5496060E-01 -0.5489600E-01 -0.5257236E+00  0.3667257E+00 -0.7675461E+00  0.9599532E-04
    1 -0.8214965E-01  0.4979961E-01 -0.5489599E-01 -0.5481418E+00  0.3322877E+00 -0.7675451E+00  0.9599517E-04
    1 -0.8517157E-01  0.4443394E-01 -0.5489600E-01 -0.5683069E+00  0.2964847E+00 -0.7675442E+00  0.9599654E-04
    1 -0.8784342E-01  0.3888566E-01 -0.5489600E-01 -0.5861358E+00  0.2594615E+00 -0.7675446E+00  0.9599482E-04
    1 -0.9015436E-01  0.3317764E-01 -0.5489600E-01 -0.6015528E+00  0.2213798E+00 -0.7675449E+00  0.9599568E-04
    1 -0.9209482E-01  0.2733326E-01 -0.5489598E-01 -0.6145018E+00  0.1823783E+00 -0.7675453E+00  0.9599567E-04
    1 -0.9365685E-01  0.2137657E-01 -0.5489598E-01 -0.6249238E+00  0.1426365E+00 -0.7675448E+00  0.9599568E-04
    1 -0.9483400E-01  0.1533202E-01 -0.5489602E-01 -0.6327797E+00  0.1023017E+00 -0.7675443E+00  0.9599546E-04
    1 -0.9562154E-01  0.9224484E-02 -0.5489598E-01 -0.6380338E+00  0.6155505E-01 -0.7675441E+00  0.9599568E-04
    1 -0.9601608E-01  0.3079042E-02 -0.5489599E-01 -0.6406664E+00  0.2054287E-01 -0.7675444E+00  0.9599533E-04
    1  0.8256425E-01  0.2647675E-02 -0.6484665E-01  0.5503677E+00  0.1764600E-01 -0.8347360E+00  0.9594406E-04
    1  0.8222499E-01  0.7932144E-02 -0.6484665E-01  0.5481073E+00  0.5287462E-01 -0.8347351E+00  0.9594383E-04
    1  0.8154788E-01  0.1318403E-01 -0.6484663E-01  0.5435942E+00  0.8788486E-01 -0.8347344E+00  0.9594383E-04
    1  0.8053556E-01  0.1838173E-01 -0.6484666E-01  0.5368455E+00  0.1225352E+00 -0.8347346E+00  0.9594380E-04
    1  0.7919237E-01  0.2350388E-01 -0.6484663E-01  0.5278915E+00  0.1566766E+00 -0.8347353E+00  0.9594305E-04
    1  0.7752377E-01  0.2852944E-01 -0.6484664E-01  0.5167698E+00  0.1901732E+00 -0.8347353E+00  0.9594407E-04
    1  0.7553659E-01  0.3343780E-01 -0.6484665E-01  0.5035223E+00  0.2228951E+00 -0.8347353E+00  0.9594412E-04
    1  0.7323906E-01  0.3820877E-01 -0.6484663E-01  0.4882070E+00  0.2546954E+00 -0.8347360E+00  0.9594399E-04
    1  0.7064052E-01  0.4282268E-01 -0.6484664E-01  0.4708852E+00  0.2854542E+00 -0.8347353E+00  0.9594378E-04
    1  0.6775172E-01  0.4726065E-01 -0.6484665E-01  0.4516295E+00  0.3150386E+00 -0.8347344E+00  0.9594369E-04
    1  0.6458452E-01  0.5150446E-01 -0.6484663E-01  0.4305194E+00  0.3433233E+00 -0.8347348E+00  0.9594463E-04
    1  0.6115189E-01  0.5553657E-01 -0.6484665E-01  0.4076313E+00  0.3702081E+00 -0.8347352E+00  0.9594332E-04
    1  0.5746803E-01  0.5934045E-01 -0.6484663E-01  0.3830810E+00  0.3955574E+00 -0.8347355E+00  0.9594312E-04
    1  0.5354802E-01  0.6290051E-01 -0.6484665E-01  0.3569477E+00  0.4192910E+00 -0.8347355E+00  0.9594412E-04
    1  0.4940795E-01  0.6620213E-01 -0.6484664E-01  0.3293528E+00  0.4412980E+00 -0.8347352E+00  0.9594423E-04
    1  0.4506483E-01  0.6923172E-01 -0.6484664E-01  0.3003972E+00  0.4614951E+00 -0.8347358E+00  0.9594469E-04
    1  0.4053655E-01  0.7197675E-01 -0.6484665E-01  0.2702135E+00  0.4797920E+00 -0.8347361E+00  0.9594267E-04
    1  0.3584172E-01  0.7442605E-01 -0.6484663E-01  0.2389191E+00  0.4961201E+00 -0.8347350E+00  0.9594452E-04
    1  0.3099958E-01  0.7656957E-01 -0.6484662E-01  0.2066419E+00  0.5104076E+00 -0.8347354E+00  0.9594392E-04
    1  0.2603005E-01  0.7839833E-01 -0.6484666E-01  0.1735129E+00  0.5225983E+00 -0.8347361E+00  0.9594369E-04
    1  0.2095356E-01  0.7990500E-01 -0.6484665E-01  0.1396744E+00  0.5326415E+00 -0.8347359E+00  0.9594446E-04
    1  0.1579100E-01  0.8108338E-01 -0.6484662E-01  0.1052653E+00  0.5404951E+00 -0.8347360E+00  0.9594353E-04
    1  0.1056353E-01  0.8192849E-01 -0.6484665E-01  0.7041599E-01  0.5461305E+00 -0.8347353E+00  0.9594412E-04
    1  0.5292619E-02  0.8243701E-01 -0.6484663E-01  0.3528105E-01  0.5495203E+00 -0.8347351E+00  0.9594461E-04
    1  0.0000000E+00  0.8260673E-01 -0.6484665E-01  0.0000000E+00  0.5506502E+00 -0.8347361E+00  0.9594295E-04
    1 -0.5292619E-02  0.8243702E-01 -0.6484663E-01 -0.3528098E-01  0.5495202E+00 -0.8347351E+00  0.9594460E-04
    1 -0.1056353E-01  0.8192849E-01 -0.6484666E-01 -0.7041606E-01  0.5461305E+00 -0.8347352E+00  0.9594412E-04
    1 -0.1579100E-01  0.8108339E-01 -0.6484663E-01 -0.1052653E+00  0.5404951E+00 -0.8347360E+00  0.9594353E-04
    1 -0.2095357E-01  0.7990500E-01 -0.6484665E-01 -0.1396744E+00  0.5326415E+00 -0.8347359E+00  0.9594446E-04
    1 -0.2603005E-01  0.7839833E-01 -0.6484666E-01 -0.1735129E+00  0.5225983E+00 -0.8347361E+00  0.9594369E-04
    1 -0.3099957E-01  0.7656957E-01 -0.6484661E-01 -0.2066419E+00  0.5104076E+00 -0.8347354E+00  0.9594392E-04
    1 -0.3584172E-01  0.7442605E-01 -0.6484664E-01 -0.2389191E+00  0.4961201E+00 -0.8347350E+00  0.9594452E-04
    1 -0.4053655E-01  0.7197675E-01 -0.6484665E-01 -0.2702135E+00  0.4797920E+00 -0.8347361E+00  0.9594268E-04
    1 -0.4506482E-01  0.6923172E-01 -0.6484663E-01 -0.3003972E+00  0.4614951E+00 -0.8347358E+00  0.9594471E-04
    1 -0.4940795E-01  0.6620213E-01 -0.6484664E-01 -0.3293528E+00  0.4412980E+00 -0.8347352E+00  0.9594423E-04
    1 -0.5354802E-01  0.6290051E-01 -0.6484665E-01 -0.3569477E+00  0.4192910E+00 -0.8347355E+00  0.9594412E-04
    1 -0.5746803E-01  0.5934045E-01 -0.6484663E-01 -0.3830810E+00  0.3955574E+00 -0.8347355E+00  0.9594311E-04
    1 -0.6115188E-01  0.5553656E-01 -0.6484665E-01 -0.4076313E+00  0.3702080E+00 -0.8347352E+00  0.9594333E-04
    1 -0.6458452E-01  0.5150446E-01 -0.6484663E-01 -0.4305194E+00  0.3433233E+00 -0.8347349E+00  0.9594463E-04
    1 -0.6775171E-01  0.4726065E-01 -0.6484665E-01 -0.4516295E+00  0.3150386E+00 -0.8347344E+00  0.9594369E-04
    1 -0.7064052E-01  0.4282268E-01 -0.6484665E-01 -0.4708852E+00  0.2854543E+00 -0.8347353E+00  0.9594377E-04
    1 -0.7323906E-01  0.3820877E-01 -0.6484663E-01 -0.4882070E+00  0.2546955E+00 -0.8347360E+00  0.9594398E-04
    1 -0.7553659E-01  0.3343780E-01 -0.6484665E-01 -0.5035223E+00  0.2228951E+00 -0.8347353E+00  0.9594412E-04
    1 -0.7752376E-01  0.2852944E-01 -0.6484664E-01 -0.5167699E+00  0.1901733E+00 -0.8347353E+00  0.9594408E-04
    1 -0.7919237E-01  0.2350387E-01 -0.6484663E-01 -0.5278915E+00  0.1566767E+00 -0.8347353E+00  0.9594305E-04
    1 -0.8053555E-01  0.1838173E-01 -0.6484665E-01 -0.5368455E+00  0.1225353E+00 -0.8347347E+00  0.9594382E-04
    1 -0.8154786E-01  0.1318403E-01 -0.6484662E-01 -0.5435942E+00  0.8788487E-01 -0.8347344E+00  0.9594383E-04
    1 -0.8222499E-01  0.7932144E-02 -0.6484665E-01 -0.5481073E+00  0.5287462E-01 -0.8347351E+00  0.9594383E-04
    1 -0.8256425E-01  0.2647675E-02 -0.6484665E-01 -0.5503677E+00  0.1764600E-01 -0.8347360E+00  0.9594406E-04
    1  0.6484585E-01  0.2079490E-02 -0.7472826E-01  0.4302016E+00  0.1379085E-01 -0.9026275E+00  0.9582598E-04
    1  0.6457942E-01  0.6229923E-02 -0.7472826E-01  0.4284332E+00  0.4133004E-01 -0.9026278E+00  0.9582589E-04
    1  0.6404757E-01  0.1035472E-01 -0.7472827E-01  0.4249051E+00  0.6869290E-01 -0.9026278E+00  0.9582492E-04
    1  0.6325257E-01  0.1443699E-01 -0.7472825E-01  0.4196296E+00  0.9578305E-01 -0.9026275E+00  0.9582614E-04
    1  0.6219755E-01  0.1845991E-01 -0.7472827E-01  0.4126321E+00  0.1224679E+00 -0.9026274E+00  0.9582505E-04
    1  0.6088711E-01  0.2240700E-01 -0.7472825E-01  0.4039390E+00  0.1486509E+00 -0.9026274E+00  0.9582507E-04
    1  0.5932635E-01  0.2626202E-01 -0.7472827E-01  0.3935854E+00  0.1742260E+00 -0.9026272E+00  0.9582671E-04
    1  0.5752181E-01  0.3000912E-01 -0.7472828E-01  0.3816112E+00  0.1990912E+00 -0.9026271E+00  0.9582527E-04
    1  0.5548098E-01  0.3363292E-01 -0.7472825E-01  0.3680749E+00  0.2231245E+00 -0.9026275E+00  0.9582560E-04
    1  0.5321214E-01  0.3711850E-01 -0.7472825E-01  0.3530175E+00  0.2462554E+00 -0.9026278E+00  0.9582521E-04
    1  0.5072458E-01  0.4045152E-01 -0.7472827E-01  0.3365203E+00  0.2683603E+00 -0.9026277E+00  0.9582638E-04
    1  0.4802863E-01  0.4361837E-01 -0.7472825E-01  0.3186316E+00  0.2893753E+00 -0.9026272E+00  0.9582535E-04
    1  0.4513531E-01  0.4660593E-01 -0.7472827E-01  0.2994373E+00  0.3091950E+00 -0.9026271E+00  0.9582465E-04
    1  0.4205653E-01  0.4940200E-01 -0.7472827E-01  0.2790107E+00  0.3277447E+00 -0.9026275E+00  0.9582605E-04
    1  0.3880493E-01  0.5199509E-01 -0.7472825E-01  0.2574418E+00  0.3449444E+00 -0.9026278E+00  0.9582553E-04
    1  0.3539386E-01  0.5437449E-01 -0.7472826E-01  0.2348110E+00  0.3607320E+00 -0.9026273E+00  0.9582597E-04
    1  0.3183734E-01  0.5653045E-01 -0.7472827E-01  0.2112131E+00  0.3750374E+00 -0.9026273E+00  0.9582511E-04
    1  0.2815001E-01  0.5845414E-01 -0.7472827E-01  0.1867546E+00  0.3877959E+00 -0.9026278E+00  0.9582614E-04
    1  0.2434703E-01  0.6013761E-01 -0.7472825E-01  0.1615254E+00  0.3989652E+00 -0.9026275E+00  0.9582413E-04
    1  0.2044400E-01  0.6157398E-01 -0.7472825E-01  0.1356262E+00  0.4084968E+00 -0.9026273E+00  0.9582572E-04
    1  0.1645690E-01  0.6275729E-01 -0.7472827E-01  0.1091815E+00  0.4163454E+00 -0.9026272E+00  0.9582666E-04
    1  0.1240220E-01  0.6368275E-01 -0.7472827E-01  0.8228082E-01  0.4224858E+00 -0.9026271E+00  0.9582451E-04
    1  0.8296577E-02  0.6434660E-01 -0.7472825E-01  0.5504262E-01  0.4268886E+00 -0.9026275E+00  0.9582590E-04
    1  0.4156812E-02  0.6474590E-01 -0.7472827E-01  0.2757589E-01  0.4295381E+00 -0.9026276E+00  0.9582618E-04
    1  0.2910383E-10  0.6487922E-01 -0.7472825E-01  0.0000000E+00  0.4304230E+00 -0.9026273E+00  0.9582433E-04
    1 -0.4156812E-02  0.6474592E-01 -0.7472827E-01 -0.2757596E-01  0.4295380E+00 -0.9026276E+00  0.9582618E-04
    1 -0.8296575E-02  0.6434660E-01 -0.7472824E-01 -0.5504262E-01  0.4268886E+00 -0.9026275E+00  0.9582590E-04
    1 -0.1240220E-01  0.6368275E-01 -0.7472828E-01 -0.8228084E-01  0.4224858E+00 -0.9026271E+00  0.9582451E-04
    1 -0.1645690E-01  0.6275730E-01 -0.7472827E-01 -0.1091814E+00  0.4163454E+00 -0.9026272E+00  0.9582666E-04
    1 -0.2044400E-01  0.6157398E-01 -0.7472824E-01 -0.1356262E+00  0.4084968E+00 -0.9026273E+00  0.9582572E-04
    1 -0.2434703E-01  0.6013762E-01 -0.7472827E-01 -0.1615253E+00  0.3989653E+00 -0.9026275E+00  0.9582413E-04
    1 -0.2815001E-01  0.5845413E-01 -0.7472825E-01 -0.1867546E+00  0.3877958E+00 -0.9026279E+00  0.9582615E-04
    1 -0.3183733E-01  0.5653045E-01 -0.7472827E-01 -0.2112130E+00  0.3750374E+00 -0.9026273E+00  0.9582510E-04
    1 -0.3539386E-01  0.5437449E-01 -0.7472827E-01 -0.2348109E+00  0.3607321E+00 -0.9026273E+00  0.9582598E-04
    1 -0.3880493E-01  0.5199509E-01 -0.7472825E-01 -0.2574418E+00  0.3449444E+00 -0.9026279E+00  0.9582553E-04
    1 -0.4205653E-01  0.4940199E-01 -0.7472826E-01 -0.2790108E+00  0.3277447E+00 -0.9026275E+00  0.9582606E-04
    1 -0.4513531E-01  0.4660593E-01 -0.7472827E-01 -0.2994373E+00  0.3091951E+00 -0.9026271E+00  0.9582465E-04
    1 -0.4802864E-01  0.4361837E-01 -0.7472827E-01 -0.3186315E+00  0.2893753E+00 -0.9026272E+00  0.9582535E-04
    1 -0.5072458E-01  0.4045152E-01 -0.7472827E-01 -0.3365203E+00  0.2683602E+00 -0.9026277E+00  0.9582638E-04
    1 -0.5321214E-01  0.3711850E-01 -0.7472824E-01 -0.3530174E+00  0.2462554E+00 -0.9026278E+00  0.9582521E-04
    1 -0.5548098E-01  0.3363292E-01 -0.7472825E-01 -0.3680749E+00  0.2231245E+00 -0.9026275E+00  0.9582560E-04
    1 -0.5752180E-01  0.3000911E-01 -0.7472827E-01 -0.3816112E+00  0.1990912E+00 -0.9026271E+00  0.9582528E-04
    1 -0.5932635E-01  0.2626201E-01 -0.7472828E-01 -0.3935855E+00  0.1742259E+00 -0.9026272E+00  0.9582670E-04
    1 -0.6088711E-01  0.2240700E-01 -0.7472825E-01 -0.4039390E+00  0.1486509E+00 -0.9026274E+00  0.9582509E-04
    1 -0.6219756E-01  0.1845991E-01 -0.7472828E-01 -0.4126322E+00  0.1224680E+00 -0.9026274E+00  0.9582504E-04
    1 -0.6325257E-01  0.1443699E-01 -0.7472825E-01 -0.4196296E+00  0.9578305E-01 -0.9026275E+00  0.9582614E-04
    1 -0.6404757E-01  0.1035472E-01 -0.7472827E-01 -0.4249051E+00  0.6869290E-01 -0.9026278E+00  0.9582493E-04
    1 -0.6457942E-01  0.6229923E-02 -0.7472825E-01 -0.4284332E+00  0.4133004E-01 -0.9026278E+00  0.9582589E-04
    1 -0.6484585E-01  0.2079490E-02 -0.7472826E-01 -0.4302016E+00  0.1379093E-01 -0.9026275E+00  0.9582598E-04
    1  0.3586420E-01  0.1150100E-02 -0.8333334E-01  0.1825713E+00  0.5852364E-02 -0.9831752E+00  0.9449190E-04
    1  0.3571683E-01  0.3445567E-02 -0.8333334E-01  0.1818208E+00  0.1754141E-01 -0.9831752E+00  0.9449141E-04
    1  0.3542270E-01  0.5726866E-02 -0.8333334E-01  0.1803240E+00  0.2915089E-01 -0.9831752E+00  0.9449110E-04
    1  0.3498300E-01  0.7984634E-02 -0.8333334E-01  0.1780847E+00  0.4064911E-01 -0.9831752E+00  0.9449161E-04
    1  0.3439954E-01  0.1020960E-01 -0.8333334E-01  0.1751153E+00  0.5197259E-01 -0.9831752E+00  0.9449206E-04
    1  0.3367473E-01  0.1239260E-01 -0.8333334E-01  0.1714254E+00  0.6308604E-01 -0.9831752E+00  0.9449013E-04
    1  0.3281157E-01  0.1452470E-01 -0.8333334E-01  0.1670327E+00  0.7393630E-01 -0.9831752E+00  0.9449359E-04
    1  0.3181353E-01  0.1659713E-01 -0.8333334E-01  0.1619488E+00  0.8449303E-01 -0.9831753E+00  0.9449288E-04
    1  0.3068477E-01  0.1860133E-01 -0.8333334E-01  0.1562051E+00  0.9469153E-01 -0.9831752E+00  0.9449122E-04
    1  0.2942993E-01  0.2052907E-01 -0.8333334E-01  0.1498149E+00  0.1045085E+00 -0.9831752E+00  0.9448993E-04
    1  0.2805417E-01  0.2237247E-01 -0.8333334E-01  0.1428155E+00  0.1138871E+00 -0.9831752E+00  0.9449268E-04
    1  0.2656313E-01  0.2412397E-01 -0.8333334E-01  0.1352237E+00  0.1228048E+00 -0.9831752E+00  0.9449148E-04
    1  0.2496293E-01  0.2577630E-01 -0.8333334E-01  0.1270753E+00  0.1312187E+00 -0.9831752E+00  0.9449128E-04
    1  0.2326013E-01  0.2732270E-01 -0.8333334E-01  0.1184069E+00  0.1390911E+00 -0.9831753E+00  0.9449201E-04
    1  0.2146177E-01  0.2875683E-01 -0.8333334E-01  0.1092542E+00  0.1463901E+00 -0.9831752E+00  0.9449071E-04
    1  0.1957523E-01  0.3007284E-01 -0.8333334E-01  0.9965377E-01  0.1530870E+00 -0.9831752E+00  0.9449213E-04
    1  0.1760823E-01  0.3126524E-01 -0.8333334E-01  0.8963222E-01  0.1591621E+00 -0.9831752E+00  0.9449177E-04
    1  0.1556887E-01  0.3232913E-01 -0.8333334E-01  0.7925582E-01  0.1645755E+00 -0.9831752E+00  0.9449162E-04
    1  0.1346557E-01  0.3326023E-01 -0.8333334E-01  0.6855199E-01  0.1693137E+00 -0.9831753E+00  0.9449034E-04
    1  0.1130693E-01  0.3405463E-01 -0.8333334E-01  0.5755569E-01  0.1733604E+00 -0.9831752E+00  0.9449106E-04
    1  0.9101801E-02  0.3470910E-01 -0.8333334E-01  0.4633674E-01  0.1766902E+00 -0.9831752E+00  0.9449312E-04
    1  0.6859267E-02  0.3522097E-01 -0.8333334E-01  0.3491853E-01  0.1792963E+00 -0.9831753E+00  0.9449168E-04
    1  0.4588567E-02  0.3558807E-01 -0.8333334E-01  0.2335666E-01  0.1811655E+00 -0.9831752E+00  0.9449098E-04
    1  0.2299000E-02  0.3580894E-01 -0.8333334E-01  0.1170465E-01  0.1822896E+00 -0.9831752E+00  0.9449255E-04
    1  0.0000000E+00  0.3588267E-01 -0.8333334E-01  0.0000000E+00  0.1826649E+00 -0.9831752E+00  0.9448999E-04
    1 -0.2299000E-02  0.3580894E-01 -0.8333334E-01 -0.1170465E-01  0.1822896E+00 -0.9831752E+00  0.9449256E-04
    1 -0.4588567E-02  0.3558807E-01 -0.8333334E-01 -0.2335666E-01  0.1811655E+00 -0.9831752E+00  0.9449098E-04
    1 -0.6859267E-02  0.3522097E-01 -0.8333334E-01 -0.3491853E-01  0.1792963E+00 -0.9831753E+00  0.9449168E-04
    1 -0.9101801E-02  0.3470910E-01 -0.8333334E-01 -0.4633674E-01  0.1766902E+00 -0.9831752E+00  0.9449312E-04
    1 -0.1130693E-01  0.3405463E-01 -0.8333334E-01 -0.5755569E-01  0.1733605E+00 -0.9831752E+00  0.9449106E-04
    1 -0.1346557E-01  0.3326023E-01 -0.8333334E-01 -0.6855199E-01  0.1693137E+00 -0.9831753E+00  0.9449034E-04
    1 -0.1556887E-01  0.3232913E-01 -0.8333334E-01 -0.7925582E-01  0.1645755E+00 -0.9831752E+00  0.9449162E-04
    1 -0.1760823E-01  0.3126524E-01 -0.8333334E-01 -0.8963222E-01  0.1591621E+00 -0.9831752E+00  0.9449178E-04
    1 -0.1957523E-01  0.3007284E-01 -0.8333334E-01 -0.9965377E-01  0.1530870E+00 -0.9831752E+00  0.9449213E-04
    1 -0.2146177E-01  0.2875683E-01 -0.8333334E-01 -0.1092542E+00  0.1463901E+00 -0.9831753E+00  0.9449071E-04
    1 -0.2326013E-01  0.2732270E-01 -0.8333334E-01 -0.1184069E+00  0.1390911E+00 -0.9831753E+00  0.9449201E-04
    1 -0.2496293E-01  0.2577630E-01 -0.8333334E-01 -0.1270753E+00  0.1312187E+00 -0.9831752E+00  0.9449128E-04
    1 -0.2656313E-01  0.2412397E-01 -0.8333334E-01 -0.1352237E+00  0.1228048E+00 -0.9831752E+00  0.9449148E-04
    1 -0.2805417E-01  0.2237247E-01 -0.8333334E-01 -0.1428155E+00  0.1138871E+00 -0.9831752E+00  0.9449268E-04
    1 -0.2942993E-01  0.2052907E-01 -0.8333334E-01 -0.1498149E+00  0.1045085E+00 -0.9831752E+00  0.9448993E-04
    1 -0.3068477E-01  0.1860133E-01 -0.8333334E-01 -0.1562051E+00  0.9469153E-01 -0.9831752E+00  0.9449122E-04
    1 -0.3181353E-01  0.1659713E-01 -0.8333334E-01 -0.1619488E+00  0.8449304E-01 -0.9831753E+00  0.9449288E-04
    1 -0.3281157E-01  0.1452470E-01 -0.8333334E-01 -0.1670327E+00  0.7393630E-01 -0.9831752E+00  0.9449359E-04
    1 -0.3367473E-01  0.1239260E-01 -0.8333334E-01 -0.1714254E+00  0.6308604E-01 -0.9831752E+00  0.9449013E-04
    1 -0.3439954E-01  0.1020960E-01 -0.8333334E-01 -0.1751153E+00  0.5197259E-01 -0.9831752E+00  0.9449206E-04
    1 -0.3498300E-01  0.7984634E-02 -0.8333334E-01 -0.1780847E+00  0.4064912E-01 -0.9831753E+00  0.9449160E-04
    1 -0.3542270E-01  0.5726866E-02 -0.8333334E-01 -0.1803240E+00  0.2915089E-01 -0.9831752E+00  0.9449110E-04
    1 -0.3571683E-01  0.3445567E-02 -0.8333334E-01 -0.1818208E+00  0.1754141E-01 -0.9831752E+00  0.9449141E-04
    1 -0.3586420E-01  0.1150100E-02 -0.8333334E-01 -0.1825713E+00  0.5852364E-02 -0.9831752E+00  0.9449191E-04
           0
