           3
  8.3756737E-02  8.3082363E-02  8.1739068E-02  7.9737701E-02  7.7094257E-02
  7.3830128E-02  6.9971487E-02  6.5549761E-02  6.0599983E-02  5.5162281E-02
  4.9280588E-02  4.3002039E-02  3.6377344E-02  2.9459659E-02  2.2304865E-02
  1.4970362E-02  7.5155199E-03  0.0000000E+00 -7.5155199E-03 -1.4970362E-02
 -2.2304861E-02 -2.9459657E-02 -3.6377344E-02 -4.3002039E-02 -4.9280588E-02
 -5.5162281E-02 -6.0599983E-02 -6.5549761E-02 -6.9971487E-02 -7.3830128E-02
 -7.7094257E-02 -7.9737701E-02 -8.1739068E-02 -8.3082370E-02 -8.3756737E-02
  8.5437462E-02  8.4749565E-02  8.3379351E-02  8.1337735E-02  7.8641243E-02
  7.5311750E-02  7.1375638E-02  6.6865124E-02  6.1815985E-02  5.6269288E-02
  5.0269477E-02  4.3864995E-02  3.7107259E-02  3.0050874E-02  2.2752373E-02
  1.5270861E-02  7.6662595E-03  0.0000000E+00 -7.6662595E-03 -1.5270859E-02
 -2.2752373E-02 -3.0050874E-02 -3.7107259E-02 -4.3864995E-02 -5.0269477E-02
 -5.6269288E-02 -6.1815981E-02 -6.6865124E-02 -7.1375638E-02 -7.5311750E-02
 -7.8641243E-02 -8.1337735E-02 -8.3379351E-02 -8.4749565E-02 -8.5437462E-02
  8.7118201E-02  8.6416773E-02  8.5019663E-02  8.2937740E-02  8.0188371E-02
  7.6793239E-02  7.2779767E-02  6.8180352E-02  6.3032150E-02  5.7376273E-02
  5.1258389E-02  4.4727832E-02  3.7837416E-02  3.0641973E-02  2.3199884E-02
  1.5571355E-02  7.8169992E-03  0.0000000E+00 -7.8169992E-03 -1.5571356E-02
 -2.3199884E-02 -3.0641973E-02 -3.7837416E-02 -4.4727832E-02 -5.1258385E-02
 -5.7376273E-02 -6.3032150E-02 -6.8180352E-02 -7.2779767E-02 -7.6793239E-02
 -8.0188371E-02 -8.2937732E-02 -8.5019663E-02 -8.6416773E-02 -8.7118201E-02
  8.8798925E-02  8.8083997E-02  8.6659826E-02  8.4537864E-02  8.1735507E-02
  7.8274764E-02  7.4183851E-02  6.9495767E-02  6.4248145E-02  5.8483243E-02
  5.2247260E-02  4.5590729E-02  3.8567394E-02  3.1233100E-02  2.3647636E-02
  1.5871616E-02  7.9678604E-03  0.0000000E+00 -7.9678604E-03 -1.5871616E-02
 -2.3647636E-02 -3.1233098E-02 -3.8567394E-02 -4.5590729E-02 -5.2247260E-02
 -5.8483247E-02 -6.4248152E-02 -6.9495767E-02 -7.4183851E-02 -7.8274757E-02
 -8.1735507E-02 -8.4537856E-02 -8.6659826E-02 -8.8083997E-02 -8.8798925E-02
  8.8798925E-02  8.8083997E-02  8.6659826E-02  8.4537856E-02  8.1735507E-02
  7.8274757E-02  7.4183851E-02  6.9495767E-02  6.4248152E-02  5.8483247E-02
  5.2247260E-02  4.5590729E-02  3.8567394E-02  3.1233098E-02  2.3647636E-02
  1.5871614E-02  7.9678604E-03  0.0000000E+00 -7.9678604E-03 -1.5871614E-02
 -2.3647636E-02 -3.1233100E-02 -3.8567394E-02 -4.5590729E-02 -5.2247260E-02
 -5.8483243E-02 -6.4248145E-02 -6.9495767E-02 -7.4183851E-02 -7.8274764E-02
 -8.1735507E-02 -8.4537864E-02 -8.6659826E-02 -8.8083997E-02 -8.8798925E-02
  8.7118201E-02  8.6416773E-02  8.5019663E-02  8.2937732E-02  8.0188371E-02
  7.6793239E-02  7.2779767E-02  6.8180352E-02  6.3032150E-02  5.7376266E-02
  5.1258385E-02  4.4727832E-02  3.7837416E-02  3.0641973E-02  2.3199884E-02
  1.5571356E-02  7.8169992E-03  0.0000000E+00 -7.8169992E-03 -1.5571355E-02
 -2.3199884E-02 -3.0641973E-02 -3.7837416E-02 -4.4727832E-02 -5.1258389E-02
 -5.7376273E-02 -6.3032150E-02 -6.8180352E-02 -7.2779767E-02 -7.6793239E-02
 -8.0188371E-02 -8.2937732E-02 -8.5019663E-02 -8.6416773E-02 -8.7118201E-02
  8.5437469E-02  8.4749565E-02  8.3379351E-02  8.1337735E-02  7.8641243E-02
  7.5311750E-02  7.1375638E-02  6.6865124E-02  6.1815981E-02  5.6269288E-02
  5.0269477E-02  4.3864995E-02  3.7107259E-02  3.0050874E-02  2.2752373E-02
  1.5270859E-02  7.6662595E-03  0.0000000E+00 -7.6662595E-03 -1.5270859E-02
 -2.2752373E-02 -3.0050874E-02 -3.7107259E-02 -4.3864995E-02 -5.0269477E-02
 -5.6269288E-02 -6.1815985E-02 -6.6865124E-02 -7.1375638E-02 -7.5311750E-02
 -7.8641243E-02 -8.1337735E-02 -8.3379351E-02 -8.4749565E-02 -8.5437462E-02
  8.3756737E-02  8.3082370E-02  8.1739068E-02  7.9737701E-02  7.7094257E-02
  7.3830128E-02  6.9971487E-02  6.5549754E-02  6.0599983E-02  5.5162281E-02
  4.9280588E-02  4.3002039E-02  3.6377344E-02  2.9459657E-02  2.2304865E-02
  1.4970362E-02  7.5155199E-03  0.0000000E+00 -7.5155199E-03 -1.4970362E-02
 -2.2304865E-02 -2.9459659E-02 -3.6377344E-02 -4.3002039E-02 -4.9280588E-02
 -5.5162281E-02 -6.0599983E-02 -6.5549761E-02 -6.9971487E-02 -7.3830128E-02
 -7.7094257E-02 -7.9737701E-02 -8.1739068E-02 -8.3082363E-02 -8.3756737E-02
  8.0955498E-02  8.0303699E-02  7.9005323E-02  7.7070840E-02  7.4515894E-02
  7.1360864E-02  6.7631371E-02  6.3357353E-02  5.8573276E-02  5.3317368E-02
  4.7632486E-02  4.1563779E-02  3.5160720E-02  2.8474391E-02  2.1558881E-02
  1.4469743E-02  7.2641373E-03  0.0000000E+00 -7.2641377E-03 -1.4469743E-02
 -2.1558881E-02 -2.8474391E-02 -3.5160720E-02 -4.1563779E-02 -4.7632486E-02
 -5.3317368E-02 -5.8573276E-02 -6.3357353E-02 -6.7631371E-02 -7.1360864E-02
 -7.4515894E-02 -7.7070840E-02 -7.9005323E-02 -8.0303706E-02 -8.0955505E-02
  7.7033781E-02  7.6413549E-02  7.5178072E-02  7.3337331E-02  7.0906125E-02
  6.7903996E-02  6.4355135E-02  6.0288087E-02  5.5735793E-02  5.0734460E-02
  4.5325011E-02  3.9550394E-02  3.3457372E-02  2.7094990E-02  2.0514639E-02
  1.3768733E-02  6.9122608E-03  0.0000000E+00 -6.9122608E-03 -1.3768733E-02
 -2.0514639E-02 -2.7094990E-02 -3.3457372E-02 -3.9550394E-02 -4.5325007E-02
 -5.0734460E-02 -5.5735789E-02 -6.0288087E-02 -6.4355135E-02 -6.7903996E-02
 -7.0906132E-02 -7.3337331E-02 -7.5178072E-02 -7.6413557E-02 -7.7033781E-02
  7.3112056E-02  7.2523393E-02  7.1350843E-02  6.9603831E-02  6.7296371E-02
  6.4447001E-02  6.1078873E-02  5.7218853E-02  5.2898403E-02  4.8151612E-02
  4.3017507E-02  3.7537005E-02  3.1754136E-02  2.5715472E-02  1.9470276E-02
  1.3067722E-02  6.5603852E-03  0.0000000E+00 -6.5603852E-03 -1.3067722E-02
 -1.9470274E-02 -2.5715472E-02 -3.1754136E-02 -3.7537009E-02 -4.3017507E-02
 -4.8151612E-02 -5.2898403E-02 -5.7218853E-02 -6.1078873E-02 -6.4447001E-02
 -6.7296371E-02 -6.9603823E-02 -7.1350843E-02 -7.2523393E-02 -7.3112056E-02
  6.9190331E-02  6.8633258E-02  6.7523591E-02  6.5870188E-02  6.3686624E-02
  6.0990132E-02  5.7802614E-02  5.4149631E-02  5.0060999E-02  4.5568764E-02
  4.0710121E-02  3.5523500E-02  3.0050755E-02  2.4336219E-02  1.8425761E-02
  1.2366741E-02  6.2085092E-03  0.0000000E+00 -6.2085092E-03 -1.2366741E-02
 -1.8425761E-02 -2.4336219E-02 -3.0050755E-02 -3.5523504E-02 -4.0710121E-02
 -4.5568764E-02 -5.0060999E-02 -5.4149631E-02 -5.7802614E-02 -6.0990132E-02
 -6.3686624E-02 -6.5870188E-02 -6.7523591E-02 -6.8633258E-02 -6.9190331E-02
  6.3867994E-02  6.3353792E-02  6.2329460E-02  6.0803246E-02  5.8787629E-02
  5.6298617E-02  5.3356260E-02  4.9984381E-02  4.6209991E-02  4.2063501E-02
  3.7578646E-02  3.2790869E-02  2.7739108E-02  2.2464367E-02  1.7008245E-02
  1.1415511E-02  5.7308674E-03  0.0000000E+00 -5.7308674E-03 -1.1415511E-02
 -1.7008245E-02 -2.2464365E-02 -2.7739108E-02 -3.2790869E-02 -3.7578642E-02
 -4.2063504E-02 -4.6209995E-02 -4.9984381E-02 -5.3356260E-02 -5.6298614E-02
 -5.8787629E-02 -6.0803249E-02 -6.2329471E-02 -6.3353784E-02 -6.3867994E-02
  5.7145048E-02  5.6684956E-02  5.5768479E-02  5.4402962E-02  5.2599430E-02
  5.0372358E-02  4.7739878E-02  4.4722889E-02  4.1345730E-02  3.7635881E-02
  3.3622891E-02  2.9339135E-02  2.4819344E-02  2.0099640E-02  1.5217871E-02
  1.0213882E-02  5.1276088E-03  0.0000000E+00 -5.1276092E-03 -1.0213882E-02
 -1.5217871E-02 -2.0099640E-02 -2.4819344E-02 -2.9339135E-02 -3.3622891E-02
 -3.7635881E-02 -4.1345734E-02 -4.4722889E-02 -4.7739875E-02 -5.0372358E-02
 -5.2599430E-02 -5.4402962E-02 -5.5768479E-02 -5.6684956E-02 -5.7145048E-02
  5.0422102E-02  5.0016154E-02  4.9207471E-02  4.8002616E-02  4.6411276E-02
  4.4446137E-02  4.2123500E-02  3.9461251E-02  3.6481619E-02  3.3208117E-02
  2.9667258E-02  2.5887519E-02  2.1899357E-02  1.7735004E-02  1.3427631E-02
  9.0121031E-03  4.5243800E-03  0.0000000E+00 -4.5243800E-03 -9.0121031E-03
 -1.3427631E-02 -1.7735004E-02 -2.1899357E-02 -2.5887519E-02 -2.9667256E-02
 -3.3208117E-02 -3.6481619E-02 -3.9461251E-02 -4.2123497E-02 -4.4446137E-02
 -4.6411276E-02 -4.8002612E-02 -4.9207471E-02 -5.0016157E-02 -5.0422102E-02
  4.3699160E-02  4.3347329E-02  4.2646471E-02  4.1602265E-02  4.0223099E-02
  3.8520020E-02  3.6506914E-02  3.4199882E-02  3.1617373E-02  2.8780369E-02
  2.5711622E-02  2.2435892E-02  1.8979371E-02  1.5370370E-02  1.1637256E-02
  7.8106071E-03  3.9211214E-03  0.0000000E+00 -3.9211209E-03 -7.8106071E-03
 -1.1637256E-02 -1.5370370E-02 -1.8979371E-02 -2.2435889E-02 -2.5711622E-02
 -2.8780371E-02 -3.1617373E-02 -3.4199882E-02 -3.6506910E-02 -3.8520016E-02
 -4.0223099E-02 -4.1602269E-02 -4.2646471E-02 -4.3347329E-02 -4.3699160E-02
  3.6976222E-02  3.6678486E-02  3.6085494E-02  3.5201911E-02  3.4034930E-02
  3.2593913E-02  3.0890401E-02  2.8938405E-02  2.6753113E-02  2.4352623E-02
  2.1755995E-02  1.8984139E-02  1.6059622E-02  1.3005614E-02  9.8468810E-03
  6.6091265E-03  3.3178625E-03  0.0000000E+00 -3.3178627E-03 -6.6091265E-03
 -9.8468801E-03 -1.3005614E-02 -1.6059622E-02 -1.8984139E-02 -2.1755993E-02
 -2.4352623E-02 -2.6753113E-02 -2.8938405E-02 -3.0890403E-02 -3.2593913E-02
 -3.4034934E-02 -3.5201915E-02 -3.6085490E-02 -3.6678486E-02 -3.6976226E-02
  3.0253276E-02  3.0009674E-02  2.9524492E-02  2.8801557E-02  2.7846768E-02
  2.6667738E-02  2.5274022E-02  2.3676798E-02  2.1888904E-02  1.9924872E-02
  1.7800400E-02  1.5532509E-02  1.3139620E-02  1.0640995E-02  8.0565074E-03
  5.4074968E-03  2.7146188E-03  0.0000000E+00 -2.7146190E-03 -5.4074968E-03
 -8.0565065E-03 -1.0640995E-02 -1.3139620E-02 -1.5532509E-02 -1.7800398E-02
 -1.9924873E-02 -2.1888904E-02 -2.3676798E-02 -2.5274022E-02 -2.6667738E-02
 -2.7846768E-02 -2.8801560E-02 -2.9524492E-02 -3.0009672E-02 -3.0253276E-02
  2.3530327E-02  2.3340862E-02  2.2963488E-02  2.2401212E-02  2.1658598E-02
  2.0741563E-02  1.9657575E-02  1.8415304E-02  1.7024720E-02  1.5497119E-02
  1.3844721E-02  1.2080892E-02  1.0219626E-02  8.2763582E-03  6.2661543E-03
  4.2058309E-03  2.1113756E-03  0.0000000E+00 -2.1113753E-03 -4.2058304E-03
 -6.2661543E-03 -8.2763582E-03 -1.0219627E-02 -1.2080893E-02 -1.3844721E-02
 -1.5497118E-02 -1.7024720E-02 -1.8415304E-02 -1.9657575E-02 -2.0741563E-02
 -2.1658603E-02 -2.2401216E-02 -2.2963488E-02 -2.3340862E-02 -2.3530323E-02
  1.6807374E-02  1.6672038E-02  1.6402500E-02  1.6000861E-02  1.5470424E-02
  1.4815412E-02  1.4041130E-02  1.3153773E-02  1.2160521E-02  1.1069369E-02
  9.8890848E-03  8.6291805E-03  7.2997953E-03  5.9116334E-03  4.4758762E-03
  3.0041190E-03  1.5081093E-03  0.0000000E+00 -1.5081093E-03 -3.0041188E-03
 -4.4758767E-03 -5.9116334E-03 -7.2997953E-03 -8.6291805E-03 -9.8890848E-03
 -1.1069369E-02 -1.2160521E-02 -1.3153773E-02 -1.4041130E-02 -1.4815411E-02
 -1.5470424E-02 -1.6000861E-02 -1.6402500E-02 -1.6672038E-02 -1.6807375E-02
  1.0084425E-02  1.0003225E-02  9.8414999E-03  9.6005136E-03  9.2822490E-03
  8.8892607E-03  8.4246788E-03  7.8922492E-03  7.2963238E-03  6.6416115E-03
  5.9334608E-03  5.1775044E-03  4.3798722E-03  3.5469867E-03  2.6855282E-03
  1.8024633E-03  9.0486184E-04  0.0000000E+00 -9.0486184E-04 -1.8024631E-03
 -2.6855282E-03 -3.5469867E-03 -4.3798718E-03 -5.1775053E-03 -5.9334598E-03
 -6.6416133E-03 -7.2963228E-03 -7.8922492E-03 -8.4246788E-03 -8.8892598E-03
 -9.2822490E-03 -9.6005127E-03 -9.8415017E-03 -1.0003225E-02 -1.0084425E-02
  3.3614747E-03  3.3344124E-03  3.2805002E-03  3.2001620E-03  3.0940874E-03
  2.9630868E-03  2.8082265E-03  2.6307497E-03  2.4321117E-03  2.2138637E-03
  1.9778237E-03  1.7258376E-03  1.4599524E-03  1.1823364E-03  8.9517608E-04
  6.0081109E-04  3.0162558E-04  0.0000000E+00 -3.0162558E-04 -6.0081109E-04
 -8.9517608E-04 -1.1823364E-03 -1.4599524E-03 -1.7258376E-03 -1.9778237E-03
 -2.2138637E-03 -2.4321117E-03 -2.6307497E-03 -2.8082265E-03 -2.9630868E-03
 -3.0940874E-03 -3.2001620E-03 -3.2805002E-03 -3.3344128E-03 -3.3614747E-03
  8.3756737E-02  8.3082363E-02  8.1739068E-02  7.9737701E-02  7.7094257E-02
  7.3830128E-02  6.9971487E-02  6.5549761E-02  6.0599983E-02  5.5162281E-02
  4.9280588E-02  4.3002039E-02  3.6377344E-02  2.9459659E-02  2.2304865E-02
  1.4970362E-02  7.5155199E-03  0.0000000E+00 -7.5155199E-03 -1.4970362E-02
 -2.2304861E-02 -2.9459657E-02 -3.6377344E-02 -4.3002039E-02 -4.9280588E-02
 -5.5162281E-02 -6.0599983E-02 -6.5549761E-02 -6.9971487E-02 -7.3830128E-02
 -7.7094257E-02 -7.9737701E-02 -8.1739068E-02 -8.3082370E-02 -8.3756737E-02
  8.5437462E-02  8.4749565E-02  8.3379351E-02  8.1337735E-02  7.8641243E-02
  7.5311750E-02  7.1375638E-02  6.6865124E-02  6.1815985E-02  5.6269288E-02
  5.0269477E-02  4.3864995E-02  3.7107259E-02  3.0050874E-02  2.2752373E-02
  1.5270861E-02  7.6662595E-03  0.0000000E+00 -7.6662595E-03 -1.5270859E-02
 -2.2752373E-02 -3.0050874E-02 -3.7107259E-02 -4.3864995E-02 -5.0269477E-02
 -5.6269288E-02 -6.1815981E-02 -6.6865124E-02 -7.1375638E-02 -7.5311750E-02
 -7.8641243E-02 -8.1337735E-02 -8.3379351E-02 -8.4749565E-02 -8.5437462E-02
  8.7118201E-02  8.6416773E-02  8.5019663E-02  8.2937740E-02  8.0188371E-02
  7.6793239E-02  7.2779767E-02  6.8180352E-02  6.3032150E-02  5.7376273E-02
  5.1258389E-02  4.4727832E-02  3.7837416E-02  3.0641973E-02  2.3199884E-02
  1.5571355E-02  7.8169992E-03  0.0000000E+00 -7.8169992E-03 -1.5571356E-02
 -2.3199884E-02 -3.0641973E-02 -3.7837416E-02 -4.4727832E-02 -5.1258385E-02
 -5.7376273E-02 -6.3032150E-02 -6.8180352E-02 -7.2779767E-02 -7.6793239E-02
 -8.0188371E-02 -8.2937732E-02 -8.5019663E-02 -8.6416773E-02 -8.7118201E-02
  8.8798925E-02  8.8083997E-02  8.6659826E-02  8.4537864E-02  8.1735507E-02
  7.8274764E-02  7.4183851E-02  6.9495767E-02  6.4248145E-02  5.8483243E-02
  5.2247260E-02  4.5590729E-02  3.8567394E-02  3.1233100E-02  2.3647636E-02
  1.5871616E-02  7.9678604E-03  0.0000000E+00 -7.9678604E-03 -1.5871616E-02
 -2.3647636E-02 -3.1233098E-02 -3.8567394E-02 -4.5590729E-02 -5.2247260E-02
 -5.8483247E-02 -6.4248152E-02 -6.9495767E-02 -7.4183851E-02 -7.8274757E-02
 -8.1735507E-02 -8.4537856E-02 -8.6659826E-02 -8.8083997E-02 -8.8798925E-02
  8.8798925E-02  8.8083997E-02  8.6659826E-02  8.4537856E-02  8.1735507E-02
  7.8274757E-02  7.4183851E-02  6.9495767E-02  6.4248152E-02  5.8483247E-02
  5.2247260E-02  4.5590729E-02  3.8567394E-02  3.1233098E-02  2.3647636E-02
  1.5871614E-02  7.9678604E-03  0.0000000E+00 -7.9678604E-03 -1.5871614E-02
 -2.3647636E-02 -3.1233100E-02 -3.8567394E-02 -4.5590729E-02 -5.2247260E-02
 -5.8483243E-02 -6.4248145E-02 -6.9495767E-02 -7.4183851E-02 -7.8274764E-02
 -8.1735507E-02 -8.4537864E-02 -8.6659826E-02 -8.8083997E-02 -8.8798925E-02
  8.7118201E-02  8.6416773E-02  8.5019663E-02  8.2937732E-02  8.0188371E-02
  7.6793239E-02  7.2779767E-02  6.8180352E-02  6.3032150E-02  5.7376266E-02
  5.1258385E-02  4.4727832E-02  3.7837416E-02  3.0641973E-02  2.3199884E-02
  1.5571356E-02  7.8169992E-03  0.0000000E+00 -7.8169992E-03 -1.5571355E-02
 -2.3199884E-02 -3.0641973E-02 -3.7837416E-02 -4.4727832E-02 -5.1258389E-02
 -5.7376273E-02 -6.3032150E-02 -6.8180352E-02 -7.2779767E-02 -7.6793239E-02
 -8.0188371E-02 -8.2937732E-02 -8.5019663E-02 -8.6416773E-02 -8.7118201E-02
  8.5437469E-02  8.4749565E-02  8.3379351E-02  8.1337735E-02  7.8641243E-02
  7.5311750E-02  7.1375638E-02  6.6865124E-02  6.1815981E-02  5.6269288E-02
  5.0269477E-02  4.3864995E-02  3.7107259E-02  3.0050874E-02  2.2752373E-02
  1.5270859E-02  7.6662595E-03  0.0000000E+00 -7.6662595E-03 -1.5270859E-02
 -2.2752373E-02 -3.0050874E-02 -3.7107259E-02 -4.3864995E-02 -5.0269477E-02
 -5.6269288E-02 -6.1815985E-02 -6.6865124E-02 -7.1375638E-02 -7.5311750E-02
 -7.8641243E-02 -8.1337735E-02 -8.3379351E-02 -8.4749565E-02 -8.5437462E-02
  8.3756737E-02  8.3082370E-02  8.1739068E-02  7.9737701E-02  7.7094257E-02
  7.3830128E-02  6.9971487E-02  6.5549754E-02  6.0599983E-02  5.5162281E-02
  4.9280588E-02  4.3002039E-02  3.6377344E-02  2.9459657E-02  2.2304865E-02
  1.4970362E-02  7.5155199E-03  0.0000000E+00 -7.5155199E-03 -1.4970362E-02
 -2.2304865E-02 -2.9459659E-02 -3.6377344E-02 -4.3002039E-02 -4.9280588E-02
 -5.5162281E-02 -6.0599983E-02 -6.5549761E-02 -6.9971487E-02 -7.3830128E-02
 -7.7094257E-02 -7.9737701E-02 -8.1739068E-02 -8.3082363E-02 -8.3756737E-02
  8.0955498E-02  8.0303699E-02  7.9005323E-02  7.7070840E-02  7.4515894E-02
  7.1360864E-02  6.7631371E-02  6.3357353E-02  5.8573276E-02  5.3317368E-02
  4.7632486E-02  4.1563779E-02  3.5160720E-02  2.8474391E-02  2.1558881E-02
  1.4469743E-02  7.2641373E-03  0.0000000E+00 -7.2641377E-03 -1.4469743E-02
 -2.1558881E-02 -2.8474391E-02 -3.5160720E-02 -4.1563779E-02 -4.7632486E-02
 -5.3317368E-02 -5.8573276E-02 -6.3357353E-02 -6.7631371E-02 -7.1360864E-02
 -7.4515894E-02 -7.7070840E-02 -7.9005323E-02 -8.0303706E-02 -8.0955505E-02
  7.7033781E-02  7.6413549E-02  7.5178072E-02  7.3337331E-02  7.0906125E-02
  6.7903996E-02  6.4355135E-02  6.0288087E-02  5.5735793E-02  5.0734460E-02
  4.5325011E-02  3.9550394E-02  3.3457372E-02  2.7094990E-02  2.0514639E-02
  1.3768733E-02  6.9122608E-03  0.0000000E+00 -6.9122608E-03 -1.3768733E-02
 -2.0514639E-02 -2.7094990E-02 -3.3457372E-02 -3.9550394E-02 -4.5325007E-02
 -5.0734460E-02 -5.5735789E-02 -6.0288087E-02 -6.4355135E-02 -6.7903996E-02
 -7.0906132E-02 -7.3337331E-02 -7.5178072E-02 -7.6413557E-02 -7.7033781E-02
  7.3112056E-02  7.2523393E-02  7.1350843E-02  6.9603831E-02  6.7296371E-02
  6.4447001E-02  6.1078873E-02  5.7218853E-02  5.2898403E-02  4.8151612E-02
  4.3017507E-02  3.7537005E-02  3.1754136E-02  2.5715472E-02  1.9470276E-02
  1.3067722E-02  6.5603852E-03  0.0000000E+00 -6.5603852E-03 -1.3067722E-02
 -1.9470274E-02 -2.5715472E-02 -3.1754136E-02 -3.7537009E-02 -4.3017507E-02
 -4.8151612E-02 -5.2898403E-02 -5.7218853E-02 -6.1078873E-02 -6.4447001E-02
 -6.7296371E-02 -6.9603823E-02 -7.1350843E-02 -7.2523393E-02 -7.3112056E-02
  6.9190331E-02  6.8633258E-02  6.7523591E-02  6.5870188E-02  6.3686624E-02
  6.0990132E-02  5.7802614E-02  5.4149631E-02  5.0060999E-02  4.5568764E-02
  4.0710121E-02  3.5523500E-02  3.0050755E-02  2.4336219E-02  1.8425761E-02
  1.2366741E-02  6.2085092E-03  0.0000000E+00 -6.2085092E-03 -1.2366741E-02
 -1.8425761E-02 -2.4336219E-02 -3.0050755E-02 -3.5523504E-02 -4.0710121E-02
 -4.5568764E-02 -5.0060999E-02 -5.4149631E-02 -5.7802614E-02 -6.0990132E-02
 -6.3686624E-02 -6.5870188E-02 -6.7523591E-02 -6.8633258E-02 -6.9190331E-02
  6.3867994E-02  6.3353792E-02  6.2329460E-02  6.0803246E-02  5.8787629E-02
  5.6298617E-02  5.3356260E-02  4.9984381E-02  4.6209991E-02  4.2063501E-02
  3.7578646E-02  3.2790869E-02  2.7739108E-02  2.2464367E-02  1.7008245E-02
  1.1415511E-02  5.7308674E-03  0.0000000E+00 -5.7308674E-03 -1.1415511E-02
 -1.7008245E-02 -2.2464365E-02 -2.7739108E-02 -3.2790869E-02 -3.7578642E-02
 -4.2063504E-02 -4.6209995E-02 -4.9984381E-02 -5.3356260E-02 -5.6298614E-02
 -5.8787629E-02 -6.0803249E-02 -6.2329471E-02 -6.3353784E-02 -6.3867994E-02
  5.7145048E-02  5.6684956E-02  5.5768479E-02  5.4402962E-02  5.2599430E-02
  5.0372358E-02  4.7739878E-02  4.4722889E-02  4.1345730E-02  3.7635881E-02
  3.3622891E-02  2.9339135E-02  2.4819344E-02  2.0099640E-02  1.5217871E-02
  1.0213882E-02  5.1276088E-03  0.0000000E+00 -5.1276092E-03 -1.0213882E-02
 -1.5217871E-02 -2.0099640E-02 -2.4819344E-02 -2.9339135E-02 -3.3622891E-02
 -3.7635881E-02 -4.1345734E-02 -4.4722889E-02 -4.7739875E-02 -5.0372358E-02
 -5.2599430E-02 -5.4402962E-02 -5.5768479E-02 -5.6684956E-02 -5.7145048E-02
  5.0422102E-02  5.0016154E-02  4.9207471E-02  4.8002616E-02  4.6411276E-02
  4.4446137E-02  4.2123500E-02  3.9461251E-02  3.6481619E-02  3.3208117E-02
  2.9667258E-02  2.5887519E-02  2.1899357E-02  1.7735004E-02  1.3427631E-02
  9.0121031E-03  4.5243800E-03  0.0000000E+00 -4.5243800E-03 -9.0121031E-03
 -1.3427631E-02 -1.7735004E-02 -2.1899357E-02 -2.5887519E-02 -2.9667256E-02
 -3.3208117E-02 -3.6481619E-02 -3.9461251E-02 -4.2123497E-02 -4.4446137E-02
 -4.6411276E-02 -4.8002612E-02 -4.9207471E-02 -5.0016157E-02 -5.0422102E-02
  4.3699160E-02  4.3347329E-02  4.2646471E-02  4.1602265E-02  4.0223099E-02
  3.8520020E-02  3.6506914E-02  3.4199882E-02  3.1617373E-02  2.8780369E-02
  2.5711622E-02  2.2435892E-02  1.8979371E-02  1.5370370E-02  1.1637256E-02
  7.8106071E-03  3.9211214E-03  0.0000000E+00 -3.9211209E-03 -7.8106071E-03
 -1.1637256E-02 -1.5370370E-02 -1.8979371E-02 -2.2435889E-02 -2.5711622E-02
 -2.8780371E-02 -3.1617373E-02 -3.4199882E-02 -3.6506910E-02 -3.8520016E-02
 -4.0223099E-02 -4.1602269E-02 -4.2646471E-02 -4.3347329E-02 -4.3699160E-02
  3.6976222E-02  3.6678486E-02  3.6085494E-02  3.5201911E-02  3.4034930E-02
  3.2593913E-02  3.0890401E-02  2.8938405E-02  2.6753113E-02  2.4352623E-02
  2.1755995E-02  1.8984139E-02  1.6059622E-02  1.3005614E-02  9.8468810E-03
  6.6091265E-03  3.3178625E-03  0.0000000E+00 -3.3178627E-03 -6.6091265E-03
 -9.8468801E-03 -1.3005614E-02 -1.6059622E-02 -1.8984139E-02 -2.1755993E-02
 -2.4352623E-02 -2.6753113E-02 -2.8938405E-02 -3.0890403E-02 -3.2593913E-02
 -3.4034934E-02 -3.5201915E-02 -3.6085490E-02 -3.6678486E-02 -3.6976226E-02
  3.0253276E-02  3.0009674E-02  2.9524492E-02  2.8801557E-02  2.7846768E-02
  2.6667738E-02  2.5274022E-02  2.3676798E-02  2.1888904E-02  1.9924872E-02
  1.7800400E-02  1.5532509E-02  1.3139620E-02  1.0640995E-02  8.0565074E-03
  5.4074968E-03  2.7146188E-03  0.0000000E+00 -2.7146190E-03 -5.4074968E-03
 -8.0565065E-03 -1.0640995E-02 -1.3139620E-02 -1.5532509E-02 -1.7800398E-02
 -1.9924873E-02 -2.1888904E-02 -2.3676798E-02 -2.5274022E-02 -2.6667738E-02
 -2.7846768E-02 -2.8801560E-02 -2.9524492E-02 -3.0009672E-02 -3.0253276E-02
  2.3530327E-02  2.3340862E-02  2.2963488E-02  2.2401212E-02  2.1658598E-02
  2.0741563E-02  1.9657575E-02  1.8415304E-02  1.7024720E-02  1.5497119E-02
  1.3844721E-02  1.2080892E-02  1.0219626E-02  8.2763582E-03  6.2661543E-03
  4.2058309E-03  2.1113756E-03  0.0000000E+00 -2.1113753E-03 -4.2058304E-03
 -6.2661543E-03 -8.2763582E-03 -1.0219627E-02 -1.2080893E-02 -1.3844721E-02
 -1.5497118E-02 -1.7024720E-02 -1.8415304E-02 -1.9657575E-02 -2.0741563E-02
 -2.1658603E-02 -2.2401216E-02 -2.2963488E-02 -2.3340862E-02 -2.3530323E-02
  1.6807374E-02  1.6672038E-02  1.6402500E-02  1.6000861E-02  1.5470424E-02
  1.4815412E-02  1.4041130E-02  1.3153773E-02  1.2160521E-02  1.1069369E-02
  9.8890848E-03  8.6291805E-03  7.2997953E-03  5.9116334E-03  4.4758762E-03
  3.0041190E-03  1.5081093E-03  0.0000000E+00 -1.5081093E-03 -3.0041188E-03
 -4.4758767E-03 -5.9116334E-03 -7.2997953E-03 -8.6291805E-03 -9.8890848E-03
 -1.1069369E-02 -1.2160521E-02 -1.3153773E-02 -1.4041130E-02 -1.4815411E-02
 -1.5470424E-02 -1.6000861E-02 -1.6402500E-02 -1.6672038E-02 -1.6807375E-02
  1.0084425E-02  1.0003225E-02  9.8414999E-03  9.6005136E-03  9.2822490E-03
  8.8892607E-03  8.4246788E-03  7.8922492E-03  7.2963238E-03  6.6416115E-03
  5.9334608E-03  5.1775044E-03  4.3798722E-03  3.5469867E-03  2.6855282E-03
  1.8024633E-03  9.0486184E-04  0.0000000E+00 -9.0486184E-04 -1.8024631E-03
 -2.6855282E-03 -3.5469867E-03 -4.3798718E-03 -5.1775053E-03 -5.9334598E-03
 -6.6416133E-03 -7.2963228E-03 -7.8922492E-03 -8.4246788E-03 -8.8892598E-03
 -9.2822490E-03 -9.6005127E-03 -9.8415017E-03 -1.0003225E-02 -1.0084425E-02
  3.3614747E-03  3.3344124E-03  3.2805002E-03  3.2001620E-03  3.0940874E-03
  2.9630868E-03  2.8082265E-03  2.6307497E-03  2.4321117E-03  2.2138637E-03
  1.9778237E-03  1.7258376E-03  1.4599524E-03  1.1823364E-03  8.9517608E-04
  6.0081109E-04  3.0162558E-04  0.0000000E+00 -3.0162558E-04 -6.0081109E-04
 -8.9517608E-04 -1.1823364E-03 -1.4599524E-03 -1.7258376E-03 -1.9778237E-03
 -2.2138637E-03 -2.4321117E-03 -2.6307497E-03 -2.8082265E-03 -2.9630868E-03
 -3.0940874E-03 -3.2001620E-03 -3.2805002E-03 -3.3344128E-03 -3.3614747E-03
  2.5127010E-02  2.5127066E-02  2.5127007E-02  2.5127040E-02  2.5126945E-02
  2.5126811E-02  2.5126956E-02  2.5127193E-02  2.5127150E-02  2.5127109E-02
  2.5127094E-02  2.5127044E-02  2.5126919E-02  2.5126843E-02  2.5127027E-02
  2.5127027E-02  2.5127066E-02  2.5127174E-02  2.5127068E-02  2.5127027E-02
  2.5127027E-02  2.5126839E-02  2.5126919E-02  2.5127044E-02  2.5127092E-02
  2.5127109E-02  2.5127150E-02  2.5127193E-02  2.5126956E-02  2.5126811E-02
  2.5126945E-02  2.5127040E-02  2.5127007E-02  2.5127068E-02  2.5127010E-02
  2.5631189E-02  2.5631279E-02  2.5631292E-02  2.5631143E-02  2.5631201E-02
  2.5631292E-02  2.5631223E-02  2.5631124E-02  2.5631066E-02  2.5631122E-02
  2.5631214E-02  2.5631264E-02  2.5631355E-02  2.5631428E-02  2.5631232E-02
  2.5631296E-02  2.5631286E-02  2.5631070E-02  2.5631286E-02  2.5631294E-02
  2.5631234E-02  2.5631424E-02  2.5631355E-02  2.5631264E-02  2.5631214E-02
  2.5631122E-02  2.5631065E-02  2.5631124E-02  2.5631223E-02  2.5631292E-02
  2.5631199E-02  2.5631143E-02  2.5631292E-02  2.5631279E-02  2.5631189E-02
  2.6135452E-02  2.6135463E-02  2.6135506E-02  2.6135454E-02  2.6135607E-02
  2.6135672E-02  2.6135638E-02  2.6135568E-02  2.6135657E-02  2.6135609E-02
  2.6135545E-02  2.6135501E-02  2.6135551E-02  2.6135536E-02  2.6135512E-02
  2.6135482E-02  2.6135501E-02  2.6135627E-02  2.6135501E-02  2.6135484E-02
  2.6135512E-02  2.6135536E-02  2.6135551E-02  2.6135501E-02  2.6135543E-02
  2.6135609E-02  2.6135659E-02  2.6135566E-02  2.6135638E-02  2.6135672E-02
  2.6135607E-02  2.6135452E-02  2.6135506E-02  2.6135463E-02  2.6135452E-02
  2.6639668E-02  2.6639562E-02  2.6639491E-02  2.6639465E-02  2.6639480E-02
  2.6639406E-02  2.6639538E-02  2.6639692E-02  2.6639707E-02  2.6639661E-02
  2.6639562E-02  2.6639666E-02  2.6639709E-02  2.6639484E-02  2.6639706E-02
  2.6639733E-02  2.6639562E-02  2.6639510E-02  2.6639564E-02  2.6639733E-02
  2.6639706E-02  2.6639482E-02  2.6639709E-02  2.6639666E-02  2.6639564E-02
  2.6639665E-02  2.6639709E-02  2.6639694E-02  2.6639538E-02  2.6639404E-02
  2.6639480E-02  2.6639463E-02  2.6639491E-02  2.6639562E-02  2.6639668E-02
 -2.6639665E-02 -2.6639562E-02 -2.6639491E-02 -2.6639463E-02 -2.6639480E-02
 -2.6639404E-02 -2.6639538E-02 -2.6639694E-02 -2.6639707E-02 -2.6639665E-02
 -2.6639562E-02 -2.6639666E-02 -2.6639709E-02 -2.6639482E-02 -2.6639709E-02
 -2.6639732E-02 -2.6639562E-02 -2.6639510E-02 -2.6639564E-02 -2.6639732E-02
 -2.6639706E-02 -2.6639484E-02 -2.6639709E-02 -2.6639666E-02 -2.6639564E-02
 -2.6639661E-02 -2.6639707E-02 -2.6639694E-02 -2.6639538E-02 -2.6639406E-02
 -2.6639480E-02 -2.6639465E-02 -2.6639491E-02 -2.6639562E-02 -2.6639665E-02
 -2.6135452E-02 -2.6135463E-02 -2.6135506E-02 -2.6135452E-02 -2.6135607E-02
 -2.6135672E-02 -2.6135638E-02 -2.6135566E-02 -2.6135657E-02 -2.6135607E-02
 -2.6135543E-02 -2.6135501E-02 -2.6135551E-02 -2.6135540E-02 -2.6135512E-02
 -2.6135484E-02 -2.6135501E-02 -2.6135629E-02 -2.6135501E-02 -2.6135482E-02
 -2.6135512E-02 -2.6135540E-02 -2.6135551E-02 -2.6135501E-02 -2.6135545E-02
 -2.6135609E-02 -2.6135657E-02 -2.6135566E-02 -2.6135638E-02 -2.6135674E-02
 -2.6135607E-02 -2.6135452E-02 -2.6135506E-02 -2.6135463E-02 -2.6135452E-02
 -2.5631191E-02 -2.5631279E-02 -2.5631292E-02 -2.5631143E-02 -2.5631199E-02
 -2.5631292E-02 -2.5631223E-02 -2.5631124E-02 -2.5631065E-02 -2.5631122E-02
 -2.5631214E-02 -2.5631264E-02 -2.5631355E-02 -2.5631424E-02 -2.5631234E-02
 -2.5631294E-02 -2.5631286E-02 -2.5631070E-02 -2.5631286E-02 -2.5631294E-02
 -2.5631234E-02 -2.5631424E-02 -2.5631355E-02 -2.5631266E-02 -2.5631214E-02
 -2.5631122E-02 -2.5631066E-02 -2.5631124E-02 -2.5631223E-02 -2.5631292E-02
 -2.5631199E-02 -2.5631143E-02 -2.5631292E-02 -2.5631279E-02 -2.5631189E-02
 -2.5127010E-02 -2.5127068E-02 -2.5127007E-02 -2.5127040E-02 -2.5126945E-02
 -2.5126811E-02 -2.5126956E-02 -2.5127193E-02 -2.5127150E-02 -2.5127107E-02
 -2.5127089E-02 -2.5127044E-02 -2.5126919E-02 -2.5126839E-02 -2.5127027E-02
 -2.5127027E-02 -2.5127066E-02 -2.5127174E-02 -2.5127068E-02 -2.5127027E-02
 -2.5127027E-02 -2.5126843E-02 -2.5126919E-02 -2.5127044E-02 -2.5127092E-02
 -2.5127109E-02 -2.5127150E-02 -2.5127193E-02 -2.5126956E-02 -2.5126811E-02
 -2.5126943E-02 -2.5127040E-02 -2.5127007E-02 -2.5127066E-02 -2.5127010E-02
 -5.6668948E-02 -5.6668818E-02 -5.6668784E-02 -5.6668893E-02 -5.6668948E-02
 -5.6668933E-02 -5.6668822E-02 -5.6668729E-02 -5.6668743E-02 -5.6668658E-02
 -5.6668688E-02 -5.6668781E-02 -5.6668945E-02 -5.6668997E-02 -5.6668848E-02
 -5.6668755E-02 -5.6668695E-02 -5.6668609E-02 -5.6668699E-02 -5.6668755E-02
 -5.6668848E-02 -5.6668997E-02 -5.6668945E-02 -5.6668781E-02 -5.6668680E-02
 -5.6668665E-02 -5.6668743E-02 -5.6668729E-02 -5.6668825E-02 -5.6668933E-02
 -5.6668948E-02 -5.6668893E-02 -5.6668784E-02 -5.6668822E-02 -5.6668952E-02
 -5.3923588E-02 -5.3923611E-02 -5.3923637E-02 -5.3923544E-02 -5.3923525E-02
 -5.3923603E-02 -5.3923614E-02 -5.3923637E-02 -5.3923670E-02 -5.3923652E-02
 -5.3923875E-02 -5.3923726E-02 -5.3923510E-02 -5.3923544E-02 -5.3923640E-02
 -5.3923551E-02 -5.3923670E-02 -5.3923707E-02 -5.3923670E-02 -5.3923551E-02
 -5.3923640E-02 -5.3923544E-02 -5.3923510E-02 -5.3923726E-02 -5.3923871E-02
 -5.3923652E-02 -5.3923674E-02 -5.3923637E-02 -5.3923607E-02 -5.3923607E-02
 -5.3923529E-02 -5.3923544E-02 -5.3923637E-02 -5.3923622E-02 -5.3923588E-02
 -5.1178493E-02 -5.1178548E-02 -5.1178563E-02 -5.1178526E-02 -5.1178586E-02
 -5.1178481E-02 -5.1178444E-02 -5.1178496E-02 -5.1178496E-02 -5.1178340E-02
 -5.1178347E-02 -5.1178411E-02 -5.1178444E-02 -5.1178385E-02 -5.1178601E-02
 -5.1178623E-02 -5.1178571E-02 -5.1178500E-02 -5.1178571E-02 -5.1178623E-02
 -5.1178597E-02 -5.1178385E-02 -5.1178444E-02 -5.1178411E-02 -5.1178347E-02
 -5.1178340E-02 -5.1178500E-02 -5.1178496E-02 -5.1178444E-02 -5.1178481E-02
 -5.1178582E-02 -5.1178522E-02 -5.1178563E-02 -5.1178548E-02 -5.1178493E-02
 -4.8433177E-02 -4.8433114E-02 -4.8433058E-02 -4.8433103E-02 -4.8433233E-02
 -4.8433241E-02 -4.8433214E-02 -4.8433207E-02 -4.8433281E-02 -4.8433289E-02
 -4.8433270E-02 -4.8433203E-02 -4.8433296E-02 -4.8433132E-02 -4.8433099E-02
 -4.8433173E-02 -4.8433263E-02 -4.8433296E-02 -4.8433267E-02 -4.8433173E-02
 -4.8433099E-02 -4.8433144E-02 -4.8433296E-02 -4.8433200E-02 -4.8433270E-02
 -4.8433289E-02 -4.8433281E-02 -4.8433211E-02 -4.8433214E-02 -4.8433241E-02
 -4.8433233E-02 -4.8433103E-02 -4.8433058E-02 -4.8433114E-02 -4.8433177E-02
 -7.6641545E-02 -7.6641575E-02 -7.6641619E-02 -7.6641649E-02 -7.6641724E-02
 -7.6641694E-02 -7.6641560E-02 -7.6641619E-02 -7.6641530E-02 -7.6641686E-02
 -7.6641515E-02 -7.6641731E-02 -7.6641470E-02 -7.6641664E-02 -7.6641664E-02
 -7.6641664E-02 -7.6641627E-02 -7.6641649E-02 -7.6641627E-02 -7.6641664E-02
 -7.6641664E-02 -7.6641664E-02 -7.6641470E-02 -7.6641724E-02 -7.6641515E-02
 -7.6641694E-02 -7.6641537E-02 -7.6641619E-02 -7.6641560E-02 -7.6641694E-02
 -7.6641724E-02 -7.6641664E-02 -7.6641627E-02 -7.6641575E-02 -7.6641537E-02
 -6.8574138E-02 -6.8574183E-02 -6.8574131E-02 -6.8574056E-02 -6.8574071E-02
 -6.8574071E-02 -6.8574131E-02 -6.8574041E-02 -6.8574101E-02 -6.8573914E-02
 -6.8573937E-02 -6.8574108E-02 -6.8574011E-02 -6.8574116E-02 -6.8573974E-02
 -6.8574019E-02 -6.8574078E-02 -6.8574056E-02 -6.8574078E-02 -6.8574019E-02
 -6.8573974E-02 -6.8574116E-02 -6.8574011E-02 -6.8574101E-02 -6.8573937E-02
 -6.8573914E-02 -6.8574108E-02 -6.8574041E-02 -6.8574123E-02 -6.8574071E-02
 -6.8574071E-02 -6.8574056E-02 -6.8574131E-02 -6.8574183E-02 -6.8574138E-02
 -6.0506500E-02 -6.0506508E-02 -6.0506519E-02 -6.0506593E-02 -6.0506534E-02
 -6.0506437E-02 -6.0506642E-02 -6.0506560E-02 -6.0506657E-02 -6.0506489E-02
 -6.0506638E-02 -6.0506508E-02 -6.0506552E-02 -6.0506646E-02 -6.0506504E-02
 -6.0506485E-02 -6.0506575E-02 -6.0506567E-02 -6.0506575E-02 -6.0506485E-02
 -6.0506504E-02 -6.0506646E-02 -6.0506556E-02 -6.0506508E-02 -6.0506627E-02
 -6.0506482E-02 -6.0506657E-02 -6.0506560E-02 -6.0506627E-02 -6.0506437E-02
 -6.0506534E-02 -6.0506590E-02 -6.0506523E-02 -6.0506511E-02 -6.0506500E-02
 -5.2438963E-02 -5.2439004E-02 -5.2439000E-02 -5.2438967E-02 -5.2438948E-02
 -5.2438952E-02 -5.2438859E-02 -5.2439056E-02 -5.2438863E-02 -5.2438937E-02
 -5.2439049E-02 -5.2439094E-02 -5.2438937E-02 -5.2439015E-02 -5.2439019E-02
 -5.2438948E-02 -5.2438833E-02 -5.2438814E-02 -5.2438829E-02 -5.2438945E-02
 -5.2439015E-02 -5.2439019E-02 -5.2438937E-02 -5.2439090E-02 -5.2439049E-02
 -5.2438941E-02 -5.2438863E-02 -5.2439056E-02 -5.2438851E-02 -5.2438945E-02
 -5.2438952E-02 -5.2438967E-02 -5.2439000E-02 -5.2439004E-02 -5.2438963E-02
 -4.4371527E-02 -4.4371516E-02 -4.4371489E-02 -4.4371497E-02 -4.4371538E-02
 -4.4371493E-02 -4.4371445E-02 -4.4371612E-02 -4.4371478E-02 -4.4371549E-02
 -4.4371556E-02 -4.4371448E-02 -4.4371508E-02 -4.4371441E-02 -4.4371426E-02
 -4.4371460E-02 -4.4371452E-02 -4.4371493E-02 -4.4371460E-02 -4.4371460E-02
 -4.4371422E-02 -4.4371445E-02 -4.4371508E-02 -4.4371448E-02 -4.4371556E-02
 -4.4371549E-02 -4.4371478E-02 -4.4371612E-02 -4.4371448E-02 -4.4371493E-02
 -4.4371542E-02 -4.4371497E-02 -4.4371493E-02 -4.4371516E-02 -4.4371523E-02
 -3.6303915E-02 -3.6303818E-02 -3.6303911E-02 -3.6303859E-02 -3.6303841E-02
 -3.6303826E-02 -3.6303926E-02 -3.6303863E-02 -3.6303833E-02 -3.6303915E-02
 -3.6303945E-02 -3.6303900E-02 -3.6303923E-02 -3.6303964E-02 -3.6303934E-02
 -3.6303986E-02 -3.6303926E-02 -3.6303949E-02 -3.6303923E-02 -3.6303986E-02
 -3.6303930E-02 -3.6303964E-02 -3.6303923E-02 -3.6303900E-02 -3.6303941E-02
 -3.6303919E-02 -3.6303833E-02 -3.6303863E-02 -3.6303923E-02 -3.6303826E-02
 -3.6303841E-02 -3.6303863E-02 -3.6303911E-02 -3.6303815E-02 -3.6303915E-02
 -2.8236384E-02 -2.8236382E-02 -2.8236419E-02 -2.8236333E-02 -2.8236395E-02
 -2.8236398E-02 -2.8236436E-02 -2.8236402E-02 -2.8236371E-02 -2.8236397E-02
 -2.8236382E-02 -2.8236430E-02 -2.8236341E-02 -2.8236391E-02 -2.8236352E-02
 -2.8236400E-02 -2.8236389E-02 -2.8236423E-02 -2.8236402E-02 -2.8236395E-02
 -2.8236354E-02 -2.8236393E-02 -2.8236344E-02 -2.8236434E-02 -2.8236385E-02
 -2.8236395E-02 -2.8236369E-02 -2.8236402E-02 -2.8236438E-02 -2.8236398E-02
 -2.8236400E-02 -2.8236333E-02 -2.8236419E-02 -2.8236380E-02 -2.8236382E-02
 -2.0168846E-02 -2.0168833E-02 -2.0168852E-02 -2.0168841E-02 -2.0168846E-02
 -2.0168843E-02 -2.0168852E-02 -2.0168846E-02 -2.0168837E-02 -2.0168854E-02
 -2.0168835E-02 -2.0168848E-02 -2.0168852E-02 -2.0168837E-02 -2.0168843E-02
 -2.0168850E-02 -2.0168837E-02 -2.0168865E-02 -2.0168852E-02 -2.0168848E-02
 -2.0168843E-02 -2.0168839E-02 -2.0168852E-02 -2.0168848E-02 -2.0168835E-02
 -2.0168854E-02 -2.0168837E-02 -2.0168846E-02 -2.0168852E-02 -2.0168841E-02
 -2.0168846E-02 -2.0168841E-02 -2.0168854E-02 -2.0168833E-02 -2.0168848E-02
 -1.2101310E-02 -1.2101304E-02 -1.2101314E-02 -1.2101298E-02 -1.2101299E-02
 -1.2101321E-02 -1.2101312E-02 -1.2101295E-02 -1.2101313E-02 -1.2101306E-02
 -1.2101311E-02 -1.2101312E-02 -1.2101307E-02 -1.2101303E-02 -1.2101294E-02
 -1.2101309E-02 -1.2101324E-02 -1.2101293E-02 -1.2101324E-02 -1.2101308E-02
 -1.2101295E-02 -1.2101301E-02 -1.2101307E-02 -1.2101314E-02 -1.2101309E-02
 -1.2101307E-02 -1.2101312E-02 -1.2101296E-02 -1.2101310E-02 -1.2101321E-02
 -1.2101298E-02 -1.2101295E-02 -1.2101313E-02 -1.2101303E-02 -1.2101309E-02
 -4.0337699E-03 -4.0337727E-03 -4.0337713E-03 -4.0337555E-03 -4.0337723E-03
 -4.0337793E-03 -4.0337667E-03 -4.0337676E-03 -4.0337704E-03 -4.0337658E-03
 -4.0337676E-03 -4.0337727E-03 -4.0337662E-03 -4.0337713E-03 -4.0337667E-03
 -4.0337672E-03 -4.0337793E-03 -4.0337541E-03 -4.0337797E-03 -4.0337672E-03
 -4.0337667E-03 -4.0337713E-03 -4.0337662E-03 -4.0337727E-03 -4.0337676E-03
 -4.0337658E-03 -4.0337709E-03 -4.0337676E-03 -4.0337667E-03 -4.0337793E-03
 -4.0337723E-03 -4.0337555E-03 -4.0337713E-03 -4.0337732E-03 -4.0337699E-03
  2.5127010E-02  2.5127066E-02  2.5127007E-02  2.5127040E-02  2.5126945E-02
  2.5126811E-02  2.5126956E-02  2.5127193E-02  2.5127150E-02  2.5127109E-02
  2.5127094E-02  2.5127044E-02  2.5126919E-02  2.5126843E-02  2.5127027E-02
  2.5127027E-02  2.5127066E-02  2.5127174E-02  2.5127068E-02  2.5127027E-02
  2.5127027E-02  2.5126839E-02  2.5126919E-02  2.5127044E-02  2.5127092E-02
  2.5127109E-02  2.5127150E-02  2.5127193E-02  2.5126956E-02  2.5126811E-02
  2.5126945E-02  2.5127040E-02  2.5127007E-02  2.5127068E-02  2.5127010E-02
  2.5631189E-02  2.5631279E-02  2.5631292E-02  2.5631143E-02  2.5631201E-02
  2.5631292E-02  2.5631223E-02  2.5631124E-02  2.5631066E-02  2.5631122E-02
  2.5631214E-02  2.5631264E-02  2.5631355E-02  2.5631428E-02  2.5631232E-02
  2.5631296E-02  2.5631286E-02  2.5631070E-02  2.5631286E-02  2.5631294E-02
  2.5631234E-02  2.5631424E-02  2.5631355E-02  2.5631264E-02  2.5631214E-02
  2.5631122E-02  2.5631065E-02  2.5631124E-02  2.5631223E-02  2.5631292E-02
  2.5631199E-02  2.5631143E-02  2.5631292E-02  2.5631279E-02  2.5631189E-02
  2.6135452E-02  2.6135463E-02  2.6135506E-02  2.6135454E-02  2.6135607E-02
  2.6135672E-02  2.6135638E-02  2.6135568E-02  2.6135657E-02  2.6135609E-02
  2.6135545E-02  2.6135501E-02  2.6135551E-02  2.6135536E-02  2.6135512E-02
  2.6135482E-02  2.6135501E-02  2.6135627E-02  2.6135501E-02  2.6135484E-02
  2.6135512E-02  2.6135536E-02  2.6135551E-02  2.6135501E-02  2.6135543E-02
  2.6135609E-02  2.6135659E-02  2.6135566E-02  2.6135638E-02  2.6135672E-02
  2.6135607E-02  2.6135452E-02  2.6135506E-02  2.6135463E-02  2.6135452E-02
  2.6639668E-02  2.6639562E-02  2.6639491E-02  2.6639465E-02  2.6639480E-02
  2.6639406E-02  2.6639538E-02  2.6639692E-02  2.6639707E-02  2.6639661E-02
  2.6639562E-02  2.6639666E-02  2.6639709E-02  2.6639484E-02  2.6639706E-02
  2.6639733E-02  2.6639562E-02  2.6639510E-02  2.6639564E-02  2.6639733E-02
  2.6639706E-02  2.6639482E-02  2.6639709E-02  2.6639666E-02  2.6639564E-02
  2.6639665E-02  2.6639709E-02  2.6639694E-02  2.6639538E-02  2.6639404E-02
  2.6639480E-02  2.6639463E-02  2.6639491E-02  2.6639562E-02  2.6639668E-02
 -2.6639665E-02 -2.6639562E-02 -2.6639491E-02 -2.6639463E-02 -2.6639480E-02
 -2.6639404E-02 -2.6639538E-02 -2.6639694E-02 -2.6639707E-02 -2.6639665E-02
 -2.6639562E-02 -2.6639666E-02 -2.6639709E-02 -2.6639482E-02 -2.6639709E-02
 -2.6639732E-02 -2.6639562E-02 -2.6639510E-02 -2.6639564E-02 -2.6639732E-02
 -2.6639706E-02 -2.6639484E-02 -2.6639709E-02 -2.6639666E-02 -2.6639564E-02
 -2.6639661E-02 -2.6639707E-02 -2.6639694E-02 -2.6639538E-02 -2.6639406E-02
 -2.6639480E-02 -2.6639465E-02 -2.6639491E-02 -2.6639562E-02 -2.6639665E-02
 -2.6135452E-02 -2.6135463E-02 -2.6135506E-02 -2.6135452E-02 -2.6135607E-02
 -2.6135672E-02 -2.6135638E-02 -2.6135566E-02 -2.6135657E-02 -2.6135607E-02
 -2.6135543E-02 -2.6135501E-02 -2.6135551E-02 -2.6135540E-02 -2.6135512E-02
 -2.6135484E-02 -2.6135501E-02 -2.6135629E-02 -2.6135501E-02 -2.6135482E-02
 -2.6135512E-02 -2.6135540E-02 -2.6135551E-02 -2.6135501E-02 -2.6135545E-02
 -2.6135609E-02 -2.6135657E-02 -2.6135566E-02 -2.6135638E-02 -2.6135674E-02
 -2.6135607E-02 -2.6135452E-02 -2.6135506E-02 -2.6135463E-02 -2.6135452E-02
 -2.5631191E-02 -2.5631279E-02 -2.5631292E-02 -2.5631143E-02 -2.5631199E-02
 -2.5631292E-02 -2.5631223E-02 -2.5631124E-02 -2.5631065E-02 -2.5631122E-02
 -2.5631214E-02 -2.5631264E-02 -2.5631355E-02 -2.5631424E-02 -2.5631234E-02
 -2.5631294E-02 -2.5631286E-02 -2.5631070E-02 -2.5631286E-02 -2.5631294E-02
 -2.5631234E-02 -2.5631424E-02 -2.5631355E-02 -2.5631266E-02 -2.5631214E-02
 -2.5631122E-02 -2.5631066E-02 -2.5631124E-02 -2.5631223E-02 -2.5631292E-02
 -2.5631199E-02 -2.5631143E-02 -2.5631292E-02 -2.5631279E-02 -2.5631189E-02
 -2.5127010E-02 -2.5127068E-02 -2.5127007E-02 -2.5127040E-02 -2.5126945E-02
 -2.5126811E-02 -2.5126956E-02 -2.5127193E-02 -2.5127150E-02 -2.5127107E-02
 -2.5127089E-02 -2.5127044E-02 -2.5126919E-02 -2.5126839E-02 -2.5127027E-02
 -2.5127027E-02 -2.5127066E-02 -2.5127174E-02 -2.5127068E-02 -2.5127027E-02
 -2.5127027E-02 -2.5126843E-02 -2.5126919E-02 -2.5127044E-02 -2.5127092E-02
 -2.5127109E-02 -2.5127150E-02 -2.5127193E-02 -2.5126956E-02 -2.5126811E-02
 -2.5126943E-02 -2.5127040E-02 -2.5127007E-02 -2.5127066E-02 -2.5127010E-02
 -5.6668948E-02 -5.6668818E-02 -5.6668784E-02 -5.6668893E-02 -5.6668948E-02
 -5.6668933E-02 -5.6668822E-02 -5.6668729E-02 -5.6668743E-02 -5.6668658E-02
 -5.6668688E-02 -5.6668781E-02 -5.6668945E-02 -5.6668997E-02 -5.6668848E-02
 -5.6668755E-02 -5.6668695E-02 -5.6668609E-02 -5.6668699E-02 -5.6668755E-02
 -5.6668848E-02 -5.6668997E-02 -5.6668945E-02 -5.6668781E-02 -5.6668680E-02
 -5.6668665E-02 -5.6668743E-02 -5.6668729E-02 -5.6668825E-02 -5.6668933E-02
 -5.6668948E-02 -5.6668893E-02 -5.6668784E-02 -5.6668822E-02 -5.6668952E-02
 -5.3923588E-02 -5.3923611E-02 -5.3923637E-02 -5.3923544E-02 -5.3923525E-02
 -5.3923603E-02 -5.3923614E-02 -5.3923637E-02 -5.3923670E-02 -5.3923652E-02
 -5.3923875E-02 -5.3923726E-02 -5.3923510E-02 -5.3923544E-02 -5.3923640E-02
 -5.3923551E-02 -5.3923670E-02 -5.3923707E-02 -5.3923670E-02 -5.3923551E-02
 -5.3923640E-02 -5.3923544E-02 -5.3923510E-02 -5.3923726E-02 -5.3923871E-02
 -5.3923652E-02 -5.3923674E-02 -5.3923637E-02 -5.3923607E-02 -5.3923607E-02
 -5.3923529E-02 -5.3923544E-02 -5.3923637E-02 -5.3923622E-02 -5.3923588E-02
 -5.1178493E-02 -5.1178548E-02 -5.1178563E-02 -5.1178526E-02 -5.1178586E-02
 -5.1178481E-02 -5.1178444E-02 -5.1178496E-02 -5.1178496E-02 -5.1178340E-02
 -5.1178347E-02 -5.1178411E-02 -5.1178444E-02 -5.1178385E-02 -5.1178601E-02
 -5.1178623E-02 -5.1178571E-02 -5.1178500E-02 -5.1178571E-02 -5.1178623E-02
 -5.1178597E-02 -5.1178385E-02 -5.1178444E-02 -5.1178411E-02 -5.1178347E-02
 -5.1178340E-02 -5.1178500E-02 -5.1178496E-02 -5.1178444E-02 -5.1178481E-02
 -5.1178582E-02 -5.1178522E-02 -5.1178563E-02 -5.1178548E-02 -5.1178493E-02
 -4.8433177E-02 -4.8433114E-02 -4.8433058E-02 -4.8433103E-02 -4.8433233E-02
 -4.8433241E-02 -4.8433214E-02 -4.8433207E-02 -4.8433281E-02 -4.8433289E-02
 -4.8433270E-02 -4.8433203E-02 -4.8433296E-02 -4.8433132E-02 -4.8433099E-02
 -4.8433173E-02 -4.8433263E-02 -4.8433296E-02 -4.8433267E-02 -4.8433173E-02
 -4.8433099E-02 -4.8433144E-02 -4.8433296E-02 -4.8433200E-02 -4.8433270E-02
 -4.8433289E-02 -4.8433281E-02 -4.8433211E-02 -4.8433214E-02 -4.8433241E-02
 -4.8433233E-02 -4.8433103E-02 -4.8433058E-02 -4.8433114E-02 -4.8433177E-02
 -7.6641545E-02 -7.6641575E-02 -7.6641619E-02 -7.6641649E-02 -7.6641724E-02
 -7.6641694E-02 -7.6641560E-02 -7.6641619E-02 -7.6641530E-02 -7.6641686E-02
 -7.6641515E-02 -7.6641731E-02 -7.6641470E-02 -7.6641664E-02 -7.6641664E-02
 -7.6641664E-02 -7.6641627E-02 -7.6641649E-02 -7.6641627E-02 -7.6641664E-02
 -7.6641664E-02 -7.6641664E-02 -7.6641470E-02 -7.6641724E-02 -7.6641515E-02
 -7.6641694E-02 -7.6641537E-02 -7.6641619E-02 -7.6641560E-02 -7.6641694E-02
 -7.6641724E-02 -7.6641664E-02 -7.6641627E-02 -7.6641575E-02 -7.6641537E-02
 -6.8574138E-02 -6.8574183E-02 -6.8574131E-02 -6.8574056E-02 -6.8574071E-02
 -6.8574071E-02 -6.8574131E-02 -6.8574041E-02 -6.8574101E-02 -6.8573914E-02
 -6.8573937E-02 -6.8574108E-02 -6.8574011E-02 -6.8574116E-02 -6.8573974E-02
 -6.8574019E-02 -6.8574078E-02 -6.8574056E-02 -6.8574078E-02 -6.8574019E-02
 -6.8573974E-02 -6.8574116E-02 -6.8574011E-02 -6.8574101E-02 -6.8573937E-02
 -6.8573914E-02 -6.8574108E-02 -6.8574041E-02 -6.8574123E-02 -6.8574071E-02
 -6.8574071E-02 -6.8574056E-02 -6.8574131E-02 -6.8574183E-02 -6.8574138E-02
 -6.0506500E-02 -6.0506508E-02 -6.0506519E-02 -6.0506593E-02 -6.0506534E-02
 -6.0506437E-02 -6.0506642E-02 -6.0506560E-02 -6.0506657E-02 -6.0506489E-02
 -6.0506638E-02 -6.0506508E-02 -6.0506552E-02 -6.0506646E-02 -6.0506504E-02
 -6.0506485E-02 -6.0506575E-02 -6.0506567E-02 -6.0506575E-02 -6.0506485E-02
 -6.0506504E-02 -6.0506646E-02 -6.0506556E-02 -6.0506508E-02 -6.0506627E-02
 -6.0506482E-02 -6.0506657E-02 -6.0506560E-02 -6.0506627E-02 -6.0506437E-02
 -6.0506534E-02 -6.0506590E-02 -6.0506523E-02 -6.0506511E-02 -6.0506500E-02
 -5.2438963E-02 -5.2439004E-02 -5.2439000E-02 -5.2438967E-02 -5.2438948E-02
 -5.2438952E-02 -5.2438859E-02 -5.2439056E-02 -5.2438863E-02 -5.2438937E-02
 -5.2439049E-02 -5.2439094E-02 -5.2438937E-02 -5.2439015E-02 -5.2439019E-02
 -5.2438948E-02 -5.2438833E-02 -5.2438814E-02 -5.2438829E-02 -5.2438945E-02
 -5.2439015E-02 -5.2439019E-02 -5.2438937E-02 -5.2439090E-02 -5.2439049E-02
 -5.2438941E-02 -5.2438863E-02 -5.2439056E-02 -5.2438851E-02 -5.2438945E-02
 -5.2438952E-02 -5.2438967E-02 -5.2439000E-02 -5.2439004E-02 -5.2438963E-02
 -4.4371527E-02 -4.4371516E-02 -4.4371489E-02 -4.4371497E-02 -4.4371538E-02
 -4.4371493E-02 -4.4371445E-02 -4.4371612E-02 -4.4371478E-02 -4.4371549E-02
 -4.4371556E-02 -4.4371448E-02 -4.4371508E-02 -4.4371441E-02 -4.4371426E-02
 -4.4371460E-02 -4.4371452E-02 -4.4371493E-02 -4.4371460E-02 -4.4371460E-02
 -4.4371422E-02 -4.4371445E-02 -4.4371508E-02 -4.4371448E-02 -4.4371556E-02
 -4.4371549E-02 -4.4371478E-02 -4.4371612E-02 -4.4371448E-02 -4.4371493E-02
 -4.4371542E-02 -4.4371497E-02 -4.4371493E-02 -4.4371516E-02 -4.4371523E-02
 -3.6303915E-02 -3.6303818E-02 -3.6303911E-02 -3.6303859E-02 -3.6303841E-02
 -3.6303826E-02 -3.6303926E-02 -3.6303863E-02 -3.6303833E-02 -3.6303915E-02
 -3.6303945E-02 -3.6303900E-02 -3.6303923E-02 -3.6303964E-02 -3.6303934E-02
 -3.6303986E-02 -3.6303926E-02 -3.6303949E-02 -3.6303923E-02 -3.6303986E-02
 -3.6303930E-02 -3.6303964E-02 -3.6303923E-02 -3.6303900E-02 -3.6303941E-02
 -3.6303919E-02 -3.6303833E-02 -3.6303863E-02 -3.6303923E-02 -3.6303826E-02
 -3.6303841E-02 -3.6303863E-02 -3.6303911E-02 -3.6303815E-02 -3.6303915E-02
 -2.8236384E-02 -2.8236382E-02 -2.8236419E-02 -2.8236333E-02 -2.8236395E-02
 -2.8236398E-02 -2.8236436E-02 -2.8236402E-02 -2.8236371E-02 -2.8236397E-02
 -2.8236382E-02 -2.8236430E-02 -2.8236341E-02 -2.8236391E-02 -2.8236352E-02
 -2.8236400E-02 -2.8236389E-02 -2.8236423E-02 -2.8236402E-02 -2.8236395E-02
 -2.8236354E-02 -2.8236393E-02 -2.8236344E-02 -2.8236434E-02 -2.8236385E-02
 -2.8236395E-02 -2.8236369E-02 -2.8236402E-02 -2.8236438E-02 -2.8236398E-02
 -2.8236400E-02 -2.8236333E-02 -2.8236419E-02 -2.8236380E-02 -2.8236382E-02
 -2.0168846E-02 -2.0168833E-02 -2.0168852E-02 -2.0168841E-02 -2.0168846E-02
 -2.0168843E-02 -2.0168852E-02 -2.0168846E-02 -2.0168837E-02 -2.0168854E-02
 -2.0168835E-02 -2.0168848E-02 -2.0168852E-02 -2.0168837E-02 -2.0168843E-02
 -2.0168850E-02 -2.0168837E-02 -2.0168865E-02 -2.0168852E-02 -2.0168848E-02
 -2.0168843E-02 -2.0168839E-02 -2.0168852E-02 -2.0168848E-02 -2.0168835E-02
 -2.0168854E-02 -2.0168837E-02 -2.0168846E-02 -2.0168852E-02 -2.0168841E-02
 -2.0168846E-02 -2.0168841E-02 -2.0168854E-02 -2.0168833E-02 -2.0168848E-02
 -1.2101310E-02 -1.2101304E-02 -1.2101314E-02 -1.2101298E-02 -1.2101299E-02
 -1.2101321E-02 -1.2101312E-02 -1.2101295E-02 -1.2101313E-02 -1.2101306E-02
 -1.2101311E-02 -1.2101312E-02 -1.2101307E-02 -1.2101303E-02 -1.2101294E-02
 -1.2101309E-02 -1.2101324E-02 -1.2101293E-02 -1.2101324E-02 -1.2101308E-02
 -1.2101295E-02 -1.2101301E-02 -1.2101307E-02 -1.2101314E-02 -1.2101309E-02
 -1.2101307E-02 -1.2101312E-02 -1.2101296E-02 -1.2101310E-02 -1.2101321E-02
 -1.2101298E-02 -1.2101295E-02 -1.2101313E-02 -1.2101303E-02 -1.2101309E-02
 -4.0337699E-03 -4.0337727E-03 -4.0337713E-03 -4.0337555E-03 -4.0337723E-03
 -4.0337793E-03 -4.0337667E-03 -4.0337676E-03 -4.0337704E-03 -4.0337658E-03
 -4.0337676E-03 -4.0337727E-03 -4.0337662E-03 -4.0337713E-03 -4.0337667E-03
 -4.0337672E-03 -4.0337793E-03 -4.0337541E-03 -4.0337797E-03 -4.0337672E-03
 -4.0337667E-03 -4.0337713E-03 -4.0337662E-03 -4.0337727E-03 -4.0337676E-03
 -4.0337658E-03 -4.0337709E-03 -4.0337676E-03 -4.0337667E-03 -4.0337793E-03
 -4.0337723E-03 -4.0337555E-03 -4.0337713E-03 -4.0337732E-03 -4.0337699E-03
  0.1470393      0.1458552      0.1434972      0.1399836      0.1353431    
  0.1296132      0.1228386      0.1150756      0.1063861      9.6839920E-02
  8.6514428E-02  7.5492203E-02  6.3862503E-02  5.1718161E-02  3.9157357E-02
  2.6281172E-02  1.3193929E-02  0.0000000E+00 -1.3193929E-02 -2.6281172E-02
 -3.9157350E-02 -5.1718164E-02 -6.3862495E-02 -7.5492196E-02 -8.6514428E-02
 -9.6839920E-02 -0.1063861     -0.1150756     -0.1228386     -0.1296132    
 -0.1353431     -0.1399836     -0.1434971     -0.1458552     -0.1470393    
  0.1267130      0.1256924      0.1236602      0.1206328      0.1166333    
  0.1116952      0.1058576      9.9168487E-02  9.1680095E-02  8.3453603E-02
  7.4554980E-02  6.5056391E-02  5.5033758E-02  4.4568419E-02  3.3744123E-02
  2.2648301E-02  1.1369837E-02  9.5483177E-11 -1.1369838E-02 -2.2648299E-02
 -3.3744119E-02 -4.4568427E-02 -5.5033762E-02 -6.5056376E-02 -7.4554980E-02
 -8.3453603E-02 -9.1680087E-02 -9.9168487E-02 -0.1058576     -0.1116952    
 -0.1166333     -0.1206328     -0.1236602     -0.1256924     -0.1267130    
  0.1054705      0.1046213      0.1029298      0.1004093      9.7080298E-02
  9.2969738E-02  8.8110879E-02  8.2542792E-02  7.6310024E-02  6.9462813E-02
  6.2056236E-02  5.4150008E-02  4.5808244E-02  3.7096865E-02  2.8086957E-02
  1.8851729E-02  9.4636092E-03 -4.8681399E-11 -9.4636073E-03 -1.8851729E-02
 -2.8086960E-02 -3.7096865E-02 -4.5808244E-02 -5.4150008E-02 -6.2056232E-02
 -6.9462821E-02 -7.6310009E-02 -8.2542792E-02 -8.8110887E-02 -9.2969738E-02
 -9.7080298E-02 -0.1004093     -0.1029298     -0.1046213     -0.1054705    
  8.3312348E-02  8.2642049E-02  8.1306122E-02  7.9315253E-02  7.6686181E-02
  7.3439360E-02  6.9600649E-02  6.5201774E-02  6.0278405E-02  5.4869905E-02
  4.9019266E-02  4.2773724E-02  3.6184549E-02  2.9303506E-02  2.2186534E-02
  1.4890885E-02  7.4755466E-03  0.0000000E+00 -7.4755452E-03 -1.4890885E-02
 -2.2186536E-02 -2.9303499E-02 -3.6184557E-02 -4.2773731E-02 -4.9019258E-02
 -5.4869909E-02 -6.0278423E-02 -6.5201759E-02 -6.9600649E-02 -7.3439337E-02
 -7.6686181E-02 -7.9315238E-02 -8.1306115E-02 -8.2642056E-02 -8.3312348E-02
  0.2718833      0.2696939      0.2653332      0.2588362      0.2502558    
  0.2396597      0.2271347      0.2127813      0.1967142      0.1790631    
  0.1599698      0.1395892      0.1180850      9.5628895E-02  7.2404012E-02
  4.8595574E-02  2.4395896E-02  0.0000000E+00 -2.4395896E-02 -4.8595574E-02
 -7.2404012E-02 -9.5628902E-02 -0.1180850     -0.1395892     -0.1599698    
 -0.1790631     -0.1967142     -0.2127813     -0.2271347     -0.2396597    
 -0.2502558     -0.2588362     -0.2653332     -0.2696939     -0.2718833    
  0.2430023      0.2410458      0.2371489      0.2313417      0.2236732    
  0.2142032      0.2030082      0.1901786      0.1758186      0.1600423    
  0.1429773      0.1247613      0.1055414      8.5471027E-02  6.4712584E-02
  4.3433689E-02  2.1804389E-02  9.7362805E-11 -2.1804389E-02 -4.3433685E-02
 -6.4712584E-02 -8.5471027E-02 -0.1055414     -0.1247613     -0.1429773    
 -0.1600423     -0.1758186     -0.1901786     -0.2030082     -0.2142032    
 -0.2236732     -0.2313417     -0.2371489     -0.2410458     -0.2430023    
  0.2150369      0.2133059      0.2098572      0.2047182      0.1979316    
  0.1895518      0.1796449      0.1682920      0.1555838      0.1416235    
  0.1265229      0.1104036      9.3395278E-02  7.5635068E-02  5.7265367E-02
  3.8435139E-02  1.9295199E-02  9.5483177E-11 -1.9295201E-02 -3.8435135E-02
 -5.7265367E-02 -7.5635068E-02 -9.3395270E-02 -0.1104036     -0.1265229    
 -0.1416236     -0.1555839     -0.1682920     -0.1796449     -0.1895518    
 -0.1979316     -0.2047182     -0.2098572     -0.2133059     -0.2150369    
  0.1879877      0.1864743      0.1834591      0.1789672      0.1730339    
  0.1657073      0.1570473      0.1471235      0.1360139      0.1238092    
  0.1106079      9.6515954E-02  8.1646882E-02  6.6120461E-02  5.0062090E-02
  3.3600278E-02  1.6868150E-02  0.0000000E+00 -1.6868152E-02 -3.3600274E-02
 -5.0062098E-02 -6.6120468E-02 -8.1646882E-02 -9.6515946E-02 -0.1106079    
 -0.1238092     -0.1360139     -0.1471235     -0.1570473     -0.1657073    
 -0.1730338     -0.1789672     -0.1834591     -0.1864743     -0.1879877    
  0.2752622      0.2730455      0.2686307      0.2620536      0.2533664    
  0.2426389      0.2299577      0.2154250      0.1991582      0.1812875    
  0.1619577      0.1413237      0.1195522      9.6817777E-02  7.3303640E-02
  4.9199391E-02  2.4699131E-02 -2.1110702E-10 -2.4699133E-02 -4.9199395E-02
 -7.3303632E-02 -9.6817762E-02 -0.1195522     -0.1413237     -0.1619577    
 -0.1812875     -0.1991582     -0.2154250     -0.2299577     -0.2426389    
 -0.2533664     -0.2620536     -0.2686307     -0.2730455     -0.2752623    
  0.2332570      0.2313790      0.2276381      0.2220640      0.2147023    
  0.2056122      0.1948663      0.1825516      0.1687671      0.1536236    
  0.1372439      0.1197582      0.1013083      8.2043186E-02  6.2117651E-02
  4.1691571E-02  2.0930124E-02  1.0044073E-10 -2.0930126E-02 -4.1691571E-02
 -6.2117651E-02 -8.2043171E-02 -0.1013083     -0.1197582     -0.1372438    
 -0.1536236     -0.1687671     -0.1825516     -0.1948663     -0.2056122    
 -0.2147023     -0.2220640     -0.2276381     -0.2313791     -0.2332570    
  0.1941724      0.1926092      0.1894951      0.1848552      0.1787272    
  0.1711597      0.1622143      0.1519631      0.1404883      0.1278819    
  0.1142465      9.9691182E-02  8.4333114E-02  6.8295881E-02  5.1709242E-02
  3.4705810E-02  1.7423069E-02  1.9065477E-10 -1.7423073E-02 -3.4705814E-02
 -5.1709231E-02 -6.8295889E-02 -8.4333107E-02 -9.9691182E-02 -0.1142465    
 -0.1278819     -0.1404883     -0.1519631     -0.1622143     -0.1711596    
 -0.1787272     -0.1848552     -0.1894951     -0.1926092     -0.1941724    
  0.1580069      0.1567345      0.1542002      0.1504247      0.1454383    
  0.1392806      0.1320013      0.1236593      0.1143219      0.1040638    
  9.2967898E-02  8.1123352E-02  6.8625867E-02  5.5575542E-02  4.2077962E-02
  2.8241642E-02  1.4177937E-02  0.0000000E+00 -1.4177939E-02 -2.8241636E-02
 -4.2077959E-02 -5.5575557E-02 -6.8625860E-02 -8.1123337E-02 -9.2967890E-02
 -0.1040638     -0.1143219     -0.1236593     -0.1320013     -0.1392806    
 -0.1454383     -0.1504247     -0.1542002     -0.1567345     -0.1580069    
  0.2103466      0.2086531      0.2052797      0.2002534      0.1936149    
  0.1854173      0.1757266      0.1646215      0.1521906      0.1385349    
  0.1237632      0.1079956      9.1357872E-02  7.3985107E-02  5.6016445E-02
  3.7596755E-02  1.8874345E-02  0.0000000E+00 -1.8874345E-02 -3.7596755E-02
 -5.6016453E-02 -7.3985100E-02 -9.1357879E-02 -0.1079956     -0.1237632    
 -0.1385349     -0.1521907     -0.1646215     -0.1757266     -0.1854174    
 -0.1936150     -0.2002535     -0.2052797     -0.2086531     -0.2103465    
  0.1534240      0.1521889      0.1497281      0.1460618      0.1412197    
  0.1352406      0.1281726      0.1200724      0.1110058      0.1010450    
  9.0270966E-02  7.8770392E-02  6.6635124E-02  5.3963639E-02  4.0857531E-02
  2.7422488E-02  1.3766670E-02  1.2772913E-10 -1.3766669E-02 -2.7422491E-02
 -4.0857527E-02 -5.3963643E-02 -6.6635124E-02 -7.8770369E-02 -9.0270974E-02
 -0.1010449     -0.1110058     -0.1200725     -0.1281726     -0.1352406    
 -0.1412197     -0.1460618     -0.1497281     -0.1521889     -0.1534240    
  0.1046931      0.1038502      0.1021712      9.9669635E-02  9.6365333E-02
  9.2285141E-02  8.7462336E-02  8.1935048E-02  7.5748168E-02  6.8951078E-02
  6.1599292E-02  5.3751167E-02  4.5470502E-02  3.6823660E-02  2.7880322E-02
  1.8712634E-02  9.3940785E-03  1.1270226E-10 -9.3940794E-03 -1.8712629E-02
 -2.7880322E-02 -3.6823664E-02 -4.5470502E-02 -5.3751171E-02 -6.1599296E-02
 -6.8951063E-02 -7.5748160E-02 -8.1935041E-02 -8.7462299E-02 -9.2285149E-02
 -9.6365333E-02 -9.9669635E-02 -0.1021712     -0.1038502     -0.1046931    
  6.4154729E-02  6.3638262E-02  6.2609337E-02  6.1076283E-02  5.9051488E-02
  5.6551345E-02  5.3595629E-02  5.0208841E-02  4.6417300E-02  4.2252392E-02
  3.7747312E-02  3.2938182E-02  2.7863814E-02  2.2565024E-02  1.7084800E-02
  1.1466851E-02  5.7565500E-03  4.8837451E-11 -5.7565505E-03 -1.1466849E-02
 -1.7084798E-02 -2.2565028E-02 -2.7863806E-02 -3.2938182E-02 -3.7747312E-02
 -4.2252403E-02 -4.6417307E-02 -5.0208826E-02 -5.3595606E-02 -5.6551322E-02
 -5.9051495E-02 -6.1076287E-02 -6.2609352E-02 -6.3638270E-02 -6.4154744E-02
  3.1808726E-02  3.1552624E-02  3.1042416E-02  3.0282356E-02  2.9278535E-02
  2.8038813E-02  2.6573434E-02  2.4894159E-02  2.3014370E-02  2.0949313E-02
  1.8715573E-02  1.6331118E-02  1.3815111E-02  1.1188000E-02  8.4708668E-03
  5.6852535E-03  2.8541789E-03  8.2648346E-11 -2.8541808E-03 -5.6852465E-03
 -8.4708603E-03 -1.1188003E-02 -1.3815118E-02 -1.6331114E-02 -1.8715575E-02
 -2.0949313E-02 -2.3014370E-02 -2.4894159E-02 -2.6573436E-02 -2.8038813E-02
 -2.9278513E-02 -3.0282367E-02 -3.1042418E-02 -3.1552631E-02 -3.1808734E-02
  7.6547195E-03  7.5929831E-03  7.4703027E-03  7.2873603E-03  7.0457314E-03
  6.7474167E-03  6.3948762E-03  5.9906752E-03  5.5383514E-03  5.0413972E-03
  4.5038308E-03  3.9300686E-03  3.3246265E-03  2.6923490E-03  2.0386227E-03
  1.3680304E-03  6.8685220E-04 -3.3810687E-11 -6.8685220E-04 -1.3680304E-03
 -2.0386190E-03 -2.6923546E-03 -3.3246265E-03 -3.9300611E-03 -4.5038247E-03
 -5.0414116E-03 -5.5383458E-03 -5.9906752E-03 -6.3948650E-03 -6.7474167E-03
 -7.0457174E-03 -7.2873468E-03 -7.4703027E-03 -7.5929766E-03 -7.6547056E-03
 -8.3069149E-03 -8.2400152E-03 -8.1067579E-03 -7.9083433E-03 -7.6461323E-03
 -7.3223538E-03 -6.9396603E-03 -6.5011429E-03 -6.0102218E-03 -5.4709427E-03
 -4.8876083E-03 -4.2649452E-03 -3.6077453E-03 -2.9218805E-03 -2.2120399E-03
 -1.4849008E-03 -7.4538781E-04  0.0000000E+00  7.4538792E-04  1.4849013E-03
  2.2120383E-03  2.9218772E-03  3.6077467E-03  4.2649400E-03  4.8876023E-03
  5.4709488E-03  6.0102218E-03  6.5011517E-03  6.9396580E-03  7.3223491E-03
  7.6461248E-03  7.9083508E-03  8.1067551E-03  8.2400134E-03  8.3069205E-03
 -1.6076302E-02 -1.5946845E-02 -1.5689036E-02 -1.5304859E-02 -1.4797499E-02
 -1.4170977E-02 -1.3430378E-02 -1.2581613E-02 -1.1631569E-02 -1.0587876E-02
 -9.4589386E-03 -8.2538379E-03 -6.9822702E-03 -5.6544882E-03 -4.2811777E-03
 -2.8734668E-03 -1.4425012E-03  0.0000000E+00  1.4425006E-03  2.8734680E-03
  4.2811786E-03  5.6544892E-03  6.9822702E-03  8.2538333E-03  9.4589405E-03
  1.0587876E-02  1.1631569E-02  1.2581612E-02  1.3430378E-02  1.4170985E-02
  1.4797500E-02  1.5304859E-02  1.5689032E-02  1.5946843E-02  1.6076297E-02
 -1.5653431E-02 -1.5527393E-02 -1.5276358E-02 -1.4902278E-02 -1.4408270E-02
 -1.3798253E-02 -1.3077111E-02 -1.2250650E-02 -1.1325636E-02 -1.0309361E-02
 -9.2101507E-03 -8.0367215E-03 -6.7986050E-03 -5.5057732E-03 -4.1685803E-03
 -2.7978553E-03 -1.4045554E-03  2.8175517E-12  1.4045549E-03  2.7978548E-03
  4.1685803E-03  5.5057728E-03  6.7986040E-03  8.0367215E-03  9.2101526E-03
  1.0309367E-02  1.1325638E-02  1.2250646E-02  1.3077115E-02  1.3798255E-02
  1.4408269E-02  1.4902287E-02  1.5276353E-02  1.5527390E-02  1.5653431E-02
 -7.0383116E-03 -6.9816480E-03 -6.8687662E-03 -6.7005516E-03 -6.4784512E-03
 -6.2041590E-03 -5.8799121E-03 -5.5083064E-03 -5.0923969E-03 -4.6354225E-03
 -4.1412017E-03 -3.6135875E-03 -3.0568712E-03 -2.4755974E-03 -1.8743342E-03
 -1.2579863E-03 -6.3154887E-04  0.0000000E+00  6.3154887E-04  1.2579863E-03
  1.8743342E-03  2.4755974E-03  3.0568712E-03  3.6135875E-03  4.1412017E-03
  4.6354225E-03  5.0923969E-03  5.5083064E-03  5.8799121E-03  6.2041590E-03
  6.4784512E-03  6.7005516E-03  6.8687662E-03  6.9816485E-03  7.0383116E-03
  0.1470393      0.1458552      0.1434972      0.1399836      0.1353431    
  0.1296132      0.1228386      0.1150756      0.1063861      9.6839920E-02
  8.6514428E-02  7.5492203E-02  6.3862503E-02  5.1718161E-02  3.9157357E-02
  2.6281172E-02  1.3193929E-02  0.0000000E+00 -1.3193929E-02 -2.6281172E-02
 -3.9157350E-02 -5.1718164E-02 -6.3862495E-02 -7.5492196E-02 -8.6514428E-02
 -9.6839920E-02 -0.1063861     -0.1150756     -0.1228386     -0.1296132    
 -0.1353431     -0.1399836     -0.1434971     -0.1458552     -0.1470393    
  0.1267130      0.1256924      0.1236602      0.1206328      0.1166333    
  0.1116952      0.1058576      9.9168487E-02  9.1680095E-02  8.3453603E-02
  7.4554980E-02  6.5056391E-02  5.5033758E-02  4.4568419E-02  3.3744123E-02
  2.2648301E-02  1.1369837E-02  9.5483177E-11 -1.1369838E-02 -2.2648299E-02
 -3.3744119E-02 -4.4568427E-02 -5.5033762E-02 -6.5056376E-02 -7.4554980E-02
 -8.3453603E-02 -9.1680087E-02 -9.9168487E-02 -0.1058576     -0.1116952    
 -0.1166333     -0.1206328     -0.1236602     -0.1256924     -0.1267130    
  0.1054705      0.1046213      0.1029298      0.1004093      9.7080298E-02
  9.2969738E-02  8.8110879E-02  8.2542792E-02  7.6310024E-02  6.9462813E-02
  6.2056236E-02  5.4150008E-02  4.5808244E-02  3.7096865E-02  2.8086957E-02
  1.8851729E-02  9.4636092E-03 -4.8681399E-11 -9.4636073E-03 -1.8851729E-02
 -2.8086960E-02 -3.7096865E-02 -4.5808244E-02 -5.4150008E-02 -6.2056232E-02
 -6.9462821E-02 -7.6310009E-02 -8.2542792E-02 -8.8110887E-02 -9.2969738E-02
 -9.7080298E-02 -0.1004093     -0.1029298     -0.1046213     -0.1054705    
  8.3312348E-02  8.2642049E-02  8.1306122E-02  7.9315253E-02  7.6686181E-02
  7.3439360E-02  6.9600649E-02  6.5201774E-02  6.0278405E-02  5.4869905E-02
  4.9019266E-02  4.2773724E-02  3.6184549E-02  2.9303506E-02  2.2186534E-02
  1.4890885E-02  7.4755466E-03  0.0000000E+00 -7.4755452E-03 -1.4890885E-02
 -2.2186536E-02 -2.9303499E-02 -3.6184557E-02 -4.2773731E-02 -4.9019258E-02
 -5.4869909E-02 -6.0278423E-02 -6.5201759E-02 -6.9600649E-02 -7.3439337E-02
 -7.6686181E-02 -7.9315238E-02 -8.1306115E-02 -8.2642056E-02 -8.3312348E-02
  0.2718833      0.2696939      0.2653332      0.2588362      0.2502558    
  0.2396597      0.2271347      0.2127813      0.1967142      0.1790631    
  0.1599698      0.1395892      0.1180850      9.5628895E-02  7.2404012E-02
  4.8595574E-02  2.4395896E-02  0.0000000E+00 -2.4395896E-02 -4.8595574E-02
 -7.2404012E-02 -9.5628902E-02 -0.1180850     -0.1395892     -0.1599698    
 -0.1790631     -0.1967142     -0.2127813     -0.2271347     -0.2396597    
 -0.2502558     -0.2588362     -0.2653332     -0.2696939     -0.2718833    
  0.2430023      0.2410458      0.2371489      0.2313417      0.2236732    
  0.2142032      0.2030082      0.1901786      0.1758186      0.1600423    
  0.1429773      0.1247613      0.1055414      8.5471027E-02  6.4712584E-02
  4.3433689E-02  2.1804389E-02  9.7362805E-11 -2.1804389E-02 -4.3433685E-02
 -6.4712584E-02 -8.5471027E-02 -0.1055414     -0.1247613     -0.1429773    
 -0.1600423     -0.1758186     -0.1901786     -0.2030082     -0.2142032    
 -0.2236732     -0.2313417     -0.2371489     -0.2410458     -0.2430023    
  0.2150369      0.2133059      0.2098572      0.2047182      0.1979316    
  0.1895518      0.1796449      0.1682920      0.1555838      0.1416235    
  0.1265229      0.1104036      9.3395278E-02  7.5635068E-02  5.7265367E-02
  3.8435139E-02  1.9295199E-02  9.5483177E-11 -1.9295201E-02 -3.8435135E-02
 -5.7265367E-02 -7.5635068E-02 -9.3395270E-02 -0.1104036     -0.1265229    
 -0.1416236     -0.1555839     -0.1682920     -0.1796449     -0.1895518    
 -0.1979316     -0.2047182     -0.2098572     -0.2133059     -0.2150369    
  0.1879877      0.1864743      0.1834591      0.1789672      0.1730339    
  0.1657073      0.1570473      0.1471235      0.1360139      0.1238092    
  0.1106079      9.6515954E-02  8.1646882E-02  6.6120461E-02  5.0062090E-02
  3.3600278E-02  1.6868150E-02  0.0000000E+00 -1.6868152E-02 -3.3600274E-02
 -5.0062098E-02 -6.6120468E-02 -8.1646882E-02 -9.6515946E-02 -0.1106079    
 -0.1238092     -0.1360139     -0.1471235     -0.1570473     -0.1657073    
 -0.1730338     -0.1789672     -0.1834591     -0.1864743     -0.1879877    
  0.2752622      0.2730455      0.2686307      0.2620536      0.2533664    
  0.2426389      0.2299577      0.2154250      0.1991582      0.1812875    
  0.1619577      0.1413237      0.1195522      9.6817777E-02  7.3303640E-02
  4.9199391E-02  2.4699131E-02 -2.1110702E-10 -2.4699133E-02 -4.9199395E-02
 -7.3303632E-02 -9.6817762E-02 -0.1195522     -0.1413237     -0.1619577    
 -0.1812875     -0.1991582     -0.2154250     -0.2299577     -0.2426389    
 -0.2533664     -0.2620536     -0.2686307     -0.2730455     -0.2752623    
  0.2332570      0.2313790      0.2276381      0.2220640      0.2147023    
  0.2056122      0.1948663      0.1825516      0.1687671      0.1536236    
  0.1372439      0.1197582      0.1013083      8.2043186E-02  6.2117651E-02
  4.1691571E-02  2.0930124E-02  1.0044073E-10 -2.0930126E-02 -4.1691571E-02
 -6.2117651E-02 -8.2043171E-02 -0.1013083     -0.1197582     -0.1372438    
 -0.1536236     -0.1687671     -0.1825516     -0.1948663     -0.2056122    
 -0.2147023     -0.2220640     -0.2276381     -0.2313791     -0.2332570    
  0.1941724      0.1926092      0.1894951      0.1848552      0.1787272    
  0.1711597      0.1622143      0.1519631      0.1404883      0.1278819    
  0.1142465      9.9691182E-02  8.4333114E-02  6.8295881E-02  5.1709242E-02
  3.4705810E-02  1.7423069E-02  1.9065477E-10 -1.7423073E-02 -3.4705814E-02
 -5.1709231E-02 -6.8295889E-02 -8.4333107E-02 -9.9691182E-02 -0.1142465    
 -0.1278819     -0.1404883     -0.1519631     -0.1622143     -0.1711596    
 -0.1787272     -0.1848552     -0.1894951     -0.1926092     -0.1941724    
  0.1580069      0.1567345      0.1542002      0.1504247      0.1454383    
  0.1392806      0.1320013      0.1236593      0.1143219      0.1040638    
  9.2967898E-02  8.1123352E-02  6.8625867E-02  5.5575542E-02  4.2077962E-02
  2.8241642E-02  1.4177937E-02  0.0000000E+00 -1.4177939E-02 -2.8241636E-02
 -4.2077959E-02 -5.5575557E-02 -6.8625860E-02 -8.1123337E-02 -9.2967890E-02
 -0.1040638     -0.1143219     -0.1236593     -0.1320013     -0.1392806    
 -0.1454383     -0.1504247     -0.1542002     -0.1567345     -0.1580069    
  0.2103466      0.2086531      0.2052797      0.2002534      0.1936149    
  0.1854173      0.1757266      0.1646215      0.1521906      0.1385349    
  0.1237632      0.1079956      9.1357872E-02  7.3985107E-02  5.6016445E-02
  3.7596755E-02  1.8874345E-02  0.0000000E+00 -1.8874345E-02 -3.7596755E-02
 -5.6016453E-02 -7.3985100E-02 -9.1357879E-02 -0.1079956     -0.1237632    
 -0.1385349     -0.1521907     -0.1646215     -0.1757266     -0.1854174    
 -0.1936150     -0.2002535     -0.2052797     -0.2086531     -0.2103465    
  0.1534240      0.1521889      0.1497281      0.1460618      0.1412197    
  0.1352406      0.1281726      0.1200724      0.1110058      0.1010450    
  9.0270966E-02  7.8770392E-02  6.6635124E-02  5.3963639E-02  4.0857531E-02
  2.7422488E-02  1.3766670E-02  1.2772913E-10 -1.3766669E-02 -2.7422491E-02
 -4.0857527E-02 -5.3963643E-02 -6.6635124E-02 -7.8770369E-02 -9.0270974E-02
 -0.1010449     -0.1110058     -0.1200725     -0.1281726     -0.1352406    
 -0.1412197     -0.1460618     -0.1497281     -0.1521889     -0.1534240    
  0.1046931      0.1038502      0.1021712      9.9669635E-02  9.6365333E-02
  9.2285141E-02  8.7462336E-02  8.1935048E-02  7.5748168E-02  6.8951078E-02
  6.1599292E-02  5.3751167E-02  4.5470502E-02  3.6823660E-02  2.7880322E-02
  1.8712634E-02  9.3940785E-03  1.1270226E-10 -9.3940794E-03 -1.8712629E-02
 -2.7880322E-02 -3.6823664E-02 -4.5470502E-02 -5.3751171E-02 -6.1599296E-02
 -6.8951063E-02 -7.5748160E-02 -8.1935041E-02 -8.7462299E-02 -9.2285149E-02
 -9.6365333E-02 -9.9669635E-02 -0.1021712     -0.1038502     -0.1046931    
  6.4154729E-02  6.3638262E-02  6.2609337E-02  6.1076283E-02  5.9051488E-02
  5.6551345E-02  5.3595629E-02  5.0208841E-02  4.6417300E-02  4.2252392E-02
  3.7747312E-02  3.2938182E-02  2.7863814E-02  2.2565024E-02  1.7084800E-02
  1.1466851E-02  5.7565500E-03  4.8837451E-11 -5.7565505E-03 -1.1466849E-02
 -1.7084798E-02 -2.2565028E-02 -2.7863806E-02 -3.2938182E-02 -3.7747312E-02
 -4.2252403E-02 -4.6417307E-02 -5.0208826E-02 -5.3595606E-02 -5.6551322E-02
 -5.9051495E-02 -6.1076287E-02 -6.2609352E-02 -6.3638270E-02 -6.4154744E-02
  3.1808726E-02  3.1552624E-02  3.1042416E-02  3.0282356E-02  2.9278535E-02
  2.8038813E-02  2.6573434E-02  2.4894159E-02  2.3014370E-02  2.0949313E-02
  1.8715573E-02  1.6331118E-02  1.3815111E-02  1.1188000E-02  8.4708668E-03
  5.6852535E-03  2.8541789E-03  8.2648346E-11 -2.8541808E-03 -5.6852465E-03
 -8.4708603E-03 -1.1188003E-02 -1.3815118E-02 -1.6331114E-02 -1.8715575E-02
 -2.0949313E-02 -2.3014370E-02 -2.4894159E-02 -2.6573436E-02 -2.8038813E-02
 -2.9278513E-02 -3.0282367E-02 -3.1042418E-02 -3.1552631E-02 -3.1808734E-02
  7.6547195E-03  7.5929831E-03  7.4703027E-03  7.2873603E-03  7.0457314E-03
  6.7474167E-03  6.3948762E-03  5.9906752E-03  5.5383514E-03  5.0413972E-03
  4.5038308E-03  3.9300686E-03  3.3246265E-03  2.6923490E-03  2.0386227E-03
  1.3680304E-03  6.8685220E-04 -3.3810687E-11 -6.8685220E-04 -1.3680304E-03
 -2.0386190E-03 -2.6923546E-03 -3.3246265E-03 -3.9300611E-03 -4.5038247E-03
 -5.0414116E-03 -5.5383458E-03 -5.9906752E-03 -6.3948650E-03 -6.7474167E-03
 -7.0457174E-03 -7.2873468E-03 -7.4703027E-03 -7.5929766E-03 -7.6547056E-03
 -8.3069149E-03 -8.2400152E-03 -8.1067579E-03 -7.9083433E-03 -7.6461323E-03
 -7.3223538E-03 -6.9396603E-03 -6.5011429E-03 -6.0102218E-03 -5.4709427E-03
 -4.8876083E-03 -4.2649452E-03 -3.6077453E-03 -2.9218805E-03 -2.2120399E-03
 -1.4849008E-03 -7.4538781E-04  0.0000000E+00  7.4538792E-04  1.4849013E-03
  2.2120383E-03  2.9218772E-03  3.6077467E-03  4.2649400E-03  4.8876023E-03
  5.4709488E-03  6.0102218E-03  6.5011517E-03  6.9396580E-03  7.3223491E-03
  7.6461248E-03  7.9083508E-03  8.1067551E-03  8.2400134E-03  8.3069205E-03
 -1.6076302E-02 -1.5946845E-02 -1.5689036E-02 -1.5304859E-02 -1.4797499E-02
 -1.4170977E-02 -1.3430378E-02 -1.2581613E-02 -1.1631569E-02 -1.0587876E-02
 -9.4589386E-03 -8.2538379E-03 -6.9822702E-03 -5.6544882E-03 -4.2811777E-03
 -2.8734668E-03 -1.4425012E-03  0.0000000E+00  1.4425006E-03  2.8734680E-03
  4.2811786E-03  5.6544892E-03  6.9822702E-03  8.2538333E-03  9.4589405E-03
  1.0587876E-02  1.1631569E-02  1.2581612E-02  1.3430378E-02  1.4170985E-02
  1.4797500E-02  1.5304859E-02  1.5689032E-02  1.5946843E-02  1.6076297E-02
 -1.5653431E-02 -1.5527393E-02 -1.5276358E-02 -1.4902278E-02 -1.4408270E-02
 -1.3798253E-02 -1.3077111E-02 -1.2250650E-02 -1.1325636E-02 -1.0309361E-02
 -9.2101507E-03 -8.0367215E-03 -6.7986050E-03 -5.5057732E-03 -4.1685803E-03
 -2.7978553E-03 -1.4045554E-03  2.8175517E-12  1.4045549E-03  2.7978548E-03
  4.1685803E-03  5.5057728E-03  6.7986040E-03  8.0367215E-03  9.2101526E-03
  1.0309367E-02  1.1325638E-02  1.2250646E-02  1.3077115E-02  1.3798255E-02
  1.4408269E-02  1.4902287E-02  1.5276353E-02  1.5527390E-02  1.5653431E-02
 -7.0383116E-03 -6.9816480E-03 -6.8687662E-03 -6.7005516E-03 -6.4784512E-03
 -6.2041590E-03 -5.8799121E-03 -5.5083064E-03 -5.0923969E-03 -4.6354225E-03
 -4.1412017E-03 -3.6135875E-03 -3.0568712E-03 -2.4755974E-03 -1.8743342E-03
 -1.2579863E-03 -6.3154887E-04  0.0000000E+00  6.3154887E-04  1.2579863E-03
  1.8743342E-03  2.4755974E-03  3.0568712E-03  3.6135875E-03  4.1412017E-03
  4.6354225E-03  5.0923969E-03  5.5083064E-03  5.8799121E-03  6.2041590E-03
  6.4784512E-03  6.7005516E-03  6.8687662E-03  6.9816485E-03  7.0383116E-03
