           3
  6.3867994E-02  6.3353792E-02  6.2329460E-02  6.0803246E-02  5.8787629E-02
  5.6298617E-02  5.3356260E-02  4.9984381E-02  4.6209991E-02  4.2063501E-02
  3.7578646E-02  3.2790869E-02  2.7739108E-02  2.2464367E-02  1.7008245E-02
  1.1415511E-02  5.7308674E-03  0.0000000E+00 -5.7308674E-03 -1.1415511E-02
 -1.7008245E-02 -2.2464365E-02 -2.7739108E-02 -3.2790869E-02 -3.7578642E-02
 -4.2063504E-02 -4.6209995E-02 -4.9984381E-02 -5.3356260E-02 -5.6298614E-02
 -5.8787629E-02 -6.0803249E-02 -6.2329471E-02 -6.3353784E-02 -6.3867994E-02
  5.7145048E-02  5.6684956E-02  5.5768479E-02  5.4402962E-02  5.2599430E-02
  5.0372358E-02  4.7739878E-02  4.4722889E-02  4.1345730E-02  3.7635881E-02
  3.3622891E-02  2.9339135E-02  2.4819344E-02  2.0099640E-02  1.5217871E-02
  1.0213882E-02  5.1276088E-03  0.0000000E+00 -5.1276092E-03 -1.0213882E-02
 -1.5217871E-02 -2.0099640E-02 -2.4819344E-02 -2.9339135E-02 -3.3622891E-02
 -3.7635881E-02 -4.1345734E-02 -4.4722889E-02 -4.7739875E-02 -5.0372358E-02
 -5.2599430E-02 -5.4402962E-02 -5.5768479E-02 -5.6684956E-02 -5.7145048E-02
  5.0422102E-02  5.0016154E-02  4.9207471E-02  4.8002616E-02  4.6411276E-02
  4.4446137E-02  4.2123500E-02  3.9461251E-02  3.6481619E-02  3.3208117E-02
  2.9667258E-02  2.5887519E-02  2.1899357E-02  1.7735004E-02  1.3427631E-02
  9.0121031E-03  4.5243800E-03  0.0000000E+00 -4.5243800E-03 -9.0121031E-03
 -1.3427631E-02 -1.7735004E-02 -2.1899357E-02 -2.5887519E-02 -2.9667256E-02
 -3.3208117E-02 -3.6481619E-02 -3.9461251E-02 -4.2123497E-02 -4.4446137E-02
 -4.6411276E-02 -4.8002612E-02 -4.9207471E-02 -5.0016157E-02 -5.0422102E-02
  4.3699160E-02  4.3347329E-02  4.2646471E-02  4.1602265E-02  4.0223099E-02
  3.8520020E-02  3.6506914E-02  3.4199882E-02  3.1617373E-02  2.8780369E-02
  2.5711622E-02  2.2435892E-02  1.8979371E-02  1.5370370E-02  1.1637256E-02
  7.8106071E-03  3.9211214E-03  0.0000000E+00 -3.9211209E-03 -7.8106071E-03
 -1.1637256E-02 -1.5370370E-02 -1.8979371E-02 -2.2435889E-02 -2.5711622E-02
 -2.8780371E-02 -3.1617373E-02 -3.4199882E-02 -3.6506910E-02 -3.8520016E-02
 -4.0223099E-02 -4.1602269E-02 -4.2646471E-02 -4.3347329E-02 -4.3699160E-02
  3.6976222E-02  3.6678486E-02  3.6085494E-02  3.5201911E-02  3.4034930E-02
  3.2593913E-02  3.0890401E-02  2.8938405E-02  2.6753113E-02  2.4352623E-02
  2.1755995E-02  1.8984139E-02  1.6059622E-02  1.3005614E-02  9.8468810E-03
  6.6091265E-03  3.3178625E-03  0.0000000E+00 -3.3178627E-03 -6.6091265E-03
 -9.8468801E-03 -1.3005614E-02 -1.6059622E-02 -1.8984139E-02 -2.1755993E-02
 -2.4352623E-02 -2.6753113E-02 -2.8938405E-02 -3.0890403E-02 -3.2593913E-02
 -3.4034934E-02 -3.5201915E-02 -3.6085490E-02 -3.6678486E-02 -3.6976226E-02
  3.0253276E-02  3.0009674E-02  2.9524492E-02  2.8801557E-02  2.7846768E-02
  2.6667738E-02  2.5274022E-02  2.3676798E-02  2.1888904E-02  1.9924872E-02
  1.7800400E-02  1.5532509E-02  1.3139620E-02  1.0640995E-02  8.0565074E-03
  5.4074968E-03  2.7146188E-03  0.0000000E+00 -2.7146190E-03 -5.4074968E-03
 -8.0565065E-03 -1.0640995E-02 -1.3139620E-02 -1.5532509E-02 -1.7800398E-02
 -1.9924873E-02 -2.1888904E-02 -2.3676798E-02 -2.5274022E-02 -2.6667738E-02
 -2.7846768E-02 -2.8801560E-02 -2.9524492E-02 -3.0009672E-02 -3.0253276E-02
  2.3530327E-02  2.3340862E-02  2.2963488E-02  2.2401212E-02  2.1658598E-02
  2.0741563E-02  1.9657575E-02  1.8415304E-02  1.7024720E-02  1.5497119E-02
  1.3844721E-02  1.2080892E-02  1.0219626E-02  8.2763582E-03  6.2661543E-03
  4.2058309E-03  2.1113756E-03  0.0000000E+00 -2.1113753E-03 -4.2058304E-03
 -6.2661543E-03 -8.2763582E-03 -1.0219627E-02 -1.2080893E-02 -1.3844721E-02
 -1.5497118E-02 -1.7024720E-02 -1.8415304E-02 -1.9657575E-02 -2.0741563E-02
 -2.1658603E-02 -2.2401216E-02 -2.2963488E-02 -2.3340862E-02 -2.3530323E-02
  1.6807374E-02  1.6672038E-02  1.6402500E-02  1.6000861E-02  1.5470424E-02
  1.4815412E-02  1.4041130E-02  1.3153773E-02  1.2160521E-02  1.1069369E-02
  9.8890848E-03  8.6291805E-03  7.2997953E-03  5.9116334E-03  4.4758762E-03
  3.0041190E-03  1.5081093E-03  0.0000000E+00 -1.5081093E-03 -3.0041188E-03
 -4.4758767E-03 -5.9116334E-03 -7.2997953E-03 -8.6291805E-03 -9.8890848E-03
 -1.1069369E-02 -1.2160521E-02 -1.3153773E-02 -1.4041130E-02 -1.4815411E-02
 -1.5470424E-02 -1.6000861E-02 -1.6402500E-02 -1.6672038E-02 -1.6807375E-02
  1.0084425E-02  1.0003225E-02  9.8414999E-03  9.6005136E-03  9.2822490E-03
  8.8892607E-03  8.4246788E-03  7.8922492E-03  7.2963238E-03  6.6416115E-03
  5.9334608E-03  5.1775044E-03  4.3798722E-03  3.5469867E-03  2.6855282E-03
  1.8024633E-03  9.0486184E-04  0.0000000E+00 -9.0486184E-04 -1.8024631E-03
 -2.6855282E-03 -3.5469867E-03 -4.3798718E-03 -5.1775053E-03 -5.9334598E-03
 -6.6416133E-03 -7.2963228E-03 -7.8922492E-03 -8.4246788E-03 -8.8892598E-03
 -9.2822490E-03 -9.6005127E-03 -9.8415017E-03 -1.0003225E-02 -1.0084425E-02
  3.3614747E-03  3.3344124E-03  3.2805002E-03  3.2001620E-03  3.0940874E-03
  2.9630868E-03  2.8082265E-03  2.6307497E-03  2.4321117E-03  2.2138637E-03
  1.9778237E-03  1.7258376E-03  1.4599524E-03  1.1823364E-03  8.9517608E-04
  6.0081109E-04  3.0162558E-04  0.0000000E+00 -3.0162558E-04 -6.0081109E-04
 -8.9517608E-04 -1.1823364E-03 -1.4599524E-03 -1.7258376E-03 -1.9778237E-03
 -2.2138637E-03 -2.4321117E-03 -2.6307497E-03 -2.8082265E-03 -2.9630868E-03
 -3.0940874E-03 -3.2001620E-03 -3.2805002E-03 -3.3344128E-03 -3.3614747E-03
  6.3867994E-02  6.3353792E-02  6.2329460E-02  6.0803246E-02  5.8787629E-02
  5.6298617E-02  5.3356260E-02  4.9984381E-02  4.6209991E-02  4.2063501E-02
  3.7578646E-02  3.2790869E-02  2.7739108E-02  2.2464367E-02  1.7008245E-02
  1.1415511E-02  5.7308674E-03  0.0000000E+00 -5.7308674E-03 -1.1415511E-02
 -1.7008245E-02 -2.2464365E-02 -2.7739108E-02 -3.2790869E-02 -3.7578642E-02
 -4.2063504E-02 -4.6209995E-02 -4.9984381E-02 -5.3356260E-02 -5.6298614E-02
 -5.8787629E-02 -6.0803249E-02 -6.2329471E-02 -6.3353784E-02 -6.3867994E-02
  5.7145048E-02  5.6684956E-02  5.5768479E-02  5.4402962E-02  5.2599430E-02
  5.0372358E-02  4.7739878E-02  4.4722889E-02  4.1345730E-02  3.7635881E-02
  3.3622891E-02  2.9339135E-02  2.4819344E-02  2.0099640E-02  1.5217871E-02
  1.0213882E-02  5.1276088E-03  0.0000000E+00 -5.1276092E-03 -1.0213882E-02
 -1.5217871E-02 -2.0099640E-02 -2.4819344E-02 -2.9339135E-02 -3.3622891E-02
 -3.7635881E-02 -4.1345734E-02 -4.4722889E-02 -4.7739875E-02 -5.0372358E-02
 -5.2599430E-02 -5.4402962E-02 -5.5768479E-02 -5.6684956E-02 -5.7145048E-02
  5.0422102E-02  5.0016154E-02  4.9207471E-02  4.8002616E-02  4.6411276E-02
  4.4446137E-02  4.2123500E-02  3.9461251E-02  3.6481619E-02  3.3208117E-02
  2.9667258E-02  2.5887519E-02  2.1899357E-02  1.7735004E-02  1.3427631E-02
  9.0121031E-03  4.5243800E-03  0.0000000E+00 -4.5243800E-03 -9.0121031E-03
 -1.3427631E-02 -1.7735004E-02 -2.1899357E-02 -2.5887519E-02 -2.9667256E-02
 -3.3208117E-02 -3.6481619E-02 -3.9461251E-02 -4.2123497E-02 -4.4446137E-02
 -4.6411276E-02 -4.8002612E-02 -4.9207471E-02 -5.0016157E-02 -5.0422102E-02
  4.3699160E-02  4.3347329E-02  4.2646471E-02  4.1602265E-02  4.0223099E-02
  3.8520020E-02  3.6506914E-02  3.4199882E-02  3.1617373E-02  2.8780369E-02
  2.5711622E-02  2.2435892E-02  1.8979371E-02  1.5370370E-02  1.1637256E-02
  7.8106071E-03  3.9211214E-03  0.0000000E+00 -3.9211209E-03 -7.8106071E-03
 -1.1637256E-02 -1.5370370E-02 -1.8979371E-02 -2.2435889E-02 -2.5711622E-02
 -2.8780371E-02 -3.1617373E-02 -3.4199882E-02 -3.6506910E-02 -3.8520016E-02
 -4.0223099E-02 -4.1602269E-02 -4.2646471E-02 -4.3347329E-02 -4.3699160E-02
  3.6976222E-02  3.6678486E-02  3.6085494E-02  3.5201911E-02  3.4034930E-02
  3.2593913E-02  3.0890401E-02  2.8938405E-02  2.6753113E-02  2.4352623E-02
  2.1755995E-02  1.8984139E-02  1.6059622E-02  1.3005614E-02  9.8468810E-03
  6.6091265E-03  3.3178625E-03  0.0000000E+00 -3.3178627E-03 -6.6091265E-03
 -9.8468801E-03 -1.3005614E-02 -1.6059622E-02 -1.8984139E-02 -2.1755993E-02
 -2.4352623E-02 -2.6753113E-02 -2.8938405E-02 -3.0890403E-02 -3.2593913E-02
 -3.4034934E-02 -3.5201915E-02 -3.6085490E-02 -3.6678486E-02 -3.6976226E-02
  3.0253276E-02  3.0009674E-02  2.9524492E-02  2.8801557E-02  2.7846768E-02
  2.6667738E-02  2.5274022E-02  2.3676798E-02  2.1888904E-02  1.9924872E-02
  1.7800400E-02  1.5532509E-02  1.3139620E-02  1.0640995E-02  8.0565074E-03
  5.4074968E-03  2.7146188E-03  0.0000000E+00 -2.7146190E-03 -5.4074968E-03
 -8.0565065E-03 -1.0640995E-02 -1.3139620E-02 -1.5532509E-02 -1.7800398E-02
 -1.9924873E-02 -2.1888904E-02 -2.3676798E-02 -2.5274022E-02 -2.6667738E-02
 -2.7846768E-02 -2.8801560E-02 -2.9524492E-02 -3.0009672E-02 -3.0253276E-02
  2.3530327E-02  2.3340862E-02  2.2963488E-02  2.2401212E-02  2.1658598E-02
  2.0741563E-02  1.9657575E-02  1.8415304E-02  1.7024720E-02  1.5497119E-02
  1.3844721E-02  1.2080892E-02  1.0219626E-02  8.2763582E-03  6.2661543E-03
  4.2058309E-03  2.1113756E-03  0.0000000E+00 -2.1113753E-03 -4.2058304E-03
 -6.2661543E-03 -8.2763582E-03 -1.0219627E-02 -1.2080893E-02 -1.3844721E-02
 -1.5497118E-02 -1.7024720E-02 -1.8415304E-02 -1.9657575E-02 -2.0741563E-02
 -2.1658603E-02 -2.2401216E-02 -2.2963488E-02 -2.3340862E-02 -2.3530323E-02
  1.6807374E-02  1.6672038E-02  1.6402500E-02  1.6000861E-02  1.5470424E-02
  1.4815412E-02  1.4041130E-02  1.3153773E-02  1.2160521E-02  1.1069369E-02
  9.8890848E-03  8.6291805E-03  7.2997953E-03  5.9116334E-03  4.4758762E-03
  3.0041190E-03  1.5081093E-03  0.0000000E+00 -1.5081093E-03 -3.0041188E-03
 -4.4758767E-03 -5.9116334E-03 -7.2997953E-03 -8.6291805E-03 -9.8890848E-03
 -1.1069369E-02 -1.2160521E-02 -1.3153773E-02 -1.4041130E-02 -1.4815411E-02
 -1.5470424E-02 -1.6000861E-02 -1.6402500E-02 -1.6672038E-02 -1.6807375E-02
  1.0084425E-02  1.0003225E-02  9.8414999E-03  9.6005136E-03  9.2822490E-03
  8.8892607E-03  8.4246788E-03  7.8922492E-03  7.2963238E-03  6.6416115E-03
  5.9334608E-03  5.1775044E-03  4.3798722E-03  3.5469867E-03  2.6855282E-03
  1.8024633E-03  9.0486184E-04  0.0000000E+00 -9.0486184E-04 -1.8024631E-03
 -2.6855282E-03 -3.5469867E-03 -4.3798718E-03 -5.1775053E-03 -5.9334598E-03
 -6.6416133E-03 -7.2963228E-03 -7.8922492E-03 -8.4246788E-03 -8.8892598E-03
 -9.2822490E-03 -9.6005127E-03 -9.8415017E-03 -1.0003225E-02 -1.0084425E-02
  3.3614747E-03  3.3344124E-03  3.2805002E-03  3.2001620E-03  3.0940874E-03
  2.9630868E-03  2.8082265E-03  2.6307497E-03  2.4321117E-03  2.2138637E-03
  1.9778237E-03  1.7258376E-03  1.4599524E-03  1.1823364E-03  8.9517608E-04
  6.0081109E-04  3.0162558E-04  0.0000000E+00 -3.0162558E-04 -6.0081109E-04
 -8.9517608E-04 -1.1823364E-03 -1.4599524E-03 -1.7258376E-03 -1.9778237E-03
 -2.2138637E-03 -2.4321117E-03 -2.6307497E-03 -2.8082265E-03 -2.9630868E-03
 -3.0940874E-03 -3.2001620E-03 -3.2805002E-03 -3.3344128E-03 -3.3614747E-03
 -7.6641545E-02 -7.6641575E-02 -7.6641619E-02 -7.6641649E-02 -7.6641724E-02
 -7.6641694E-02 -7.6641560E-02 -7.6641619E-02 -7.6641530E-02 -7.6641686E-02
 -7.6641515E-02 -7.6641731E-02 -7.6641470E-02 -7.6641664E-02 -7.6641664E-02
 -7.6641664E-02 -7.6641627E-02 -7.6641649E-02 -7.6641627E-02 -7.6641664E-02
 -7.6641664E-02 -7.6641664E-02 -7.6641470E-02 -7.6641724E-02 -7.6641515E-02
 -7.6641694E-02 -7.6641537E-02 -7.6641619E-02 -7.6641560E-02 -7.6641694E-02
 -7.6641724E-02 -7.6641664E-02 -7.6641627E-02 -7.6641575E-02 -7.6641537E-02
 -6.8574138E-02 -6.8574183E-02 -6.8574131E-02 -6.8574056E-02 -6.8574071E-02
 -6.8574071E-02 -6.8574131E-02 -6.8574041E-02 -6.8574101E-02 -6.8573914E-02
 -6.8573937E-02 -6.8574108E-02 -6.8574011E-02 -6.8574116E-02 -6.8573974E-02
 -6.8574019E-02 -6.8574078E-02 -6.8574056E-02 -6.8574078E-02 -6.8574019E-02
 -6.8573974E-02 -6.8574116E-02 -6.8574011E-02 -6.8574101E-02 -6.8573937E-02
 -6.8573914E-02 -6.8574108E-02 -6.8574041E-02 -6.8574123E-02 -6.8574071E-02
 -6.8574071E-02 -6.8574056E-02 -6.8574131E-02 -6.8574183E-02 -6.8574138E-02
 -6.0506500E-02 -6.0506508E-02 -6.0506519E-02 -6.0506593E-02 -6.0506534E-02
 -6.0506437E-02 -6.0506642E-02 -6.0506560E-02 -6.0506657E-02 -6.0506489E-02
 -6.0506638E-02 -6.0506508E-02 -6.0506552E-02 -6.0506646E-02 -6.0506504E-02
 -6.0506485E-02 -6.0506575E-02 -6.0506567E-02 -6.0506575E-02 -6.0506485E-02
 -6.0506504E-02 -6.0506646E-02 -6.0506556E-02 -6.0506508E-02 -6.0506627E-02
 -6.0506482E-02 -6.0506657E-02 -6.0506560E-02 -6.0506627E-02 -6.0506437E-02
 -6.0506534E-02 -6.0506590E-02 -6.0506523E-02 -6.0506511E-02 -6.0506500E-02
 -5.2438963E-02 -5.2439004E-02 -5.2439000E-02 -5.2438967E-02 -5.2438948E-02
 -5.2438952E-02 -5.2438859E-02 -5.2439056E-02 -5.2438863E-02 -5.2438937E-02
 -5.2439049E-02 -5.2439094E-02 -5.2438937E-02 -5.2439015E-02 -5.2439019E-02
 -5.2438948E-02 -5.2438833E-02 -5.2438814E-02 -5.2438829E-02 -5.2438945E-02
 -5.2439015E-02 -5.2439019E-02 -5.2438937E-02 -5.2439090E-02 -5.2439049E-02
 -5.2438941E-02 -5.2438863E-02 -5.2439056E-02 -5.2438851E-02 -5.2438945E-02
 -5.2438952E-02 -5.2438967E-02 -5.2439000E-02 -5.2439004E-02 -5.2438963E-02
 -4.4371527E-02 -4.4371516E-02 -4.4371489E-02 -4.4371497E-02 -4.4371538E-02
 -4.4371493E-02 -4.4371445E-02 -4.4371612E-02 -4.4371478E-02 -4.4371549E-02
 -4.4371556E-02 -4.4371448E-02 -4.4371508E-02 -4.4371441E-02 -4.4371426E-02
 -4.4371460E-02 -4.4371452E-02 -4.4371493E-02 -4.4371460E-02 -4.4371460E-02
 -4.4371422E-02 -4.4371445E-02 -4.4371508E-02 -4.4371448E-02 -4.4371556E-02
 -4.4371549E-02 -4.4371478E-02 -4.4371612E-02 -4.4371448E-02 -4.4371493E-02
 -4.4371542E-02 -4.4371497E-02 -4.4371493E-02 -4.4371516E-02 -4.4371523E-02
 -3.6303915E-02 -3.6303818E-02 -3.6303911E-02 -3.6303859E-02 -3.6303841E-02
 -3.6303826E-02 -3.6303926E-02 -3.6303863E-02 -3.6303833E-02 -3.6303915E-02
 -3.6303945E-02 -3.6303900E-02 -3.6303923E-02 -3.6303964E-02 -3.6303934E-02
 -3.6303986E-02 -3.6303926E-02 -3.6303949E-02 -3.6303923E-02 -3.6303986E-02
 -3.6303930E-02 -3.6303964E-02 -3.6303923E-02 -3.6303900E-02 -3.6303941E-02
 -3.6303919E-02 -3.6303833E-02 -3.6303863E-02 -3.6303923E-02 -3.6303826E-02
 -3.6303841E-02 -3.6303863E-02 -3.6303911E-02 -3.6303815E-02 -3.6303915E-02
 -2.8236384E-02 -2.8236382E-02 -2.8236419E-02 -2.8236333E-02 -2.8236395E-02
 -2.8236398E-02 -2.8236436E-02 -2.8236402E-02 -2.8236371E-02 -2.8236397E-02
 -2.8236382E-02 -2.8236430E-02 -2.8236341E-02 -2.8236391E-02 -2.8236352E-02
 -2.8236400E-02 -2.8236389E-02 -2.8236423E-02 -2.8236402E-02 -2.8236395E-02
 -2.8236354E-02 -2.8236393E-02 -2.8236344E-02 -2.8236434E-02 -2.8236385E-02
 -2.8236395E-02 -2.8236369E-02 -2.8236402E-02 -2.8236438E-02 -2.8236398E-02
 -2.8236400E-02 -2.8236333E-02 -2.8236419E-02 -2.8236380E-02 -2.8236382E-02
 -2.0168846E-02 -2.0168833E-02 -2.0168852E-02 -2.0168841E-02 -2.0168846E-02
 -2.0168843E-02 -2.0168852E-02 -2.0168846E-02 -2.0168837E-02 -2.0168854E-02
 -2.0168835E-02 -2.0168848E-02 -2.0168852E-02 -2.0168837E-02 -2.0168843E-02
 -2.0168850E-02 -2.0168837E-02 -2.0168865E-02 -2.0168852E-02 -2.0168848E-02
 -2.0168843E-02 -2.0168839E-02 -2.0168852E-02 -2.0168848E-02 -2.0168835E-02
 -2.0168854E-02 -2.0168837E-02 -2.0168846E-02 -2.0168852E-02 -2.0168841E-02
 -2.0168846E-02 -2.0168841E-02 -2.0168854E-02 -2.0168833E-02 -2.0168848E-02
 -1.2101310E-02 -1.2101304E-02 -1.2101314E-02 -1.2101298E-02 -1.2101299E-02
 -1.2101321E-02 -1.2101312E-02 -1.2101295E-02 -1.2101313E-02 -1.2101306E-02
 -1.2101311E-02 -1.2101312E-02 -1.2101307E-02 -1.2101303E-02 -1.2101294E-02
 -1.2101309E-02 -1.2101324E-02 -1.2101293E-02 -1.2101324E-02 -1.2101308E-02
 -1.2101295E-02 -1.2101301E-02 -1.2101307E-02 -1.2101314E-02 -1.2101309E-02
 -1.2101307E-02 -1.2101312E-02 -1.2101296E-02 -1.2101310E-02 -1.2101321E-02
 -1.2101298E-02 -1.2101295E-02 -1.2101313E-02 -1.2101303E-02 -1.2101309E-02
 -4.0337699E-03 -4.0337727E-03 -4.0337713E-03 -4.0337555E-03 -4.0337723E-03
 -4.0337793E-03 -4.0337667E-03 -4.0337676E-03 -4.0337704E-03 -4.0337658E-03
 -4.0337676E-03 -4.0337727E-03 -4.0337662E-03 -4.0337713E-03 -4.0337667E-03
 -4.0337672E-03 -4.0337793E-03 -4.0337541E-03 -4.0337797E-03 -4.0337672E-03
 -4.0337667E-03 -4.0337713E-03 -4.0337662E-03 -4.0337727E-03 -4.0337676E-03
 -4.0337658E-03 -4.0337709E-03 -4.0337676E-03 -4.0337667E-03 -4.0337793E-03
 -4.0337723E-03 -4.0337555E-03 -4.0337713E-03 -4.0337732E-03 -4.0337699E-03
 -7.6641545E-02 -7.6641575E-02 -7.6641619E-02 -7.6641649E-02 -7.6641724E-02
 -7.6641694E-02 -7.6641560E-02 -7.6641619E-02 -7.6641530E-02 -7.6641686E-02
 -7.6641515E-02 -7.6641731E-02 -7.6641470E-02 -7.6641664E-02 -7.6641664E-02
 -7.6641664E-02 -7.6641627E-02 -7.6641649E-02 -7.6641627E-02 -7.6641664E-02
 -7.6641664E-02 -7.6641664E-02 -7.6641470E-02 -7.6641724E-02 -7.6641515E-02
 -7.6641694E-02 -7.6641537E-02 -7.6641619E-02 -7.6641560E-02 -7.6641694E-02
 -7.6641724E-02 -7.6641664E-02 -7.6641627E-02 -7.6641575E-02 -7.6641537E-02
 -6.8574138E-02 -6.8574183E-02 -6.8574131E-02 -6.8574056E-02 -6.8574071E-02
 -6.8574071E-02 -6.8574131E-02 -6.8574041E-02 -6.8574101E-02 -6.8573914E-02
 -6.8573937E-02 -6.8574108E-02 -6.8574011E-02 -6.8574116E-02 -6.8573974E-02
 -6.8574019E-02 -6.8574078E-02 -6.8574056E-02 -6.8574078E-02 -6.8574019E-02
 -6.8573974E-02 -6.8574116E-02 -6.8574011E-02 -6.8574101E-02 -6.8573937E-02
 -6.8573914E-02 -6.8574108E-02 -6.8574041E-02 -6.8574123E-02 -6.8574071E-02
 -6.8574071E-02 -6.8574056E-02 -6.8574131E-02 -6.8574183E-02 -6.8574138E-02
 -6.0506500E-02 -6.0506508E-02 -6.0506519E-02 -6.0506593E-02 -6.0506534E-02
 -6.0506437E-02 -6.0506642E-02 -6.0506560E-02 -6.0506657E-02 -6.0506489E-02
 -6.0506638E-02 -6.0506508E-02 -6.0506552E-02 -6.0506646E-02 -6.0506504E-02
 -6.0506485E-02 -6.0506575E-02 -6.0506567E-02 -6.0506575E-02 -6.0506485E-02
 -6.0506504E-02 -6.0506646E-02 -6.0506556E-02 -6.0506508E-02 -6.0506627E-02
 -6.0506482E-02 -6.0506657E-02 -6.0506560E-02 -6.0506627E-02 -6.0506437E-02
 -6.0506534E-02 -6.0506590E-02 -6.0506523E-02 -6.0506511E-02 -6.0506500E-02
 -5.2438963E-02 -5.2439004E-02 -5.2439000E-02 -5.2438967E-02 -5.2438948E-02
 -5.2438952E-02 -5.2438859E-02 -5.2439056E-02 -5.2438863E-02 -5.2438937E-02
 -5.2439049E-02 -5.2439094E-02 -5.2438937E-02 -5.2439015E-02 -5.2439019E-02
 -5.2438948E-02 -5.2438833E-02 -5.2438814E-02 -5.2438829E-02 -5.2438945E-02
 -5.2439015E-02 -5.2439019E-02 -5.2438937E-02 -5.2439090E-02 -5.2439049E-02
 -5.2438941E-02 -5.2438863E-02 -5.2439056E-02 -5.2438851E-02 -5.2438945E-02
 -5.2438952E-02 -5.2438967E-02 -5.2439000E-02 -5.2439004E-02 -5.2438963E-02
 -4.4371527E-02 -4.4371516E-02 -4.4371489E-02 -4.4371497E-02 -4.4371538E-02
 -4.4371493E-02 -4.4371445E-02 -4.4371612E-02 -4.4371478E-02 -4.4371549E-02
 -4.4371556E-02 -4.4371448E-02 -4.4371508E-02 -4.4371441E-02 -4.4371426E-02
 -4.4371460E-02 -4.4371452E-02 -4.4371493E-02 -4.4371460E-02 -4.4371460E-02
 -4.4371422E-02 -4.4371445E-02 -4.4371508E-02 -4.4371448E-02 -4.4371556E-02
 -4.4371549E-02 -4.4371478E-02 -4.4371612E-02 -4.4371448E-02 -4.4371493E-02
 -4.4371542E-02 -4.4371497E-02 -4.4371493E-02 -4.4371516E-02 -4.4371523E-02
 -3.6303915E-02 -3.6303818E-02 -3.6303911E-02 -3.6303859E-02 -3.6303841E-02
 -3.6303826E-02 -3.6303926E-02 -3.6303863E-02 -3.6303833E-02 -3.6303915E-02
 -3.6303945E-02 -3.6303900E-02 -3.6303923E-02 -3.6303964E-02 -3.6303934E-02
 -3.6303986E-02 -3.6303926E-02 -3.6303949E-02 -3.6303923E-02 -3.6303986E-02
 -3.6303930E-02 -3.6303964E-02 -3.6303923E-02 -3.6303900E-02 -3.6303941E-02
 -3.6303919E-02 -3.6303833E-02 -3.6303863E-02 -3.6303923E-02 -3.6303826E-02
 -3.6303841E-02 -3.6303863E-02 -3.6303911E-02 -3.6303815E-02 -3.6303915E-02
 -2.8236384E-02 -2.8236382E-02 -2.8236419E-02 -2.8236333E-02 -2.8236395E-02
 -2.8236398E-02 -2.8236436E-02 -2.8236402E-02 -2.8236371E-02 -2.8236397E-02
 -2.8236382E-02 -2.8236430E-02 -2.8236341E-02 -2.8236391E-02 -2.8236352E-02
 -2.8236400E-02 -2.8236389E-02 -2.8236423E-02 -2.8236402E-02 -2.8236395E-02
 -2.8236354E-02 -2.8236393E-02 -2.8236344E-02 -2.8236434E-02 -2.8236385E-02
 -2.8236395E-02 -2.8236369E-02 -2.8236402E-02 -2.8236438E-02 -2.8236398E-02
 -2.8236400E-02 -2.8236333E-02 -2.8236419E-02 -2.8236380E-02 -2.8236382E-02
 -2.0168846E-02 -2.0168833E-02 -2.0168852E-02 -2.0168841E-02 -2.0168846E-02
 -2.0168843E-02 -2.0168852E-02 -2.0168846E-02 -2.0168837E-02 -2.0168854E-02
 -2.0168835E-02 -2.0168848E-02 -2.0168852E-02 -2.0168837E-02 -2.0168843E-02
 -2.0168850E-02 -2.0168837E-02 -2.0168865E-02 -2.0168852E-02 -2.0168848E-02
 -2.0168843E-02 -2.0168839E-02 -2.0168852E-02 -2.0168848E-02 -2.0168835E-02
 -2.0168854E-02 -2.0168837E-02 -2.0168846E-02 -2.0168852E-02 -2.0168841E-02
 -2.0168846E-02 -2.0168841E-02 -2.0168854E-02 -2.0168833E-02 -2.0168848E-02
 -1.2101310E-02 -1.2101304E-02 -1.2101314E-02 -1.2101298E-02 -1.2101299E-02
 -1.2101321E-02 -1.2101312E-02 -1.2101295E-02 -1.2101313E-02 -1.2101306E-02
 -1.2101311E-02 -1.2101312E-02 -1.2101307E-02 -1.2101303E-02 -1.2101294E-02
 -1.2101309E-02 -1.2101324E-02 -1.2101293E-02 -1.2101324E-02 -1.2101308E-02
 -1.2101295E-02 -1.2101301E-02 -1.2101307E-02 -1.2101314E-02 -1.2101309E-02
 -1.2101307E-02 -1.2101312E-02 -1.2101296E-02 -1.2101310E-02 -1.2101321E-02
 -1.2101298E-02 -1.2101295E-02 -1.2101313E-02 -1.2101303E-02 -1.2101309E-02
 -4.0337699E-03 -4.0337727E-03 -4.0337713E-03 -4.0337555E-03 -4.0337723E-03
 -4.0337793E-03 -4.0337667E-03 -4.0337676E-03 -4.0337704E-03 -4.0337658E-03
 -4.0337676E-03 -4.0337727E-03 -4.0337662E-03 -4.0337713E-03 -4.0337667E-03
 -4.0337672E-03 -4.0337793E-03 -4.0337541E-03 -4.0337797E-03 -4.0337672E-03
 -4.0337667E-03 -4.0337713E-03 -4.0337662E-03 -4.0337727E-03 -4.0337676E-03
 -4.0337658E-03 -4.0337709E-03 -4.0337676E-03 -4.0337667E-03 -4.0337793E-03
 -4.0337723E-03 -4.0337555E-03 -4.0337713E-03 -4.0337732E-03 -4.0337699E-03
  0.4019506      0.3987145      0.3922681      0.3826632      0.3699778    
  0.3543132      0.3357954      0.3145747      0.2908206      0.2647254    
  0.2364991      0.2063682      0.1745752      0.1413782      0.1070412    
  7.1843289E-02  3.6066949E-02  0.0000000E+00 -3.6066949E-02 -7.1843289E-02
 -0.1070412     -0.1413782     -0.1745752     -0.2063682     -0.2364991    
 -0.2647254     -0.2908206     -0.3145746     -0.3357954     -0.3543132    
 -0.3699779     -0.3826632     -0.3922681     -0.3987145     -0.4019505    
  0.3248592      0.3222438      0.3170336      0.3092707      0.2990180    
  0.2863576      0.2713923      0.2542411      0.2350430      0.2139526    
  0.1911397      0.1667878      0.1410932      0.1142626      8.6511143E-02
  5.8064137E-02  2.9149497E-02  1.2772913E-10 -2.9149499E-02 -5.8064137E-02
 -8.6511143E-02 -0.1142626     -0.1410932     -0.1667878     -0.1911397    
 -0.2139526     -0.2350430     -0.2542411     -0.2713922     -0.2863576    
 -0.2990180     -0.3092707     -0.3170336     -0.3222438     -0.3248592    
  0.2559594      0.2538987      0.2497936      0.2436775      0.2355992    
  0.2256235      0.2138328      0.2003188      0.1851930      0.1685754    
  0.1506011      0.1314137      0.1111686      9.0028673E-02  6.8163216E-02
  4.5748938E-02  2.2967217E-02  1.1270226E-10 -2.2967217E-02 -4.5748938E-02
 -6.8163216E-02 -9.0028673E-02 -0.1111686     -0.1314137     -0.1506011    
 -0.1685754     -0.1851930     -0.2003188     -0.2138328     -0.2256236    
 -0.2355992     -0.2436775     -0.2497936     -0.2538987     -0.2559594    
  0.1952522      0.1936803      0.1905488      0.1858831      0.1797208    
  0.1721114      0.1631164      0.1528085      0.1412694      0.1285935    
  0.1148822      0.1002459      8.4801920E-02  6.8676136E-02  5.1996566E-02
  3.4898672E-02  1.7519915E-02  4.8837451E-11 -1.7519914E-02 -3.4898672E-02
 -5.1996563E-02 -6.8676136E-02 -8.4801920E-02 -0.1002459     -0.1148822    
 -0.1285935     -0.1412694     -0.1528085     -0.1631164     -0.1721114    
 -0.1797208     -0.1858831     -0.1905488     -0.1936803     -0.1952522    
  0.1427374      0.1415881      0.1392989      0.1358881      0.1313833    
  0.1258206      0.1192446      0.1117094      0.1032737      9.4007187E-02
  8.3983563E-02  7.3283538E-02  6.1993990E-02  5.0204847E-02  3.8011506E-02
  2.5512630E-02  1.2807768E-02  8.2648346E-11 -1.2807769E-02 -2.5512630E-02
 -3.8011506E-02 -5.0204851E-02 -6.1993983E-02 -7.3283531E-02 -8.3983563E-02
 -9.4007187E-02 -0.1032737     -0.1117094     -0.1192447     -0.1258206    
 -0.1313833     -0.1358881     -0.1392989     -0.1415881     -0.1427374    
  9.8414548E-02  9.7622007E-02  9.6043788E-02  9.3692034E-02  9.0586036E-02
  8.6750649E-02  8.2216948E-02  7.7021077E-02  7.1205065E-02  6.4816020E-02
  5.7905030E-02  5.0527595E-02  4.2743497E-02  3.4615338E-02  2.6208144E-02
  1.7590523E-02  8.8307094E-03 -3.3810687E-11 -8.8307103E-03 -1.7590523E-02
 -2.6208142E-02 -3.4615334E-02 -4.2743497E-02 -5.0527595E-02 -5.7905026E-02
 -6.4816028E-02 -7.1205065E-02 -7.7021077E-02 -8.2216941E-02 -8.6750649E-02
 -9.0586036E-02 -9.3692042E-02 -9.6043788E-02 -9.7622000E-02 -9.8414548E-02
  6.2284064E-02  6.1782580E-02  6.0783707E-02  5.9295297E-02  5.7329670E-02
  5.4902349E-02  5.2033067E-02  4.8744757E-02  4.5063935E-02  4.1020416E-02
  3.6646560E-02  3.1977735E-02  2.7051138E-02  2.1907199E-02  1.6586427E-02
  1.1132591E-02  5.5887387E-03  0.0000000E+00 -5.5887387E-03 -1.1132590E-02
 -1.6586429E-02 -2.1907197E-02 -2.7051140E-02 -3.1977739E-02 -3.6646560E-02
 -4.1020412E-02 -4.5063935E-02 -4.8744757E-02 -5.2033063E-02 -5.4902341E-02
 -5.7329681E-02 -5.9295297E-02 -6.0783710E-02 -6.1782580E-02 -6.2284060E-02
  3.4345828E-02  3.4069270E-02  3.3518467E-02  3.2697726E-02  3.1613771E-02
  3.0275263E-02  2.8693015E-02  2.6879709E-02  2.4849994E-02  2.2620229E-02
  2.0208314E-02  1.7633710E-02  1.4917114E-02  1.2080411E-02  9.1464520E-03
  6.1388905E-03  3.0818267E-03  0.0000000E+00 -3.0818277E-03 -6.1388905E-03
 -9.1464520E-03 -1.2080413E-02 -1.4917118E-02 -1.7633710E-02 -2.0208312E-02
 -2.2620229E-02 -2.4849994E-02 -2.6879709E-02 -2.8693015E-02 -3.0275255E-02
 -3.1613771E-02 -3.2697726E-02 -3.3518467E-02 -3.4069270E-02 -3.4345832E-02
  1.4599844E-02  1.4482285E-02  1.4248147E-02  1.3899257E-02  1.3438480E-02
  1.2869529E-02  1.2196925E-02  1.1426100E-02  1.0563335E-02  9.6154744E-03
  8.5902316E-03  7.4957935E-03  6.3410136E-03  5.1351883E-03  3.8880056E-03
  2.6095349E-03  1.3100305E-03  2.8175517E-12 -1.3100305E-03 -2.6095344E-03
 -3.8880056E-03 -5.1351888E-03 -6.3410122E-03 -7.4957963E-03 -8.5902298E-03
 -9.6154762E-03 -1.0563333E-02 -1.1426101E-02 -1.2196925E-02 -1.2869526E-02
 -1.3438481E-02 -1.3899256E-02 -1.4248148E-02 -1.4482285E-02 -1.4599844E-02
  3.0461131E-03  3.0215895E-03  2.9727349E-03  2.8999345E-03  2.8038106E-03
  2.6851010E-03  2.5447672E-03  2.3839429E-03  2.2039381E-03  2.0061682E-03
  1.7922691E-03  1.5639253E-03  1.3229861E-03  1.0714118E-03  8.1119395E-04
  5.4444704E-04  2.7332787E-04  0.0000000E+00 -2.7332787E-04 -5.4444704E-04
 -8.1119395E-04 -1.0714118E-03 -1.3229861E-03 -1.5639253E-03 -1.7922691E-03
 -2.0061682E-03 -2.2039381E-03 -2.3839429E-03 -2.5447672E-03 -2.6851010E-03
 -2.8038106E-03 -2.8999345E-03 -2.9727349E-03 -3.0215897E-03 -3.0461131E-03
  0.4019506      0.3987145      0.3922681      0.3826632      0.3699778    
  0.3543132      0.3357954      0.3145747      0.2908206      0.2647254    
  0.2364991      0.2063682      0.1745752      0.1413782      0.1070412    
  7.1843289E-02  3.6066949E-02  0.0000000E+00 -3.6066949E-02 -7.1843289E-02
 -0.1070412     -0.1413782     -0.1745752     -0.2063682     -0.2364991    
 -0.2647254     -0.2908206     -0.3145746     -0.3357954     -0.3543132    
 -0.3699779     -0.3826632     -0.3922681     -0.3987145     -0.4019505    
  0.3248592      0.3222438      0.3170336      0.3092707      0.2990180    
  0.2863576      0.2713923      0.2542411      0.2350430      0.2139526    
  0.1911397      0.1667878      0.1410932      0.1142626      8.6511143E-02
  5.8064137E-02  2.9149497E-02  1.2772913E-10 -2.9149499E-02 -5.8064137E-02
 -8.6511143E-02 -0.1142626     -0.1410932     -0.1667878     -0.1911397    
 -0.2139526     -0.2350430     -0.2542411     -0.2713922     -0.2863576    
 -0.2990180     -0.3092707     -0.3170336     -0.3222438     -0.3248592    
  0.2559594      0.2538987      0.2497936      0.2436775      0.2355992    
  0.2256235      0.2138328      0.2003188      0.1851930      0.1685754    
  0.1506011      0.1314137      0.1111686      9.0028673E-02  6.8163216E-02
  4.5748938E-02  2.2967217E-02  1.1270226E-10 -2.2967217E-02 -4.5748938E-02
 -6.8163216E-02 -9.0028673E-02 -0.1111686     -0.1314137     -0.1506011    
 -0.1685754     -0.1851930     -0.2003188     -0.2138328     -0.2256236    
 -0.2355992     -0.2436775     -0.2497936     -0.2538987     -0.2559594    
  0.1952522      0.1936803      0.1905488      0.1858831      0.1797208    
  0.1721114      0.1631164      0.1528085      0.1412694      0.1285935    
  0.1148822      0.1002459      8.4801920E-02  6.8676136E-02  5.1996566E-02
  3.4898672E-02  1.7519915E-02  4.8837451E-11 -1.7519914E-02 -3.4898672E-02
 -5.1996563E-02 -6.8676136E-02 -8.4801920E-02 -0.1002459     -0.1148822    
 -0.1285935     -0.1412694     -0.1528085     -0.1631164     -0.1721114    
 -0.1797208     -0.1858831     -0.1905488     -0.1936803     -0.1952522    
  0.1427374      0.1415881      0.1392989      0.1358881      0.1313833    
  0.1258206      0.1192446      0.1117094      0.1032737      9.4007187E-02
  8.3983563E-02  7.3283538E-02  6.1993990E-02  5.0204847E-02  3.8011506E-02
  2.5512630E-02  1.2807768E-02  8.2648346E-11 -1.2807769E-02 -2.5512630E-02
 -3.8011506E-02 -5.0204851E-02 -6.1993983E-02 -7.3283531E-02 -8.3983563E-02
 -9.4007187E-02 -0.1032737     -0.1117094     -0.1192447     -0.1258206    
 -0.1313833     -0.1358881     -0.1392989     -0.1415881     -0.1427374    
  9.8414548E-02  9.7622007E-02  9.6043788E-02  9.3692034E-02  9.0586036E-02
  8.6750649E-02  8.2216948E-02  7.7021077E-02  7.1205065E-02  6.4816020E-02
  5.7905030E-02  5.0527595E-02  4.2743497E-02  3.4615338E-02  2.6208144E-02
  1.7590523E-02  8.8307094E-03 -3.3810687E-11 -8.8307103E-03 -1.7590523E-02
 -2.6208142E-02 -3.4615334E-02 -4.2743497E-02 -5.0527595E-02 -5.7905026E-02
 -6.4816028E-02 -7.1205065E-02 -7.7021077E-02 -8.2216941E-02 -8.6750649E-02
 -9.0586036E-02 -9.3692042E-02 -9.6043788E-02 -9.7622000E-02 -9.8414548E-02
  6.2284064E-02  6.1782580E-02  6.0783707E-02  5.9295297E-02  5.7329670E-02
  5.4902349E-02  5.2033067E-02  4.8744757E-02  4.5063935E-02  4.1020416E-02
  3.6646560E-02  3.1977735E-02  2.7051138E-02  2.1907199E-02  1.6586427E-02
  1.1132591E-02  5.5887387E-03  0.0000000E+00 -5.5887387E-03 -1.1132590E-02
 -1.6586429E-02 -2.1907197E-02 -2.7051140E-02 -3.1977739E-02 -3.6646560E-02
 -4.1020412E-02 -4.5063935E-02 -4.8744757E-02 -5.2033063E-02 -5.4902341E-02
 -5.7329681E-02 -5.9295297E-02 -6.0783710E-02 -6.1782580E-02 -6.2284060E-02
  3.4345828E-02  3.4069270E-02  3.3518467E-02  3.2697726E-02  3.1613771E-02
  3.0275263E-02  2.8693015E-02  2.6879709E-02  2.4849994E-02  2.2620229E-02
  2.0208314E-02  1.7633710E-02  1.4917114E-02  1.2080411E-02  9.1464520E-03
  6.1388905E-03  3.0818267E-03  0.0000000E+00 -3.0818277E-03 -6.1388905E-03
 -9.1464520E-03 -1.2080413E-02 -1.4917118E-02 -1.7633710E-02 -2.0208312E-02
 -2.2620229E-02 -2.4849994E-02 -2.6879709E-02 -2.8693015E-02 -3.0275255E-02
 -3.1613771E-02 -3.2697726E-02 -3.3518467E-02 -3.4069270E-02 -3.4345832E-02
  1.4599844E-02  1.4482285E-02  1.4248147E-02  1.3899257E-02  1.3438480E-02
  1.2869529E-02  1.2196925E-02  1.1426100E-02  1.0563335E-02  9.6154744E-03
  8.5902316E-03  7.4957935E-03  6.3410136E-03  5.1351883E-03  3.8880056E-03
  2.6095349E-03  1.3100305E-03  2.8175517E-12 -1.3100305E-03 -2.6095344E-03
 -3.8880056E-03 -5.1351888E-03 -6.3410122E-03 -7.4957963E-03 -8.5902298E-03
 -9.6154762E-03 -1.0563333E-02 -1.1426101E-02 -1.2196925E-02 -1.2869526E-02
 -1.3438481E-02 -1.3899256E-02 -1.4248148E-02 -1.4482285E-02 -1.4599844E-02
  3.0461131E-03  3.0215895E-03  2.9727349E-03  2.8999345E-03  2.8038106E-03
  2.6851010E-03  2.5447672E-03  2.3839429E-03  2.2039381E-03  2.0061682E-03
  1.7922691E-03  1.5639253E-03  1.3229861E-03  1.0714118E-03  8.1119395E-04
  5.4444704E-04  2.7332787E-04  0.0000000E+00 -2.7332787E-04 -5.4444704E-04
 -8.1119395E-04 -1.0714118E-03 -1.3229861E-03 -1.5639253E-03 -1.7922691E-03
 -2.0061682E-03 -2.2039381E-03 -2.3839429E-03 -2.5447672E-03 -2.6851010E-03
 -2.8038106E-03 -2.8999345E-03 -2.9727349E-03 -3.0215897E-03 -3.0461131E-03
