  4.6955287E-02  -1.570796       4.696045     -1.8146825E-12  3.2872777E-07
 -9.7273301E-12   13.99509     -4.8973959E-12  0.4245311      -1.570796    
   4.690079      7.6672642E-09  1.4909169E-07 -5.7639227E-11   13.97729    
  2.2679084E-08   1.182135      -1.570796       4.703582      3.7752469E-07
  6.6321604E-08 -4.1382009E-10   14.01754      1.1251434E-06   2.322677    
  -1.570795       4.725036      3.9402216E-06 -8.4948063E-08  1.4661055E-09
   14.08149      1.1743307E-05   3.840875      -1.570791       4.742171    
  2.2888118E-05  2.5239363E-08 -7.2759576E-12   14.13251      6.8209185E-05
   5.745496      -1.570779       4.768994      9.2953014E-05  1.1335484E-07
 -1.4988473E-09   14.21248      2.7701230E-04   8.008618      -1.570749    
   4.784497      2.9775471E-04  3.6866101E-07  3.9872248E-09   14.25870    
  8.8736683E-04   10.60825      -1.570685       4.790053      8.0505817E-04
  2.5228567E-07  1.7025741E-08   14.27524      2.3992304E-03   13.64695    
  -1.570564       4.831824      1.9226349E-03  3.4895677E-07  7.2177500E-09
   14.39972      5.7298234E-03   16.93573      -1.570347       4.839870    
  4.1489569E-03  1.2122715E-07 -2.4301698E-08   14.42371      1.2364661E-02
   20.70480      -1.569992       4.887649      8.2955239E-03  8.4300524E-08
 -1.3969839E-09   14.56607      2.4722222E-02   24.68162      -1.569429    
   4.907041      1.5512039E-02 -5.4200292E-08  5.8324076E-08   14.62386    
  4.6228729E-02   29.10354      -1.568584       4.951954      2.7520629E-02
 -6.6731687E-08  7.9569872E-08   14.75772      8.2016684E-02   33.91179    
  -1.567361       5.007123      4.6663310E-02 -3.4309326E-07  1.0477379E-09
   14.92214      0.1390654       38.86224      -1.565625       5.040809    
  7.5931378E-02 -4.8577277E-08 -2.8172508E-08   15.02253      0.2262893    
   44.28848      -1.563267       5.099446      0.1195422     -1.9507497E-07
 -3.2829121E-08   15.19725      0.3562569       50.15470      -1.560136    
   5.174505      0.1827773     -1.1023111E-07 -3.2712705E-08   15.42093    
  0.5447085       56.21845      -1.556030       5.242114      0.2719196    
 -1.3835439E-07 -7.1013346E-09   15.62244      0.8103685       62.41904    
  -1.550738       5.301767      0.3946487     -1.2298467E-07 -1.2270175E-07
   15.80021       1.176120       69.15427      -1.544153       5.386876    
  0.5611346     -3.3743639E-08 -2.7939677E-09   16.05383       1.672277    
   76.28586      -1.536056       5.484529      0.7827916     -7.7418044E-08
 -3.4051482E-07   16.34487       2.332845       83.62204      -1.526181    
   5.582073       1.072500     -2.4828304E-07 -1.2549572E-07   16.63551    
   3.196218       90.95948      -1.514228       5.670146       1.444360    
 -7.9556003E-07 -2.4214387E-07   16.89796       4.304412       98.44569    
  -1.500072       5.759920       1.914569     -2.4479784E-06  3.7183054E-07
   17.16553       5.705716       106.3380      -1.483726       5.865676    
   2.501929     -1.5825465E-06 -1.1990778E-07   17.48072       7.456122    
   114.3879      -1.464937       5.974648       3.224790     -1.6290531E-07
 -2.4284236E-07   17.80543       9.610343       122.3588      -1.443446    
   6.076513       4.101284      5.0786582E-07 -4.2608008E-08   18.10899    
   12.22238       130.0573      -1.419020       6.164661       5.148375    
  3.2654495E-07  2.4237670E-07   18.37172       15.34291       137.2769    
  -1.391441       6.232847       6.379809      3.7719303E-07  3.7765130E-07
   18.57491       19.01270       144.0975      -1.361017       6.286553    
   7.802987      1.0437396E-06  7.0407987E-07   18.73493       23.25391    
   150.5285      -1.328036       6.327825       9.422317      8.6002552E-07
  1.2679957E-06   18.85789       28.07968       156.2666      -1.292383    
   6.346943       11.23462      7.5931911E-07  1.3008248E-06   18.91488    
   33.48057       161.0751      -1.254035       6.337133       13.22851    
  7.7929542E-07  6.9849193E-07   18.88561       39.42260       164.7368    
  -1.213138       6.293172       15.37863      1.0424818E-06  1.4698599E-06
   18.75461       45.83012       167.2077      -1.170388       6.217184    
   17.64529      2.5450953E-07  1.2572855E-07   18.52813       52.58495    
   168.3697      -1.126035       6.108758       19.98967      1.3391585E-07
  3.4621917E-07   18.20502       59.57125       168.0246      -1.080127    
   5.965095       22.36317     -2.4652931E-07 -5.0431117E-07   17.77689    
   66.64455       166.1484      -1.033105       5.789420       24.71433    
 -5.1277656E-08 -1.3106037E-06   17.25335       73.65124       162.7455    
 -0.9856022       5.586522       26.98606     -6.0295872E-07 -2.8852373E-06
   16.64867       80.42105       157.7757     -0.9376584       5.359639    
   29.12934     -5.5813240E-07 -2.8869836E-06   15.97256       86.80841    
   151.3083     -0.8894058       5.113895       31.10640     -6.2123220E-08
  2.5669578E-07   15.24021       92.69994       143.4547     -0.8412553    
   4.856128       32.88184     -4.3320370E-08 -4.5495108E-07   14.47203    
   97.99075       134.3251     -0.7932061       4.591975       34.43323    
  2.6536250E-07  9.4354618E-07   13.68484       102.6140       124.0371    
 -0.7449896       4.326156       35.74726      3.5395527E-07  1.6917475E-06
   12.89264       106.5299       112.7561     -0.6963297       4.063587    
   36.82251     -2.6551369E-08 -3.4237746E-07   12.11021       109.7341    
   100.6297     -0.6465317       3.808583       37.66202     -1.8187636E-07
 -9.5297582E-07   11.35024       112.2356       87.80558     -0.5942608    
   3.564038       38.27514     -1.3252701E-07 -7.5739808E-07   10.62148    
   114.0626       74.46326     -0.5373250       3.332022       38.67968    
 -1.0730113E-08 -2.4831388E-07   9.930080       115.2681       60.76744    
 -0.4712848       3.114501       38.89493     -4.9678260E-08 -1.5331898E-07
   9.281832       115.9091       46.88935     -0.3862509       2.912401    
   38.93611     -1.2140569E-07  8.2392944E-07   8.679571       116.0321    
   33.11555     -0.2568118       2.726254       38.82853      4.5416900E-07
  2.3744651E-06   8.124846       115.7109       20.08603      7.4158870E-03
   2.555695       38.58803     -7.3595238E-08 -1.3131066E-06   7.616566    
   114.9944       11.14566      0.8010853       2.400387       38.23167    
 -3.3599036E-07 -2.3959437E-06   7.153741       113.9324       15.87937    
   1.877966       2.259747       37.78111     -3.3126847E-07 -2.6454800E-06
   6.734631       112.5897       27.73732       2.251401       2.133270    
   37.24759      1.4274349E-07 -1.3207900E-06   6.357734       110.9995    
   40.60876       2.404782       2.020226       36.64800      1.5210978E-07
  1.3238750E-06   6.020862       109.2128       53.43929       2.491822    
   1.919085       35.99552     -4.3234292E-07 -2.4819165E-06   5.719454    
   107.2685       65.94115       2.550745       1.829647       35.29559    
 -1.6430488E-07 -2.3780740E-07   5.452927       105.1824       77.97491    
   2.595166       1.750885       34.56290      2.2414618E-08  8.1444159E-07
   5.218225       102.9990       89.44256       2.630868       1.681956    
   33.80323      1.3549794E-07  1.4174730E-06   5.012816       100.7351    
   100.2700       2.660975       1.621826       33.02736     -4.0980731E-07
 -2.3682660E-06   4.833629       98.42287       110.3822       2.687243    
   1.569218       32.23800     -3.3639242E-07 -3.8836297E-06   4.676858    
   96.07034       119.7427       2.710313       1.524707       31.44103    
  1.2988340E-07 -6.7780766E-06   4.544226       93.69526       128.2915    
   2.731066       1.486812       30.64202     -7.7162440E-07  2.4658162E-05
   4.431304       91.31427       135.9809       2.750110       1.454565    
   29.84442      2.0990343E-07  5.3141266E-06   4.335209       88.93706    
   142.7822       2.767543       1.427981       29.05343      1.8448671E-07
 -8.1516919E-07   4.255993       86.57994       148.6511       2.783577    
   1.406555       28.26607     -1.3030617E-06 -6.4806663E-06   4.192156    
   84.23366       153.5531       2.798448       1.389400       27.48720    
 -6.4565347E-07 -4.7498615E-06   4.141032       81.91235       157.4808    
   2.812400       1.376349       26.72182     -1.9264046E-07 -2.8748764E-06
   4.102139       79.63149       160.4226       2.825490       1.367107    
   25.97205     -3.3333665E-09 -1.3758836E-07   4.074605       77.39742    
   162.3692       2.838273       1.359874       25.24071      9.1221665E-08
  5.8635487E-07   4.053040       75.21784       163.3154       2.850098    
   1.356233       24.52632      1.8520538E-07  5.9924787E-07   4.042211    
   73.08879       163.2286       2.861095       1.355442       23.82129    
  3.3999367E-08  3.6570418E-07   4.039852       70.98796       162.1341    
   2.871409       1.356894       23.13148     -4.8918306E-08 -4.0818122E-09
   4.044182       68.93237       160.1236       2.881536       1.360062    
   22.46946      3.4828005E-09  3.0129740E-07   4.053626       66.95956    
   157.1618       2.890819       1.365463       21.82275      3.3998475E-08
  6.6116627E-08   4.069734       65.03217       153.2779       2.898632    
   1.373981       21.18811     -2.7981887E-08  7.3050614E-08   4.095110    
   63.14096       148.6366       2.904292       1.386353       20.57570    
 -3.1088366E-08 -2.6678754E-07   4.131980       61.31599       143.9352    
   2.898142       1.416494       20.00966      1.0754118E-07  1.7550337E-07
   4.221807       59.62907       130.5798       2.993245       1.302944    
   18.98664     -6.0612488E-09  2.3905523E-07   3.883431       56.58053    
   126.9789       2.954857       1.379715       18.66812     -8.9559045E-08
  5.7072612E-08   4.112211       55.63122       119.1174       2.957125    
   1.398695       18.07736      2.7947942E-07  3.5736775E-07   4.168769    
   53.87082       110.7188       2.963525       1.414083       17.54253    
  8.9297352E-08  2.0084371E-07   4.214624       52.27691       101.6928    
   2.971421       1.428022       17.01880      8.9115723E-08  1.5471960E-07
   4.256172       50.71623       92.13428       2.979506       1.442293    
   16.49586      4.0905078E-08  3.2896423E-07   4.298703       49.15782    
   82.16558       2.988223       1.456786       15.98504      2.6011781E-08
  8.9310561E-08   4.341887       47.63567       71.85556       2.997541    
   1.471185       15.47132     -1.3466168E-07  9.6206350E-09   4.384799    
   46.10469       61.42508       3.007829       1.486408       14.99194    
 -1.4614896E-08  2.7039732E-08   4.430173       44.67622       50.88351    
   3.019687       1.501717       14.52258      7.9997172E-08  3.4281322E-07
   4.475790       43.27752       40.34910       3.034119       1.517590    
   14.06665     -6.1191180E-08  2.4624592E-07   4.523095       41.91883    
   29.92459       3.054107       1.533614       13.62121     -8.9083024E-08
  5.5993041E-08   4.570844       40.59149       19.71011       3.087966    
   1.549718       13.19822     -1.5545741E-07  3.2897424E-07   4.618836    
   39.33092       9.847909      -3.108491       1.565986       12.80673    
  6.7220974E-08  3.2519574E-07   4.667310       38.16422       1.581791    
  -1.814524       1.582301       12.39591      1.3875234E-07 -3.5716039E-07
   4.715932       36.93993       8.972609     -0.2894504       1.598197    
   12.01591      1.4797257E-07  2.6369344E-07   4.763304       35.80746    
   17.36334     -0.1969922       1.613916       11.67005      1.2119446E-07
  1.3418503E-07   4.810146       34.77688       25.14199     -0.1619270    
   1.629717       11.32992      1.1071986E-07 -1.5538535E-07   4.857244    
   33.76330       32.19209     -0.1412292       1.645261       11.00377    
  4.9042036E-08 -2.6147609E-07   4.903561       32.79124       38.44012    
 -0.1254261       1.659793       10.69060      1.1863209E-07 -1.3621275E-07
   4.946881       31.85810       43.83147     -0.1120885       1.673722    
   10.38303      1.4640391E-07  3.2851631E-07   4.988376       30.94149    
  5.8701277E-02  -3.141156      5.9691956E-07  3.1502457E-11   5.870321    
  2.5598050E-04  1.4249235E-06  7.6631118E-11  0.5351700      -3.137678    
  4.6680591E-07  6.2613809E-10   5.908370      6.9580874E-03  9.8775661E-07
  1.1167757E-09   1.496900      -3.130839      1.0133755E-07  1.7553593E-10
   5.944398      3.2060463E-02 -5.2918142E-07 -3.6580601E-09   2.968373    
  -3.120953     -2.4805496E-07 -4.4670059E-09   6.014962      8.7149218E-02
 -3.5436423E-07 -1.2116698E-08   4.946695      -3.108185     -4.5714152E-08
 -4.9423470E-09   6.066445      0.1827688      1.8337170E-07 -1.5224282E-08
   7.435988      -3.092823      3.0761722E-08  2.6834890E-09   6.107795    
  0.3280374      2.6716344E-07  2.8278869E-08   10.44046      -3.075200    
  1.3815874E-07 -4.5357638E-09   6.142726      0.5302892      4.5672607E-07
  4.2001858E-08   13.94933      -3.055596     -2.1103628E-07 -5.1981800E-08
   6.166043      0.7948068     -9.4950877E-07 -2.1446834E-07   17.94566    
  -3.034298     -1.3331240E-07 -4.7174979E-08   6.175771       1.124601    
 -8.8929454E-07 -2.4078327E-07   22.40998      -3.011610     -8.2773505E-07
 -2.9759690E-07   6.171396       1.520337     -2.8953043E-06 -1.0149261E-06
   27.31050      -2.987794     -9.0269970E-07 -3.5418907E-07   6.151809    
   1.980275     -2.2712591E-06 -9.1860693E-07   32.59962      -2.963043    
 -6.2864279E-07 -3.3784272E-07   6.113883       2.500530     -2.4670198E-06
 -1.2474375E-06   38.24679      -2.937664      4.4802911E-07  4.3560976E-07
   6.060935       3.075083      1.8936969E-06  1.3150930E-06   44.19547    
  -2.911834      7.8779287E-08  1.9140498E-07   5.992057       3.696043    
  4.1191788E-09 -4.3222826E-08   50.39283      -2.885737      3.0648425E-07
  4.1564272E-07   5.907568       4.354404      8.2357661E-07  1.1621669E-06
   56.79033      -2.859577      1.2900360E-07  1.4397301E-07   5.809993    
   5.039957      5.2617924E-07  1.2162054E-06   63.32402      -2.833487    
 -7.5097580E-07 -9.9187309E-07   5.700191       5.741609     -1.7917822E-06
 -2.7182396E-06   69.93031      -2.807558     -1.1399343E-07 -1.8339779E-07
   5.578663       6.448530     -1.7211551E-07 -5.7715806E-07   76.58801    
  -2.782094     -2.0576762E-07 -4.1894964E-08   5.450657       7.149350    
 -8.8869569E-07 -5.1382813E-07   83.19558      -2.756906     -1.9568935E-07
 -6.5979839E-07   5.313473       7.834533     -4.3058785E-07 -1.4720135E-06
   89.72670      -2.732273     -1.7065875E-07 -1.2127566E-06   5.172476    
   8.493150     -6.8308708E-07 -3.1962409E-06   96.13799      -2.708318    
 -7.7911733E-07 -2.7150672E-06   5.029253       9.115623     -2.3780860E-06
 -8.5411593E-06   102.3582      -2.684895     -2.4515523E-06 -8.5944775E-06
   4.882589       9.695918     -6.9724256E-06 -2.4780631E-05   108.3724    
  -2.662180     -4.7656217E-06 -1.5220081E-05   4.736712       10.22693    
 -1.3892056E-05 -4.3866574E-05   114.1441      -2.640275     -4.5771385E-06
 -2.0469190E-05   4.594179       10.70171     -1.3997900E-05 -6.3020503E-05
   119.5991      -2.618974     -2.8652435E-06 -1.9762199E-05   4.453115    
   11.11748     -8.6567861E-06 -5.9063779E-05   124.7169      -2.598361    
 -4.3189139E-08 -2.3904722E-06   4.315531       11.47092      6.1618840E-07
 -5.3737313E-06   129.5082      -2.578711      2.4078057E-07  1.6065314E-08
   4.185039       11.75826      9.3009710E-08 -1.6731210E-06   133.9365    
  -2.559882      6.3683842E-07  4.9020164E-06   4.060583       11.98036    
  1.4814581E-06  1.4257617E-05   137.9671      -2.541713      1.4873094E-06
  1.1831988E-05   3.941377       12.13871      4.3571617E-06  3.2175332E-05
   141.5775      -2.524198      1.3239927E-06  1.0762597E-05   3.829090    
   12.23428      3.8186895E-06  3.1412579E-05   144.7737      -2.507531    
  9.7334646E-07  7.7518634E-06   3.726001       12.26741      3.0255087E-06
  2.2468157E-05   147.5418      -2.491697      9.7034115E-07  5.4498669E-06
   3.631452       12.24025      2.6615232E-06  1.1550263E-05   149.8586    
  -2.476498      1.2366763E-06  1.0214746E-05   3.543636       12.15750    
  3.6111337E-06  3.1808391E-05   151.7188      -2.461921      2.5397230E-07
  2.4407636E-06   3.463038       12.02245      6.1834396E-07  1.1834316E-05
   153.1285      -2.448067      1.9891593E-07 -2.3283064E-09   3.390786    
   11.83825      1.9369504E-07  2.3748726E-06   154.1023      -2.435023    
 -2.6163590E-07 -3.6400743E-06   3.327908       11.61016     -5.0676880E-07
 -1.4076009E-05   154.6369      -2.422748      8.1055767E-08  2.9942021E-07
   3.272895       11.34212     -6.8205459E-08  1.8691644E-06   154.7176    
  -2.411047     -4.4806694E-07 -1.6703270E-06   3.224317       11.03889    
 -1.1048226E-06 -5.2535906E-06   154.3538      -2.399953     -3.9132610E-07
 -7.3499978E-06   3.182150       10.70404     -1.2659447E-06 -2.0697713E-05
   153.5638      -2.389507     -5.9491850E-08  2.1336600E-06   3.146590    
   10.34120     -6.2695257E-08  9.4249845E-07   152.3657      -2.379803    
 -2.5780085E-07  1.4434569E-05   3.118224       9.959466     -7.2885405E-07
  4.5539811E-05   150.7730      -2.370847      2.3832476E-07  7.3574483E-07
   3.096850       9.563744      6.0442471E-07  2.7939677E-06   148.7868    
  -2.362492      2.2187446E-07  2.6030466E-06   3.080425       9.153208    
  9.9188435E-07  6.2659383E-06   146.4255      -2.354741     -2.0324813E-07
  7.4934214E-06   3.068482       8.734006     -6.8512946E-07  2.2489578E-05
   143.7000      -2.347629     -2.3391377E-07  2.0195730E-06   3.060764    
   8.307567     -7.2709810E-07  3.5110861E-06   140.6358      -2.341162    
 -1.9171576E-07 -1.8253922E-06   3.057236       7.877026     -4.6155270E-07
 -4.7218055E-06   137.2547      -2.335361     -1.4631972E-09 -3.1953678E-06
   3.057634       7.451545      5.0333984E-08 -1.3077632E-05   133.5821    
  -2.330371     -2.6749831E-08  6.3236803E-07   3.062098       7.032999    
 -2.7208401E-07 -9.3132257E-10   129.6371      -2.326090     -2.1248337E-07
 -5.8207661E-07   3.069596       6.621259     -4.3507606E-07 -1.1241063E-06
   125.4378      -2.322568      6.7180309E-07 -2.3092143E-06   3.079293    
   6.216777      2.3025909E-06 -6.6654757E-06   121.0012      -2.319773    
 -3.3918589E-08 -8.2189217E-07   3.090548       5.823349     -2.2456445E-07
 -1.8738210E-06   116.3577      -2.317701     -2.9565740E-07 -2.1276064E-06
   3.103724       5.439845     -1.1776873E-06 -2.5602058E-06   111.5266    
  -2.316651     -3.0060991E-07 -4.6622008E-06   3.118382       5.068119    
 -9.5128183E-07 -1.4938414E-05   106.5298      -2.316581      1.4078809E-07
 -3.3502001E-06   3.134303       4.712319      1.7649522E-07 -1.0194257E-05
   101.3913      -2.317808      2.6539902E-07  5.5180863E-08   3.151411    
   4.370222      8.1648392E-07  2.3003668E-07   96.14123      -2.320369    
 -5.5371385E-07 -2.4344772E-06   3.169193       4.041133     -1.7641428E-06
 -7.3136762E-06   90.76213      -2.324512     -3.0902854E-07 -9.6182339E-07
   3.186926       3.723422     -9.1088884E-07 -3.5678968E-06   85.27186    
  -2.331263      2.7547011E-07  5.1297247E-06   3.204479       3.408889    
  1.1779158E-06  1.4295802E-05   79.62137      -2.341201      4.5765600E-07
  3.2233074E-06   3.221029       3.097934      1.3294373E-06  1.1228491E-05
   73.73951      -2.357708     -6.6713352E-07 -5.5304263E-06   3.236489    
   2.771416     -2.1526564E-06 -1.7232727E-05   67.34279      -2.387833    
 -6.7180542E-07 -2.8689392E-06   3.248615       2.400811     -2.1999235E-06
 -9.0454705E-06   58.54102      -2.475649      2.0928131E-07  2.3683533E-06
   3.244994       1.778514      6.4556207E-07  7.0841052E-06   83.81386    
  7.8556955E-02 -1.2820274E-07 -1.4288817E-06   2.442049       5.269527    
 -3.0412582E-07 -3.5320409E-06   63.14830      -2.179857      1.7240528E-09
 -4.0519517E-06   3.354469       3.156567      1.3246472E-07 -1.0210089E-05
   54.62100      -2.262795      1.3645509E-07 -2.0224834E-06   3.358540    
   2.482465      6.8192173E-07 -1.9120052E-06   48.69432      -2.299793    
 -1.7333743E-06  4.8184302E-06   3.370631       2.145360     -5.3850408E-06
  1.5625264E-05   43.50513      -2.325946     -1.1252603E-06  3.2512471E-06
   3.384688       1.900052     -3.1965544E-06  1.0016374E-05   38.74014    
  -2.350209     -3.3549742E-07 -4.9476512E-07   3.399374       1.690571    
 -1.2432344E-06 -2.1494925E-06   34.31700      -2.373546      1.5493487E-07
  3.8649887E-07   3.414058       1.517900      3.4640345E-07  1.5676487E-06
   30.09660      -2.401325      8.6358263E-08 -1.2464589E-06   3.428431    
   1.353575      3.2072171E-07 -3.6628917E-06   26.20877      -2.430505    
  2.9951690E-07 -6.5157656E-07   3.443039       1.216447      8.8235004E-07
 -3.0819792E-06   22.56116      -2.466092      6.2886052E-08 -2.3248140E-07
   3.457030       1.082845      3.2849013E-07  1.0291114E-07   19.19320    
  -2.507815      4.8287916E-08  8.9348760E-08   3.470775      0.9661339    
 -3.1267369E-08 -7.5483695E-07   16.09050      -2.559808     -1.4304359E-08
  4.7148205E-09   3.484685      0.8452891      6.5178121E-08 -1.0104850E-07
   13.27639      -2.624758      1.9932681E-07 -5.0687231E-07   3.498919    
  0.7364100      4.8358839E-07 -2.7406495E-06   10.74694      -2.709475    
  8.8548738E-08 -7.4997661E-07   3.512261      0.6303546      4.0313299E-07
  2.3189932E-07   8.526844      -2.822899      1.0605916E-07 -4.8220681E-07
   3.525557      0.5422667      3.0251374E-07 -2.0317384E-06   6.639144    
  -2.981826      4.6038484E-09 -6.8634981E-06   3.538423      0.4592681    
  2.0115276E-07 -1.6584643E-05   5.144678       3.074366      2.8884182E-07
  1.0189600E-05   3.550937      0.3894202      1.0131611E-06  3.6679208E-05
   4.128020       2.759522     -7.5975535E-08  2.1284213E-06   3.562500    
  0.3358817     -3.0229054E-07  5.3697731E-06   3.651603       2.380396    
  6.2285937E-07  2.7727219E-06   3.573365      0.2883446      1.9461227E-06
  5.8424193E-06   3.674633       2.015383      2.4295619E-07 -1.1587981E-06
   3.583688      0.2539482      5.7015518E-07 -1.8018764E-06   3.960877    
   1.730004      1.1530665E-07  6.4354390E-07   3.593554      0.2215531    
  9.2778016E-08  1.2272503E-06   4.341691       1.521937      1.8116674E-07
 -5.9005106E-07   3.602848      0.1938873      4.2506190E-07 -1.9209692E-06
   4.702949       1.370470      2.5903400E-08 -1.1927041E-06   3.612253    
  0.1684274     -2.2240074E-07 -3.8002618E-06   4.968126       1.250568    
 -1.9593971E-07 -1.7010316E-06   3.621404      0.1411010     -6.2049355E-07
 -4.8227375E-06   5.153654       1.156014      2.7641217E-08 -1.6467529E-06
   3.630334      0.1212543      9.6585403E-08 -5.1298994E-06   5.200727    
   1.069359      1.1161909E-07 -1.1987577E-06   3.638636      0.1054513    
  3.7695000E-07 -4.3694745E-06   5.188508      0.9927409      1.3149374E-08
 -1.4293037E-06   3.646075      9.3654476E-02  4.7213501E-08 -3.8232538E-06
   5.023948      0.9102117     -1.3341975E-07 -5.2899122E-07   3.653021    
  8.8320144E-02 -2.0437898E-07 -9.6025178E-07   4.688370      0.8081169    
 -5.2055448E-08 -9.1982656E-08   3.659191      8.5685857E-02 -2.5197266E-07
 -1.5642436E-06   4.166916      0.6587121      3.4712471E-07 -1.6511622E-06
   3.664426      7.6577105E-02  6.6399497E-07 -4.7722715E-06   3.494459    
  0.3067044      3.9663348E-07 -3.7888894E-06   3.668706      6.2926583E-02
  1.0323174E-06 -1.1817785E-05   8.586418     -0.9796458      8.5312216E-08
  3.1677992E-06   3.669358     -5.8582906E-02  3.2830496E-07  8.4610656E-06
   8.560628       1.072655      6.5051051E-07  8.4520943E-06   3.683050    
  0.1308532      1.8964166E-06  2.5835150E-05   5.519646      0.9158952    
  1.9743281E-07  2.2388667E-06   3.685109      9.5992193E-02  6.0420587E-07
  6.4974884E-06   4.361430      0.7964675      6.9096046E-08  1.1055854E-06
   3.688870      7.1178310E-02  3.9803885E-07  2.8858485E-06   3.598874    
  0.6981276      1.4384493E-07  1.0135227E-06   3.693441      5.0231915E-02
  3.9700825E-07  3.3651377E-06   2.996382      0.5943790      1.6856939E-07
  8.3738996E-07   3.698308      3.2016795E-02  4.9509106E-07  2.5703630E-06
  0.1399354      -1.570796       13.99505     -5.4085018E-12  6.8452209E-07
 -3.5925041E-11   41.70792     -1.4594553E-11   1.265183      -1.570796    
   13.97729      2.2849507E-08  1.3033437E-07 -3.6561687E-10   41.65496    
  6.7587202E-08   3.522982      -1.570796       14.01753      1.1250937E-06
  5.2407977E-08  1.4897523E-09   41.77488      3.3531360E-06   6.922000    
  -1.570795       14.08149      1.1742647E-05  2.7156887E-07 -1.2223609E-09
   41.96545      3.4997385E-05   11.44650      -1.570791       14.13254    
  6.8211011E-05  4.0640523E-07 -4.0745363E-09   42.11763      2.0327691E-04
   17.12263      -1.570779       14.21248      2.7701829E-04  3.3922174E-07
 -1.2223609E-08   42.35585      8.2554936E-04   23.86714      -1.570749    
   14.25867      8.8736508E-04  1.0325360E-06 -1.7520506E-08   42.49344    
  2.6445177E-03   31.61449      -1.570685       14.27524      2.3992253E-03
  8.8369512E-07 -6.2631443E-08   42.54279      7.1501709E-03   40.67030    
  -1.570564       14.39970      5.7298117E-03  8.4949164E-07  7.9860911E-08
   42.91375      1.7075967E-02   50.47139      -1.570347       14.42371    
  1.2364691E-02  1.2781292E-07 -3.5972334E-08   42.98526      3.6849089E-02
   61.70385      -1.569992       14.56603      2.4722217E-02  2.0699970E-07
 -3.6903657E-08   43.40945      7.3676892E-02   73.55540      -1.569429    
   14.62387      4.6228752E-02  5.8431539E-08 -5.2503310E-08   43.58179    
  0.1377703       86.73346      -1.568584       14.75772      8.2016580E-02
 -5.4460469E-07 -6.2631443E-08   43.98070      0.2444241       101.0626    
  -1.567361       14.92210      0.1390651     -4.4864720E-07 -1.5413389E-07
   44.47060      0.4144399       115.8157      -1.565625       15.02252    
  0.2262889     -3.2661828E-07  2.3283064E-07   44.76983      0.6743811    
   131.9869      -1.563267       15.19724      0.3562562     -7.3186749E-07
 -3.1176023E-07   45.29055       1.061707       149.4687      -1.560136    
   15.42093      0.5447078     -7.1053432E-07 -2.1420419E-08   45.95710    
   1.623324       167.5395      -1.556029       15.62243      0.8103681    
 -5.9949156E-07  1.2200326E-07   46.55756       2.415033       186.0177    
  -1.550738       15.80018       1.176118     -4.4484881E-07 -2.6263297E-07
   47.08744       3.505031       206.0898      -1.544153       16.05382    
   1.672274      1.6016347E-07  9.6857548E-08   47.84319       4.983653    
   227.3425      -1.536056       16.34486       2.332845     -4.6428221E-07
 -8.1257895E-07   48.71048       6.952256       249.2047      -1.526181    
   16.63551       3.196216     -8.2329967E-07 -4.2608008E-07   49.57674    
   9.525228       271.0710      -1.514227       16.89797       4.304414    
 -2.0454315E-06 -7.1572140E-07   50.35885       12.82782       293.3808    
  -1.500072       17.16553       5.705699     -7.4837353E-06  1.6996637E-07
   51.15622       17.00387       316.9005      -1.483725       17.48067    
   7.456113     -4.2720717E-06  1.1711381E-06   52.09532       22.22034    
   340.8892      -1.464936       17.80541       9.610348     -3.7178387E-07
 -1.1795200E-06   53.06313       28.64020       364.6436      -1.443445    
   18.10897       12.22239      1.6282480E-06  4.9080700E-07   53.96771    
   36.42440       387.5850      -1.419019       18.37172       15.34289    
  1.3499887E-06  7.1199611E-07   54.75074       45.72390       409.1005    
  -1.391439       18.57494       19.01266      1.0509378E-06  1.3611279E-06
   55.35618       56.66027       429.4255      -1.361015       18.73493    
   23.25388      3.0022634E-06  2.5038607E-06   55.83303       69.29959    
   448.5899      -1.328034       18.85785       28.07965      2.8372792E-06
  3.5739504E-06   56.19941       83.68107       465.6898      -1.292381    
   18.91485       33.48058      2.2523623E-06  4.1127205E-06   56.36926    
   99.77621       480.0184      -1.254032       18.88561       39.42254    
  2.3492919E-06  4.1290186E-06   56.28209       117.4840       490.9303    
  -1.213135       18.75461       45.83004      3.0371257E-06  5.6829304E-06
   55.89161       136.5788       498.2931      -1.170385       18.52811    
   52.58491      6.8818298E-07  1.4374964E-06   55.21661       156.7088    
   501.7554      -1.126031       18.20504       59.57124      3.9835396E-07
  2.4246983E-06   54.25385       177.5287       500.7259      -1.080122    
   17.77689       66.64450     -9.0030164E-07 -3.3108518E-07   52.97787    
   198.6078       495.1341      -1.033100       17.25331       73.65131    
 -3.2595290E-07 -4.1308813E-06   51.41753       219.4882       484.9925    
 -0.9855963       16.64864       80.42098     -1.8271695E-06 -8.5439533E-06
   49.61553       239.6626       470.1817     -0.9376508       15.97254    
   86.80828     -1.8501185E-06 -8.5802749E-06   47.60062       258.6967    
   450.9071     -0.8893961       15.24018       92.69990     -1.3133970E-07
 -6.3795596E-08   45.41814       276.2548       427.5017     -0.8412441    
   14.47202       97.99066     -2.9609697E-07 -9.4110146E-07   43.12890    
   292.0214       400.2950     -0.7931935       13.68483       102.6140    
  7.9325292E-07  1.4924444E-06   40.78300       305.7987       369.6358    
 -0.7449746       12.89262       106.5299      9.8634541E-07  4.3222681E-06
   38.42225       317.4676       336.0171     -0.6963124       12.11021    
   109.7339     -3.2278135E-07  1.0305084E-06   36.09045       327.0155    
   299.8791     -0.6465101       11.35023       112.2356     -3.1976023E-07
 -3.7038699E-06   33.82568       334.4702       261.6622     -0.5942347    
   10.62146       114.0627     -4.4202241E-07 -4.3516047E-06   31.65393    
   339.9142       221.9012     -0.5372910       9.930035       115.2682    
 -1.4631972E-07  1.9080471E-06   29.59346       343.5074       181.0871    
 -0.4712418       9.281821       115.9091     -3.0609451E-07  9.0012327E-07
   27.66178       345.4179       139.7298     -0.3861912       8.679553    
   116.0318     -3.9052009E-07  1.8123537E-06   25.86689       345.7826    
   98.68407     -0.2567217       8.124839       115.7110      1.2360737E-06
  8.0426689E-06   24.21381       344.8265       59.85752      7.5708171E-03
   7.616564       114.9942     -4.0450391E-07 -3.2391399E-06   22.69911    
   342.6902       33.22148      0.8012815       7.153741       113.9325    
 -8.9773943E-07 -7.9607125E-06   21.31990       339.5247       47.33035    
   1.877904       6.734622       112.5895     -1.0967801E-06 -8.1399921E-06
   20.07090       335.5233       82.66602       2.251327       6.357707    
   110.9995      9.3858731E-08 -4.4432236E-06   18.94775       330.7842    
   121.0225       2.404723       6.020851       109.2127      3.0088017E-07
  3.8606813E-06   17.94389       325.4594       159.2572       2.491773    
   5.719448       107.2685     -1.3452491E-06 -7.2519761E-06   17.04569    
   319.6645       196.5127       2.550704       5.452927       105.1825    
 -6.9074122E-07 -2.3783650E-07   16.25144       313.4478       232.3735    
   2.595130       5.218214       102.9988      2.8418251E-07  2.8487993E-06
   15.55203       306.9404       266.5468       2.630836       5.012804    
   100.7349      6.0179775E-07  4.0087034E-06   14.93993       300.1940    
   298.8125       2.660946       4.833628       98.42268     -1.2599794E-06
 -6.9891685E-06   14.40599       293.3030       328.9469       2.687215    
   4.676858       96.07028     -1.0155811E-06 -1.0970747E-05   13.93878    
   286.2932       356.8410       2.710288       4.544219       93.69519    
  2.2151349E-07 -1.8999905E-05   13.54356       279.2141       382.3159    
   2.731042       4.431285       91.31406     -2.3609152E-06  7.3246658E-05
   13.20704       272.1189       405.2301       2.750088       4.335199    
   88.93700      5.0083736E-07  1.5817117E-05   12.92070       265.0351    
   425.4973       2.767522       4.255986       86.57984      7.1361268E-07
 -2.3453031E-06   12.68466       258.0103       442.9868       2.783557    
   4.192145       84.23361     -3.6275587E-06 -1.9051018E-05   12.49443    
   251.0186       457.5948       2.798429       4.141022       81.91248    
 -1.9593381E-06 -1.4052493E-05   12.34210       244.1011       469.2992    
   2.812383       4.102131       79.63149     -4.2640639E-07 -8.4901694E-06
   12.22621       237.3037       478.0648       2.825473       4.074595    
   77.39720      6.7467340E-08  2.4383189E-07   12.14416       230.6456    
   483.8657       2.838256       4.053033       75.21767      3.5463410E-07
  2.4212932E-06   12.07993       224.1503       486.6848       2.850082    
   4.042203       73.08878      8.3569228E-07  1.5641563E-06   12.04765    
   217.8061       486.4255       2.861080       4.039839       70.98779    
  2.3237162E-07  1.4018151E-06   12.04062       211.5449       483.1635    
   2.871394       4.044174       68.93219     -2.5417347E-07 -1.0372605E-07
   12.05355       205.4190       477.1724       2.881521       4.053613    
   66.95941     -2.5349811E-07  9.2221308E-07   12.08170       199.5397    
   468.3454       2.890804       4.069715       65.03198      9.3771966E-08
  2.4279871E-07   12.12969       193.7968       456.7706       2.898617    
   4.095100       63.14078     -8.2370917E-08  1.3806857E-07   12.20535    
   188.1607       442.9392       2.904277       4.131966       61.31572    
 -5.8111333E-08 -4.8067886E-07   12.31522       182.7218       428.9266    
   2.898127       4.221784       59.62858      3.0078476E-07  2.1845335E-07
   12.58288       177.6938       389.1404       2.993231       3.883438    
   56.58192      3.0306246E-08  3.3394463E-07   11.57461       168.6152    
   378.4021       2.954843       4.112215       55.63150     -2.2930799E-07
  1.8092396E-07   12.25636       165.7831       354.9737       2.957110    
   4.168769       53.87094      9.8920702E-07  1.2177334E-06   12.42488    
   160.5359       329.9446       2.963509       4.214613       52.27699    
  1.2400538E-07  6.8121153E-07   12.56154       155.7861       303.0471    
   2.971405       4.256165       50.71626      1.3716941E-07  3.7853533E-07
   12.68536       151.1349       274.5623       2.979490       4.298696    
   49.15780      4.4304699E-07  1.0213516E-06   12.81211       146.4908    
   244.8552       2.988206       4.341885       47.63557     -1.0621478E-07
  2.3437315E-07   12.94079       141.9549       214.1305       2.997522    
   4.384796       46.10462     -3.9252217E-07 -9.3350536E-09   13.06869    
   137.3925       183.0478       3.007809       4.430162       44.67610    
 -3.8973056E-08  1.7734965E-07   13.20390       133.1355       151.6339    
   3.019665       4.475788       43.27744      1.3025716E-07  9.6772010E-07
   13.33986       128.9674       120.2409       3.034093       4.523082    
   41.91865     -2.5056289E-07  8.5083411E-07   13.48081       124.9184    
   89.17559       3.054074       4.570846       40.59136     -3.1127860E-07
  1.7245657E-07   13.62312       120.9629       58.73630       3.087921    
   4.618827       39.33072     -3.1516839E-07  8.3954183E-07   13.76613    
   117.2062       29.34675      -3.108573       4.667313       38.16410    
  7.0927648E-08  9.2920163E-07   13.91061       113.7296       4.711663    
  -1.814636       4.715938       36.93992      3.5718818E-07 -1.0000795E-06
   14.05551       110.0812       26.73788     -0.2893816       4.763299    
   35.80740      3.4595575E-07  7.7000004E-07   14.19668       106.7066    
   51.74253     -0.1969602       4.810150       34.77684      2.5577950E-07
  3.8650614E-07   14.33629       103.6352       74.92294     -0.1619071    
   4.857232       33.76327      2.4045318E-07 -5.6768476E-07   14.47662    
   100.6147       95.93235     -0.1412157       4.903561       32.79116    
  9.9604762E-08 -7.9510210E-07   14.61465       97.71815       114.5515    
 -0.1254165       4.946879       31.85804      4.3501566E-07 -4.2907232E-07
   14.74373       94.93711       130.6178     -0.1120814       4.988370    
   30.94147      2.4773180E-07  9.8874489E-07   14.86738       92.20566    
