           3
  9.2524497E-06  9.2144019E-06  9.1385491E-06  9.0251015E-06  8.8746019E-06
  8.6875498E-06  8.4648991E-06  8.2074512E-06  7.9162492E-06  7.5924509E-06
  7.2375988E-06  6.8529516E-06  6.4399469E-06  6.0009029E-06  5.5367505E-06
  5.0501976E-06  4.5426564E-06  4.0164964E-06  3.4739448E-06  2.9170067E-06
  2.3481548E-06  1.7695428E-06  1.1838526E-06  5.9304386E-07  0.0000000E+00
 -5.9304386E-07 -1.1838525E-06 -1.7695426E-06 -2.3481548E-06 -2.9170069E-06
 -3.4739448E-06 -4.0164964E-06 -4.5426573E-06 -5.0501976E-06 -5.5367500E-06
 -6.0009029E-06 -6.4399474E-06 -6.8529516E-06 -7.2375988E-06 -7.5924518E-06
 -7.9162492E-06 -8.2074512E-06 -8.4648991E-06 -8.6875507E-06 -8.8746019E-06
 -9.0251006E-06 -9.1385491E-06 -9.2144019E-06 -9.2524497E-06  9.3394505E-05
  9.3010502E-05  9.2244991E-05  9.1099508E-05  8.9580484E-05  8.7692490E-05
  8.5444466E-05  8.2846542E-05  7.9906473E-05  7.6638535E-05  7.3056472E-05
  6.9173489E-05  6.5005981E-05  6.0572514E-05  5.5888519E-05  5.0976490E-05
  4.5853965E-05  4.0543004E-05  3.5065485E-05  2.9444545E-05  2.3702531E-05
  1.7861947E-05  1.1949540E-05  5.9864665E-06  0.0000000E+00 -5.9864665E-06
 -1.1949540E-05 -1.7861948E-05 -2.3702529E-05 -2.9444545E-05 -3.5065485E-05
 -4.0543000E-05 -4.5853965E-05 -5.0976498E-05 -5.5888519E-05 -6.0572518E-05
 -6.5005981E-05 -6.9173504E-05 -7.3056479E-05 -7.6638535E-05 -7.9906473E-05
 -8.2846542E-05 -8.5444459E-05 -8.7692490E-05 -8.9580484E-05 -9.1099515E-05
 -9.2244991E-05 -9.3010494E-05 -9.3394505E-05  9.4705501E-05  9.4315998E-05
  9.3540002E-05  9.2378497E-05  9.0837500E-05  8.8923996E-05  8.6643471E-05
  8.4009538E-05  8.1027967E-05  7.7714511E-05  7.4082011E-05  7.0143971E-05
  6.5919012E-05  6.1422470E-05  5.6673551E-05  5.1691492E-05  4.6497953E-05
  4.1112002E-05  3.5558045E-05  2.9857454E-05  2.4035577E-05  1.8112434E-05
  1.2117027E-05  6.0710317E-06  0.0000000E+00 -6.0710304E-06 -1.2117028E-05
 -1.8112436E-05 -2.4035577E-05 -2.9857454E-05 -3.5558049E-05 -4.1112002E-05
 -4.6497957E-05 -5.1691492E-05 -5.6673551E-05 -6.1422470E-05 -6.5919005E-05
 -7.0143971E-05 -7.4082011E-05 -7.7714511E-05 -8.1027960E-05 -8.4009538E-05
 -8.6643471E-05 -8.8923996E-05 -9.0837493E-05 -9.2378497E-05 -9.3540002E-05
 -9.4315998E-05 -9.4705501E-05  9.5569492E-05  9.5176503E-05  9.4392992E-05
  9.3220980E-05  9.1666494E-05  8.9735018E-05  8.7434484E-05  8.4775500E-05
  8.1767510E-05  7.8423473E-05  7.4757518E-05  7.0784015E-05  6.6520493E-05
  6.1982457E-05  5.7190544E-05  5.2162963E-05  4.6922043E-05  4.1486994E-05
  3.5882964E-05  3.0129999E-05  2.4254021E-05  1.8277990E-05  1.2227519E-05
  6.1265382E-06  0.0000000E+00 -6.1265378E-06 -1.2227519E-05 -1.8277988E-05
 -2.4254021E-05 -3.0129999E-05 -3.5882960E-05 -4.1486990E-05 -4.6922039E-05
 -5.2162963E-05 -5.7190544E-05 -6.1982457E-05 -6.6520493E-05 -7.0784015E-05
 -7.4757518E-05 -7.8423458E-05 -8.1767510E-05 -8.4775500E-05 -8.7434484E-05
 -8.9735011E-05 -9.1666494E-05 -9.3220980E-05 -9.4392992E-05 -9.5176503E-05
 -9.5569492E-05  9.5998519E-05  9.5604024E-05  9.4816511E-05  9.3639508E-05
  9.2078022E-05  9.0137539E-05  8.7828019E-05  8.5155494E-05  8.2134546E-05
  7.8775978E-05  7.5093027E-05  7.1102026E-05  6.6819019E-05  6.2260486E-05
  5.7447007E-05  5.2397521E-05  4.7132526E-05  4.1673491E-05  3.6043981E-05
  3.0265532E-05  2.4362509E-05  1.8360468E-05  1.2282507E-05  6.1535852E-06
  0.0000000E+00 -6.1535839E-06 -1.2282506E-05 -1.8360468E-05 -2.4362511E-05
 -3.0265528E-05 -3.6043981E-05 -4.1673491E-05 -4.7132529E-05 -5.2397521E-05
 -5.7447007E-05 -6.2260486E-05 -6.6819019E-05 -7.1102018E-05 -7.5093027E-05
 -7.8775964E-05 -8.2134546E-05 -8.5155494E-05 -8.7828019E-05 -9.0137539E-05
 -9.2078022E-05 -9.3639508E-05 -9.4816518E-05 -9.5604017E-05 -9.5998519E-05
  9.5998490E-05  9.5603980E-05  9.4816474E-05  9.3639472E-05  9.2077978E-05
  9.0137488E-05  8.7827990E-05  8.5155465E-05  8.2134517E-05  7.8775935E-05
  7.5093005E-05  7.1101997E-05  6.6818997E-05  6.2260478E-05  5.7446981E-05
  5.2397500E-05  4.7132511E-05  4.1673469E-05  3.6043970E-05  3.0265519E-05
  2.4362502E-05  1.8360461E-05  1.2282501E-05  6.1535825E-06  0.0000000E+00
 -6.1535811E-06 -1.2282501E-05 -1.8360462E-05 -2.4362500E-05 -3.0265519E-05
 -3.6043970E-05 -4.1673473E-05 -4.7132511E-05 -5.2397500E-05 -5.7446981E-05
 -6.2260464E-05 -6.6818990E-05 -7.1101997E-05 -7.5093005E-05 -7.8775942E-05
 -8.2134509E-05 -8.5155465E-05 -8.7827990E-05 -9.0137488E-05 -9.2077978E-05
 -9.3639472E-05 -9.4816474E-05 -9.5603988E-05 -9.5998483E-05  9.5569514E-05
  9.5176511E-05  9.4393014E-05  9.3221002E-05  9.1666523E-05  8.9735033E-05
  8.7434491E-05  8.4775507E-05  8.1767525E-05  7.8423487E-05  7.4757540E-05
  7.0784023E-05  6.6520508E-05  6.1982471E-05  5.7190555E-05  5.2162977E-05
  4.6922050E-05  4.1487005E-05  3.5882971E-05  3.0130002E-05  2.4254025E-05
  1.8277991E-05  1.2227522E-05  6.1265387E-06  0.0000000E+00 -6.1265405E-06
 -1.2227522E-05 -1.8277991E-05 -2.4254025E-05 -3.0130006E-05 -3.5882971E-05
 -4.1487005E-05 -4.6922050E-05 -5.2162977E-05 -5.7190555E-05 -6.1982471E-05
 -6.6520508E-05 -7.0784023E-05 -7.4757547E-05 -7.8423494E-05 -8.1767525E-05
 -8.4775515E-05 -8.7434491E-05 -8.9735033E-05 -9.1666516E-05 -9.3221002E-05
 -9.4393021E-05 -9.5176518E-05 -9.5569514E-05  9.4705516E-05  9.4316012E-05
  9.3540017E-05  9.2378519E-05  9.0837515E-05  8.8924011E-05  8.6643493E-05
  8.4009553E-05  8.1027982E-05  7.7714525E-05  7.4082025E-05  7.0143986E-05
  6.5919034E-05  6.1422485E-05  5.6673558E-05  5.1691499E-05  4.6497960E-05
  4.1112013E-05  3.5558045E-05  2.9857465E-05  2.4035577E-05  1.8112440E-05
  1.2117030E-05  6.0710322E-06  0.0000000E+00 -6.0710322E-06 -1.2117030E-05
 -1.8112438E-05 -2.4035580E-05 -2.9857467E-05 -3.5558045E-05 -4.1112013E-05
 -4.6497960E-05 -5.1691499E-05 -5.6673558E-05 -6.1422485E-05 -6.5919034E-05
 -7.0143979E-05 -7.4082025E-05 -7.7714525E-05 -8.1027982E-05 -8.4009553E-05
 -8.6643486E-05 -8.8924011E-05 -9.0837515E-05 -9.2378512E-05 -9.3540017E-05
 -9.4316012E-05 -9.4705516E-05  9.3394490E-05  9.3010480E-05  9.2244976E-05
  9.1099493E-05  8.9580477E-05  8.7692468E-05  8.5444459E-05  8.2846534E-05
  7.9906458E-05  7.6638520E-05  7.3056457E-05  6.9173489E-05  6.5005966E-05
  6.0572504E-05  5.5888511E-05  5.0976490E-05  4.5853954E-05  4.0542996E-05
  3.5065477E-05  2.9444538E-05  2.3702527E-05  1.7861945E-05  1.1949535E-05
  5.9864660E-06  0.0000000E+00 -5.9864660E-06 -1.1949535E-05 -1.7861945E-05
 -2.3702525E-05 -2.9444542E-05 -3.5065477E-05 -4.0542996E-05 -4.5853954E-05
 -5.0976494E-05 -5.5888511E-05 -6.0572496E-05 -6.5005966E-05 -6.9173482E-05
 -7.3056464E-05 -7.6638520E-05 -7.9906458E-05 -8.2846534E-05 -8.5444452E-05
 -8.7692468E-05 -8.9580477E-05 -9.1099493E-05 -9.2244976E-05 -9.3010472E-05
 -9.3394490E-05  9.1616981E-05  9.1240989E-05  9.0488975E-05  8.9365967E-05
  8.7875473E-05  8.6023974E-05  8.3818486E-05  8.1269493E-05  7.8386503E-05
  7.5179989E-05  7.1665963E-05  6.7857523E-05  6.3768457E-05  5.9419970E-05
  5.4825014E-05  5.0005972E-05  4.4981527E-05  3.9771490E-05  3.4398428E-05
  2.8884029E-05  2.3251021E-05  1.7522496E-05  1.1721995E-05  5.8724727E-06
  0.0000000E+00 -5.8724727E-06 -1.1721997E-05 -1.7522496E-05 -2.3251021E-05
 -2.8884027E-05 -3.4398428E-05 -3.9771494E-05 -4.4981527E-05 -5.0005972E-05
 -5.4825014E-05 -5.9419974E-05 -6.3768457E-05 -6.7857531E-05 -7.1665971E-05
 -7.5179989E-05 -7.8386503E-05 -8.1269478E-05 -8.3818471E-05 -8.6023974E-05
 -8.7875473E-05 -8.9365967E-05 -9.0488982E-05 -9.1240989E-05 -9.1616981E-05
  8.9345544E-05  8.8978544E-05  8.8245542E-05  8.7150038E-05  8.5696556E-05
  8.3891529E-05  8.1740553E-05  7.9254016E-05  7.6442579E-05  7.3316507E-05
  6.9889051E-05  6.6174565E-05  6.2188017E-05  5.7946516E-05  5.3465541E-05
  4.8766018E-05  4.3866541E-05  3.8785507E-05  3.3545512E-05  2.8167531E-05
  2.2674509E-05  1.7088512E-05  1.1430986E-05  5.7270404E-06  0.0000000E+00
 -5.7270404E-06 -1.1430984E-05 -1.7088516E-05 -2.2674514E-05 -2.8167531E-05
 -3.3545508E-05 -3.8785507E-05 -4.3866541E-05 -4.8766018E-05 -5.3465541E-05
 -5.7946516E-05 -6.2188024E-05 -6.6174565E-05 -6.9889051E-05 -7.3316514E-05
 -7.6442586E-05 -7.9254009E-05 -8.1740553E-05 -8.3891529E-05 -8.5696549E-05
 -8.7150038E-05 -8.8245550E-05 -8.8978544E-05 -8.9345551E-05  8.6540480E-05
  8.6184475E-05  8.5475491E-05  8.4413477E-05  8.3005994E-05  8.1257465E-05
  7.9174497E-05  7.6765456E-05  7.4042509E-05  7.1014489E-05  6.7695000E-05
  6.4096515E-05  6.0235954E-05  5.6126999E-05  5.1786476E-05  4.7235484E-05
  4.2488973E-05  3.7567497E-05  3.2492502E-05  2.7283499E-05  2.1962518E-05
  1.6551981E-05  1.1072006E-05  5.5470296E-06  0.0000000E+00 -5.5470296E-06
 -1.1072006E-05 -1.6551981E-05 -2.1962518E-05 -2.7283499E-05 -3.2492502E-05
 -3.7567494E-05 -4.2488977E-05 -4.7235484E-05 -5.1786483E-05 -5.6126999E-05
 -6.0235951E-05 -6.4096515E-05 -6.7694993E-05 -7.1014489E-05 -7.4042509E-05
 -7.6765456E-05 -7.9174490E-05 -8.1257465E-05 -8.3005994E-05 -8.4413477E-05
 -8.5475484E-05 -8.6184475E-05 -8.6540480E-05  8.3147490E-05  8.2805484E-05
  8.2123988E-05  8.1104481E-05  7.9751488E-05  7.8070989E-05  7.6070486E-05
  7.3755982E-05  7.1139497E-05  6.8230016E-05  6.5040949E-05  6.1583509E-05
  5.7874498E-05  5.3925989E-05  4.9756462E-05  4.5383527E-05  4.0822470E-05
  3.6095003E-05  3.1218482E-05  2.6213964E-05  2.1101532E-05  1.5902478E-05
  1.0638535E-05  5.3294757E-06  0.0000000E+00 -5.3294734E-06 -1.0638533E-05
 -1.5902478E-05 -2.1101532E-05 -2.6213973E-05 -3.1218482E-05 -3.6095000E-05
 -4.0822470E-05 -4.5383524E-05 -4.9756462E-05 -5.3925989E-05 -5.7874498E-05
 -6.1583509E-05 -6.5040949E-05 -6.8230009E-05 -7.1139482E-05 -7.3755989E-05
 -7.6070486E-05 -7.8070989E-05 -7.9751480E-05 -8.1104481E-05 -8.2123981E-05
 -8.2805476E-05 -8.3147490E-05  7.9089987E-05  7.8765486E-05  7.8115991E-05
  7.7146979E-05  7.5860480E-05  7.4260977E-05  7.2358976E-05  7.0157002E-05
  6.7667985E-05  6.4900989E-05  6.1866958E-05  5.8578502E-05  5.5050506E-05
  5.1294479E-05  4.7328984E-05  4.3168508E-05  3.8830483E-05  3.4333978E-05
  2.9694991E-05  2.4934514E-05  2.0071970E-05  1.5126502E-05  1.0119526E-05
  5.0694489E-06  0.0000000E+00 -5.0694489E-06 -1.0119526E-05 -1.5126503E-05
 -2.0071973E-05 -2.4934516E-05 -2.9694991E-05 -3.4333985E-05 -3.8830483E-05
 -4.3168508E-05 -4.7328984E-05 -5.1294479E-05 -5.5050503E-05 -5.8578502E-05
 -6.1866958E-05 -6.4900989E-05 -6.7667977E-05 -7.0157002E-05 -7.2358976E-05
 -7.4260977E-05 -7.5860487E-05 -7.7146971E-05 -7.8115983E-05 -7.8765479E-05
 -7.9089987E-05  7.4258540E-05  7.3953532E-05  7.3344047E-05  7.2433540E-05
  7.1226539E-05  6.9724527E-05  6.7938527E-05  6.5871049E-05  6.3534520E-05
  6.0936040E-05  5.8087029E-05  5.5000550E-05  5.1687013E-05  4.8161026E-05
  4.4438038E-05  4.0530998E-05  3.6458503E-05  3.2236032E-05  2.7881502E-05
  2.3411043E-05  1.8845993E-05  1.4202529E-05  9.5009846E-06  4.7599924E-06
  0.0000000E+00 -4.7599915E-06 -9.5009846E-06 -1.4202529E-05 -1.8845994E-05
 -2.3411043E-05 -2.7881506E-05 -3.2236036E-05 -3.6458499E-05 -4.0530991E-05
 -4.4438042E-05 -4.8161026E-05 -5.1687013E-05 -5.5000550E-05 -5.8087029E-05
 -6.0936040E-05 -6.3534520E-05 -6.5871049E-05 -6.7938527E-05 -6.9724527E-05
 -7.1226546E-05 -7.2433540E-05 -7.3344047E-05 -7.3953532E-05 -7.4258540E-05
  6.8485933E-05  6.8204434E-05  6.7642446E-05  6.6802932E-05  6.5689455E-05
  6.4304440E-05  6.2656443E-05  6.0750946E-05  5.8595422E-05  5.6198460E-05
  5.3571945E-05  5.0724961E-05  4.7668436E-05  4.4417491E-05  4.0983443E-05
  3.7380454E-05  3.3623954E-05  2.9730470E-05  2.5713978E-05  2.1590980E-05
  1.7380995E-05  1.3098482E-05  8.7624694E-06  4.3900263E-06  0.0000000E+00
 -4.3900268E-06 -8.7624721E-06 -1.3098482E-05 -1.7380997E-05 -2.1590980E-05
 -2.5713978E-05 -2.9730469E-05 -3.3623954E-05 -3.7380458E-05 -4.0983443E-05
 -4.4417488E-05 -4.7668440E-05 -5.0724961E-05 -5.3571945E-05 -5.6198460E-05
 -5.8595422E-05 -6.0750946E-05 -6.2656429E-05 -6.4304433E-05 -6.5689455E-05
 -6.6802932E-05 -6.7642446E-05 -6.8204434E-05 -6.8485933E-05  6.1501029E-05
  6.1248531E-05  6.0744023E-05  5.9990030E-05  5.8989554E-05  5.7746522E-05
  5.6266035E-05  5.4555549E-05  5.2619002E-05  5.0467039E-05  4.8109043E-05
  4.5551013E-05  4.2806994E-05  3.9887564E-05  3.6803500E-05  3.3568529E-05
  3.0194497E-05  2.6698501E-05  2.3091525E-05  1.9388988E-05  1.5608006E-05
  1.1763018E-05  7.8684861E-06  3.9425504E-06  0.0000000E+00 -3.9425504E-06
 -7.8684898E-06 -1.1763021E-05 -1.5608010E-05 -1.9388992E-05 -2.3091521E-05
 -2.6698501E-05 -3.0194500E-05 -3.3568533E-05 -3.6803500E-05 -3.9887564E-05
 -4.2806998E-05 -4.5551013E-05 -4.8109039E-05 -5.0467039E-05 -5.2619002E-05
 -5.4555545E-05 -5.6266032E-05 -5.7746522E-05 -5.8989554E-05 -5.9990030E-05
 -6.0744027E-05 -6.1248531E-05 -6.1501036E-05  5.2804531E-05  5.2587522E-05
  5.2154530E-05  5.1507021E-05  5.0647533E-05  4.9581024E-05  4.8310016E-05
  4.6840538E-05  4.5178524E-05  4.3331016E-05  4.1306041E-05  3.9109513E-05
  3.6753998E-05  3.4247041E-05  3.1599513E-05  2.8821520E-05  2.5925019E-05
  2.2922990E-05  1.9826040E-05  1.6647478E-05  1.3400999E-05  1.0099523E-05
  6.7560018E-06  3.3850276E-06  0.0000000E+00 -3.3850276E-06 -6.7560090E-06
 -1.0099523E-05 -1.3400992E-05 -1.6647469E-05 -1.9826040E-05 -2.2922986E-05
 -2.5925021E-05 -2.8821527E-05 -3.1599513E-05 -3.4247045E-05 -3.6753994E-05
 -3.9109509E-05 -4.1306041E-05 -4.3331012E-05 -4.5178524E-05 -4.6840545E-05
 -4.8310023E-05 -4.9581020E-05 -5.0647541E-05 -5.1507021E-05 -5.2154530E-05
 -5.2587522E-05 -5.2804528E-05  4.1224455E-05  4.1054955E-05  4.0716466E-05
  4.0211457E-05  3.9540468E-05  3.8707461E-05  3.7715970E-05  3.6567966E-05
  3.5270961E-05  3.3827946E-05  3.2247499E-05  3.0532952E-05  2.8693461E-05
  2.6736474E-05  2.4669487E-05  2.2500972E-05  2.0239499E-05  1.7895967E-05
  1.5478010E-05  1.2996463E-05  1.0462486E-05  7.8845169E-06  5.2745072E-06
  2.6424982E-06  0.0000000E+00 -2.6424909E-06 -5.2744995E-06 -7.8845169E-06
 -1.0462486E-05 -1.2996463E-05 -1.5478003E-05 -1.7895965E-05 -2.0239502E-05
 -2.2500972E-05 -2.4669485E-05 -2.6736476E-05 -2.8693465E-05 -3.0532952E-05
 -3.2247499E-05 -3.3827950E-05 -3.5270965E-05 -3.6567963E-05 -3.7715967E-05
 -3.8707461E-05 -3.9540468E-05 -4.0211457E-05 -4.0716466E-05 -4.1054955E-05
 -4.1224463E-05  1.7251510E-05  1.7180508E-05  1.7039010E-05  1.6827509E-05
  1.6547008E-05  1.6198008E-05  1.5783515E-05  1.5303007E-05  1.4760009E-05
  1.4155999E-05  1.3495021E-05  1.2777492E-05  1.2007511E-05  1.1188506E-05
  1.0323512E-05  9.4164961E-06  8.4695075E-06  7.4890104E-06  6.4775013E-06
  5.4384982E-06  4.3785035E-06  3.2995101E-06  2.2069935E-06  1.1060021E-06
  0.0000000E+00 -1.1060021E-06 -2.2069935E-06 -3.2995101E-06 -4.3785035E-06
 -5.4384982E-06 -6.4775013E-06 -7.4890104E-06 -8.4695075E-06 -9.4164961E-06
 -1.0323512E-05 -1.1188506E-05 -1.2007511E-05 -1.2777492E-05 -1.3495021E-05
 -1.4155999E-05 -1.4760009E-05 -1.5303007E-05 -1.5783515E-05 -1.6198008E-05
 -1.6547008E-05 -1.6827509E-05 -1.7039010E-05 -1.7180508E-05 -1.7251510E-05
  9.2524497E-06  9.2144019E-06  9.1385491E-06  9.0251015E-06  8.8746019E-06
  8.6875498E-06  8.4648991E-06  8.2074512E-06  7.9162492E-06  7.5924509E-06
  7.2375988E-06  6.8529516E-06  6.4399469E-06  6.0009029E-06  5.5367505E-06
  5.0501976E-06  4.5426564E-06  4.0164964E-06  3.4739448E-06  2.9170067E-06
  2.3481548E-06  1.7695428E-06  1.1838526E-06  5.9304386E-07  0.0000000E+00
 -5.9304386E-07 -1.1838525E-06 -1.7695426E-06 -2.3481548E-06 -2.9170069E-06
 -3.4739448E-06 -4.0164964E-06 -4.5426573E-06 -5.0501976E-06 -5.5367500E-06
 -6.0009029E-06 -6.4399474E-06 -6.8529516E-06 -7.2375988E-06 -7.5924518E-06
 -7.9162492E-06 -8.2074512E-06 -8.4648991E-06 -8.6875507E-06 -8.8746019E-06
 -9.0251006E-06 -9.1385491E-06 -9.2144019E-06 -9.2524497E-06  9.3394505E-05
  9.3010502E-05  9.2244991E-05  9.1099508E-05  8.9580484E-05  8.7692490E-05
  8.5444466E-05  8.2846542E-05  7.9906473E-05  7.6638535E-05  7.3056472E-05
  6.9173489E-05  6.5005981E-05  6.0572514E-05  5.5888519E-05  5.0976490E-05
  4.5853965E-05  4.0543004E-05  3.5065485E-05  2.9444545E-05  2.3702531E-05
  1.7861947E-05  1.1949540E-05  5.9864665E-06  0.0000000E+00 -5.9864665E-06
 -1.1949540E-05 -1.7861948E-05 -2.3702529E-05 -2.9444545E-05 -3.5065485E-05
 -4.0543000E-05 -4.5853965E-05 -5.0976498E-05 -5.5888519E-05 -6.0572518E-05
 -6.5005981E-05 -6.9173504E-05 -7.3056479E-05 -7.6638535E-05 -7.9906473E-05
 -8.2846542E-05 -8.5444459E-05 -8.7692490E-05 -8.9580484E-05 -9.1099515E-05
 -9.2244991E-05 -9.3010494E-05 -9.3394505E-05  9.4705501E-05  9.4315998E-05
  9.3540002E-05  9.2378497E-05  9.0837500E-05  8.8923996E-05  8.6643471E-05
  8.4009538E-05  8.1027967E-05  7.7714511E-05  7.4082011E-05  7.0143971E-05
  6.5919012E-05  6.1422470E-05  5.6673551E-05  5.1691492E-05  4.6497953E-05
  4.1112002E-05  3.5558045E-05  2.9857454E-05  2.4035577E-05  1.8112434E-05
  1.2117027E-05  6.0710317E-06  0.0000000E+00 -6.0710304E-06 -1.2117028E-05
 -1.8112436E-05 -2.4035577E-05 -2.9857454E-05 -3.5558049E-05 -4.1112002E-05
 -4.6497957E-05 -5.1691492E-05 -5.6673551E-05 -6.1422470E-05 -6.5919005E-05
 -7.0143971E-05 -7.4082011E-05 -7.7714511E-05 -8.1027960E-05 -8.4009538E-05
 -8.6643471E-05 -8.8923996E-05 -9.0837493E-05 -9.2378497E-05 -9.3540002E-05
 -9.4315998E-05 -9.4705501E-05  9.5569492E-05  9.5176503E-05  9.4392992E-05
  9.3220980E-05  9.1666494E-05  8.9735018E-05  8.7434484E-05  8.4775500E-05
  8.1767510E-05  7.8423473E-05  7.4757518E-05  7.0784015E-05  6.6520493E-05
  6.1982457E-05  5.7190544E-05  5.2162963E-05  4.6922043E-05  4.1486994E-05
  3.5882964E-05  3.0129999E-05  2.4254021E-05  1.8277990E-05  1.2227519E-05
  6.1265382E-06  0.0000000E+00 -6.1265378E-06 -1.2227519E-05 -1.8277988E-05
 -2.4254021E-05 -3.0129999E-05 -3.5882960E-05 -4.1486990E-05 -4.6922039E-05
 -5.2162963E-05 -5.7190544E-05 -6.1982457E-05 -6.6520493E-05 -7.0784015E-05
 -7.4757518E-05 -7.8423458E-05 -8.1767510E-05 -8.4775500E-05 -8.7434484E-05
 -8.9735011E-05 -9.1666494E-05 -9.3220980E-05 -9.4392992E-05 -9.5176503E-05
 -9.5569492E-05  9.5998519E-05  9.5604024E-05  9.4816511E-05  9.3639508E-05
  9.2078022E-05  9.0137539E-05  8.7828019E-05  8.5155494E-05  8.2134546E-05
  7.8775978E-05  7.5093027E-05  7.1102026E-05  6.6819019E-05  6.2260486E-05
  5.7447007E-05  5.2397521E-05  4.7132526E-05  4.1673491E-05  3.6043981E-05
  3.0265532E-05  2.4362509E-05  1.8360468E-05  1.2282507E-05  6.1535852E-06
  0.0000000E+00 -6.1535839E-06 -1.2282506E-05 -1.8360468E-05 -2.4362511E-05
 -3.0265528E-05 -3.6043981E-05 -4.1673491E-05 -4.7132529E-05 -5.2397521E-05
 -5.7447007E-05 -6.2260486E-05 -6.6819019E-05 -7.1102018E-05 -7.5093027E-05
 -7.8775964E-05 -8.2134546E-05 -8.5155494E-05 -8.7828019E-05 -9.0137539E-05
 -9.2078022E-05 -9.3639508E-05 -9.4816518E-05 -9.5604017E-05 -9.5998519E-05
  9.5998490E-05  9.5603980E-05  9.4816474E-05  9.3639472E-05  9.2077978E-05
  9.0137488E-05  8.7827990E-05  8.5155465E-05  8.2134517E-05  7.8775935E-05
  7.5093005E-05  7.1101997E-05  6.6818997E-05  6.2260478E-05  5.7446981E-05
  5.2397500E-05  4.7132511E-05  4.1673469E-05  3.6043970E-05  3.0265519E-05
  2.4362502E-05  1.8360461E-05  1.2282501E-05  6.1535825E-06  0.0000000E+00
 -6.1535811E-06 -1.2282501E-05 -1.8360462E-05 -2.4362500E-05 -3.0265519E-05
 -3.6043970E-05 -4.1673473E-05 -4.7132511E-05 -5.2397500E-05 -5.7446981E-05
 -6.2260464E-05 -6.6818990E-05 -7.1101997E-05 -7.5093005E-05 -7.8775942E-05
 -8.2134509E-05 -8.5155465E-05 -8.7827990E-05 -9.0137488E-05 -9.2077978E-05
 -9.3639472E-05 -9.4816474E-05 -9.5603988E-05 -9.5998483E-05  9.5569514E-05
  9.5176511E-05  9.4393014E-05  9.3221002E-05  9.1666523E-05  8.9735033E-05
  8.7434491E-05  8.4775507E-05  8.1767525E-05  7.8423487E-05  7.4757540E-05
  7.0784023E-05  6.6520508E-05  6.1982471E-05  5.7190555E-05  5.2162977E-05
  4.6922050E-05  4.1487005E-05  3.5882971E-05  3.0130002E-05  2.4254025E-05
  1.8277991E-05  1.2227522E-05  6.1265387E-06  0.0000000E+00 -6.1265405E-06
 -1.2227522E-05 -1.8277991E-05 -2.4254025E-05 -3.0130006E-05 -3.5882971E-05
 -4.1487005E-05 -4.6922050E-05 -5.2162977E-05 -5.7190555E-05 -6.1982471E-05
 -6.6520508E-05 -7.0784023E-05 -7.4757547E-05 -7.8423494E-05 -8.1767525E-05
 -8.4775515E-05 -8.7434491E-05 -8.9735033E-05 -9.1666516E-05 -9.3221002E-05
 -9.4393021E-05 -9.5176518E-05 -9.5569514E-05  9.4705516E-05  9.4316012E-05
  9.3540017E-05  9.2378519E-05  9.0837515E-05  8.8924011E-05  8.6643493E-05
  8.4009553E-05  8.1027982E-05  7.7714525E-05  7.4082025E-05  7.0143986E-05
  6.5919034E-05  6.1422485E-05  5.6673558E-05  5.1691499E-05  4.6497960E-05
  4.1112013E-05  3.5558045E-05  2.9857465E-05  2.4035577E-05  1.8112440E-05
  1.2117030E-05  6.0710322E-06  0.0000000E+00 -6.0710322E-06 -1.2117030E-05
 -1.8112438E-05 -2.4035580E-05 -2.9857467E-05 -3.5558045E-05 -4.1112013E-05
 -4.6497960E-05 -5.1691499E-05 -5.6673558E-05 -6.1422485E-05 -6.5919034E-05
 -7.0143979E-05 -7.4082025E-05 -7.7714525E-05 -8.1027982E-05 -8.4009553E-05
 -8.6643486E-05 -8.8924011E-05 -9.0837515E-05 -9.2378512E-05 -9.3540017E-05
 -9.4316012E-05 -9.4705516E-05  9.3394490E-05  9.3010480E-05  9.2244976E-05
  9.1099493E-05  8.9580477E-05  8.7692468E-05  8.5444459E-05  8.2846534E-05
  7.9906458E-05  7.6638520E-05  7.3056457E-05  6.9173489E-05  6.5005966E-05
  6.0572504E-05  5.5888511E-05  5.0976490E-05  4.5853954E-05  4.0542996E-05
  3.5065477E-05  2.9444538E-05  2.3702527E-05  1.7861945E-05  1.1949535E-05
  5.9864660E-06  0.0000000E+00 -5.9864660E-06 -1.1949535E-05 -1.7861945E-05
 -2.3702525E-05 -2.9444542E-05 -3.5065477E-05 -4.0542996E-05 -4.5853954E-05
 -5.0976494E-05 -5.5888511E-05 -6.0572496E-05 -6.5005966E-05 -6.9173482E-05
 -7.3056464E-05 -7.6638520E-05 -7.9906458E-05 -8.2846534E-05 -8.5444452E-05
 -8.7692468E-05 -8.9580477E-05 -9.1099493E-05 -9.2244976E-05 -9.3010472E-05
 -9.3394490E-05  9.1616981E-05  9.1240989E-05  9.0488975E-05  8.9365967E-05
  8.7875473E-05  8.6023974E-05  8.3818486E-05  8.1269493E-05  7.8386503E-05
  7.5179989E-05  7.1665963E-05  6.7857523E-05  6.3768457E-05  5.9419970E-05
  5.4825014E-05  5.0005972E-05  4.4981527E-05  3.9771490E-05  3.4398428E-05
  2.8884029E-05  2.3251021E-05  1.7522496E-05  1.1721995E-05  5.8724727E-06
  0.0000000E+00 -5.8724727E-06 -1.1721997E-05 -1.7522496E-05 -2.3251021E-05
 -2.8884027E-05 -3.4398428E-05 -3.9771494E-05 -4.4981527E-05 -5.0005972E-05
 -5.4825014E-05 -5.9419974E-05 -6.3768457E-05 -6.7857531E-05 -7.1665971E-05
 -7.5179989E-05 -7.8386503E-05 -8.1269478E-05 -8.3818471E-05 -8.6023974E-05
 -8.7875473E-05 -8.9365967E-05 -9.0488982E-05 -9.1240989E-05 -9.1616981E-05
  8.9345544E-05  8.8978544E-05  8.8245542E-05  8.7150038E-05  8.5696556E-05
  8.3891529E-05  8.1740553E-05  7.9254016E-05  7.6442579E-05  7.3316507E-05
  6.9889051E-05  6.6174565E-05  6.2188017E-05  5.7946516E-05  5.3465541E-05
  4.8766018E-05  4.3866541E-05  3.8785507E-05  3.3545512E-05  2.8167531E-05
  2.2674509E-05  1.7088512E-05  1.1430986E-05  5.7270404E-06  0.0000000E+00
 -5.7270404E-06 -1.1430984E-05 -1.7088516E-05 -2.2674514E-05 -2.8167531E-05
 -3.3545508E-05 -3.8785507E-05 -4.3866541E-05 -4.8766018E-05 -5.3465541E-05
 -5.7946516E-05 -6.2188024E-05 -6.6174565E-05 -6.9889051E-05 -7.3316514E-05
 -7.6442586E-05 -7.9254009E-05 -8.1740553E-05 -8.3891529E-05 -8.5696549E-05
 -8.7150038E-05 -8.8245550E-05 -8.8978544E-05 -8.9345551E-05  8.6540480E-05
  8.6184475E-05  8.5475491E-05  8.4413477E-05  8.3005994E-05  8.1257465E-05
  7.9174497E-05  7.6765456E-05  7.4042509E-05  7.1014489E-05  6.7695000E-05
  6.4096515E-05  6.0235954E-05  5.6126999E-05  5.1786476E-05  4.7235484E-05
  4.2488973E-05  3.7567497E-05  3.2492502E-05  2.7283499E-05  2.1962518E-05
  1.6551981E-05  1.1072006E-05  5.5470296E-06  0.0000000E+00 -5.5470296E-06
 -1.1072006E-05 -1.6551981E-05 -2.1962518E-05 -2.7283499E-05 -3.2492502E-05
 -3.7567494E-05 -4.2488977E-05 -4.7235484E-05 -5.1786483E-05 -5.6126999E-05
 -6.0235951E-05 -6.4096515E-05 -6.7694993E-05 -7.1014489E-05 -7.4042509E-05
 -7.6765456E-05 -7.9174490E-05 -8.1257465E-05 -8.3005994E-05 -8.4413477E-05
 -8.5475484E-05 -8.6184475E-05 -8.6540480E-05  8.3147490E-05  8.2805484E-05
  8.2123988E-05  8.1104481E-05  7.9751488E-05  7.8070989E-05  7.6070486E-05
  7.3755982E-05  7.1139497E-05  6.8230016E-05  6.5040949E-05  6.1583509E-05
  5.7874498E-05  5.3925989E-05  4.9756462E-05  4.5383527E-05  4.0822470E-05
  3.6095003E-05  3.1218482E-05  2.6213964E-05  2.1101532E-05  1.5902478E-05
  1.0638535E-05  5.3294757E-06  0.0000000E+00 -5.3294734E-06 -1.0638533E-05
 -1.5902478E-05 -2.1101532E-05 -2.6213973E-05 -3.1218482E-05 -3.6095000E-05
 -4.0822470E-05 -4.5383524E-05 -4.9756462E-05 -5.3925989E-05 -5.7874498E-05
 -6.1583509E-05 -6.5040949E-05 -6.8230009E-05 -7.1139482E-05 -7.3755989E-05
 -7.6070486E-05 -7.8070989E-05 -7.9751480E-05 -8.1104481E-05 -8.2123981E-05
 -8.2805476E-05 -8.3147490E-05  7.9089987E-05  7.8765486E-05  7.8115991E-05
  7.7146979E-05  7.5860480E-05  7.4260977E-05  7.2358976E-05  7.0157002E-05
  6.7667985E-05  6.4900989E-05  6.1866958E-05  5.8578502E-05  5.5050506E-05
  5.1294479E-05  4.7328984E-05  4.3168508E-05  3.8830483E-05  3.4333978E-05
  2.9694991E-05  2.4934514E-05  2.0071970E-05  1.5126502E-05  1.0119526E-05
  5.0694489E-06  0.0000000E+00 -5.0694489E-06 -1.0119526E-05 -1.5126503E-05
 -2.0071973E-05 -2.4934516E-05 -2.9694991E-05 -3.4333985E-05 -3.8830483E-05
 -4.3168508E-05 -4.7328984E-05 -5.1294479E-05 -5.5050503E-05 -5.8578502E-05
 -6.1866958E-05 -6.4900989E-05 -6.7667977E-05 -7.0157002E-05 -7.2358976E-05
 -7.4260977E-05 -7.5860487E-05 -7.7146971E-05 -7.8115983E-05 -7.8765479E-05
 -7.9089987E-05  7.4258540E-05  7.3953532E-05  7.3344047E-05  7.2433540E-05
  7.1226539E-05  6.9724527E-05  6.7938527E-05  6.5871049E-05  6.3534520E-05
  6.0936040E-05  5.8087029E-05  5.5000550E-05  5.1687013E-05  4.8161026E-05
  4.4438038E-05  4.0530998E-05  3.6458503E-05  3.2236032E-05  2.7881502E-05
  2.3411043E-05  1.8845993E-05  1.4202529E-05  9.5009846E-06  4.7599924E-06
  0.0000000E+00 -4.7599915E-06 -9.5009846E-06 -1.4202529E-05 -1.8845994E-05
 -2.3411043E-05 -2.7881506E-05 -3.2236036E-05 -3.6458499E-05 -4.0530991E-05
 -4.4438042E-05 -4.8161026E-05 -5.1687013E-05 -5.5000550E-05 -5.8087029E-05
 -6.0936040E-05 -6.3534520E-05 -6.5871049E-05 -6.7938527E-05 -6.9724527E-05
 -7.1226546E-05 -7.2433540E-05 -7.3344047E-05 -7.3953532E-05 -7.4258540E-05
  6.8485933E-05  6.8204434E-05  6.7642446E-05  6.6802932E-05  6.5689455E-05
  6.4304440E-05  6.2656443E-05  6.0750946E-05  5.8595422E-05  5.6198460E-05
  5.3571945E-05  5.0724961E-05  4.7668436E-05  4.4417491E-05  4.0983443E-05
  3.7380454E-05  3.3623954E-05  2.9730470E-05  2.5713978E-05  2.1590980E-05
  1.7380995E-05  1.3098482E-05  8.7624694E-06  4.3900263E-06  0.0000000E+00
 -4.3900268E-06 -8.7624721E-06 -1.3098482E-05 -1.7380997E-05 -2.1590980E-05
 -2.5713978E-05 -2.9730469E-05 -3.3623954E-05 -3.7380458E-05 -4.0983443E-05
 -4.4417488E-05 -4.7668440E-05 -5.0724961E-05 -5.3571945E-05 -5.6198460E-05
 -5.8595422E-05 -6.0750946E-05 -6.2656429E-05 -6.4304433E-05 -6.5689455E-05
 -6.6802932E-05 -6.7642446E-05 -6.8204434E-05 -6.8485933E-05  6.1501029E-05
  6.1248531E-05  6.0744023E-05  5.9990030E-05  5.8989554E-05  5.7746522E-05
  5.6266035E-05  5.4555549E-05  5.2619002E-05  5.0467039E-05  4.8109043E-05
  4.5551013E-05  4.2806994E-05  3.9887564E-05  3.6803500E-05  3.3568529E-05
  3.0194497E-05  2.6698501E-05  2.3091525E-05  1.9388988E-05  1.5608006E-05
  1.1763018E-05  7.8684861E-06  3.9425504E-06  0.0000000E+00 -3.9425504E-06
 -7.8684898E-06 -1.1763021E-05 -1.5608010E-05 -1.9388992E-05 -2.3091521E-05
 -2.6698501E-05 -3.0194500E-05 -3.3568533E-05 -3.6803500E-05 -3.9887564E-05
 -4.2806998E-05 -4.5551013E-05 -4.8109039E-05 -5.0467039E-05 -5.2619002E-05
 -5.4555545E-05 -5.6266032E-05 -5.7746522E-05 -5.8989554E-05 -5.9990030E-05
 -6.0744027E-05 -6.1248531E-05 -6.1501036E-05  5.2804531E-05  5.2587522E-05
  5.2154530E-05  5.1507021E-05  5.0647533E-05  4.9581024E-05  4.8310016E-05
  4.6840538E-05  4.5178524E-05  4.3331016E-05  4.1306041E-05  3.9109513E-05
  3.6753998E-05  3.4247041E-05  3.1599513E-05  2.8821520E-05  2.5925019E-05
  2.2922990E-05  1.9826040E-05  1.6647478E-05  1.3400999E-05  1.0099523E-05
  6.7560018E-06  3.3850276E-06  0.0000000E+00 -3.3850276E-06 -6.7560090E-06
 -1.0099523E-05 -1.3400992E-05 -1.6647469E-05 -1.9826040E-05 -2.2922986E-05
 -2.5925021E-05 -2.8821527E-05 -3.1599513E-05 -3.4247045E-05 -3.6753994E-05
 -3.9109509E-05 -4.1306041E-05 -4.3331012E-05 -4.5178524E-05 -4.6840545E-05
 -4.8310023E-05 -4.9581020E-05 -5.0647541E-05 -5.1507021E-05 -5.2154530E-05
 -5.2587522E-05 -5.2804528E-05  4.1224455E-05  4.1054955E-05  4.0716466E-05
  4.0211457E-05  3.9540468E-05  3.8707461E-05  3.7715970E-05  3.6567966E-05
  3.5270961E-05  3.3827946E-05  3.2247499E-05  3.0532952E-05  2.8693461E-05
  2.6736474E-05  2.4669487E-05  2.2500972E-05  2.0239499E-05  1.7895967E-05
  1.5478010E-05  1.2996463E-05  1.0462486E-05  7.8845169E-06  5.2745072E-06
  2.6424982E-06  0.0000000E+00 -2.6424909E-06 -5.2744995E-06 -7.8845169E-06
 -1.0462486E-05 -1.2996463E-05 -1.5478003E-05 -1.7895965E-05 -2.0239502E-05
 -2.2500972E-05 -2.4669485E-05 -2.6736476E-05 -2.8693465E-05 -3.0532952E-05
 -3.2247499E-05 -3.3827950E-05 -3.5270965E-05 -3.6567963E-05 -3.7715967E-05
 -3.8707461E-05 -3.9540468E-05 -4.0211457E-05 -4.0716466E-05 -4.1054955E-05
 -4.1224463E-05  1.7251510E-05  1.7180508E-05  1.7039010E-05  1.6827509E-05
  1.6547008E-05  1.6198008E-05  1.5783515E-05  1.5303007E-05  1.4760009E-05
  1.4155999E-05  1.3495021E-05  1.2777492E-05  1.2007511E-05  1.1188506E-05
  1.0323512E-05  9.4164961E-06  8.4695075E-06  7.4890104E-06  6.4775013E-06
  5.4384982E-06  4.3785035E-06  3.2995101E-06  2.2069935E-06  1.1060021E-06
  0.0000000E+00 -1.1060021E-06 -2.2069935E-06 -3.2995101E-06 -4.3785035E-06
 -5.4384982E-06 -6.4775013E-06 -7.4890104E-06 -8.4695075E-06 -9.4164961E-06
 -1.0323512E-05 -1.1188506E-05 -1.2007511E-05 -1.2777492E-05 -1.3495021E-05
 -1.4155999E-05 -1.4760009E-05 -1.5303007E-05 -1.5783515E-05 -1.6198008E-05
 -1.6547008E-05 -1.6827509E-05 -1.7039010E-05 -1.7180508E-05 -1.7251510E-05
  2.9119483E-06  2.9119035E-06  2.9117864E-06  2.9117568E-06  2.9118564E-06
  2.9119242E-06  2.9114976E-06  2.9113901E-06  2.9115001E-06  2.9115354E-06
  2.9115713E-06  2.9117282E-06  2.9119619E-06  2.9117905E-06  2.9116809E-06
  2.9117293E-06  2.9116102E-06  2.9117159E-06  2.9115893E-06  2.9117386E-06
  2.9117753E-06  2.9118237E-06  2.9117193E-06  2.9113821E-06  2.9114253E-06
  2.9113821E-06  2.9117191E-06  2.9118237E-06  2.9117750E-06  2.9117389E-06
  2.9115897E-06  2.9117159E-06  2.9116106E-06  2.9117293E-06  2.9116809E-06
  2.9117905E-06  2.9119619E-06  2.9117282E-06  2.9115713E-06  2.9115356E-06
  2.9115004E-06  2.9113901E-06  2.9114974E-06  2.9119246E-06  2.9118564E-06
  2.9117564E-06  2.9117864E-06  2.9119035E-06  2.9119485E-06  2.2424678E-05
  2.2424683E-05  2.2424454E-05  2.2424038E-05  2.2424359E-05  2.2424450E-05
  2.2424319E-05  2.2424520E-05  2.2424549E-05  2.2424525E-05  2.2424456E-05
  2.2423877E-05  2.2424407E-05  2.2424443E-05  2.2424132E-05  2.2424420E-05
  2.2424385E-05  2.2425051E-05  2.2424651E-05  2.2424359E-05  2.2424512E-05
  2.2424840E-05  2.2424749E-05  2.2425236E-05  2.2425205E-05  2.2425236E-05
  2.2424749E-05  2.2424840E-05  2.2424510E-05  2.2424358E-05  2.2424649E-05
  2.2425049E-05  2.2424385E-05  2.2424420E-05  2.2424130E-05  2.2424443E-05
  2.2424405E-05  2.2423879E-05  2.2424458E-05  2.2424523E-05  2.2424549E-05
  2.2424520E-05  2.2424318E-05  2.2424450E-05  2.2424359E-05  2.2424039E-05
  2.2424454E-05  2.2424681E-05  2.2424678E-05  1.6017446E-05  1.6017217E-05
  1.6017937E-05  1.6017992E-05  1.6017744E-05  1.6017817E-05  1.6017804E-05
  1.6017590E-05  1.6017377E-05  1.6017704E-05  1.6017908E-05  1.6017668E-05
  1.6017464E-05  1.6017462E-05  1.6017806E-05  1.6017993E-05  1.6017566E-05
  1.6017302E-05  1.6017642E-05  1.6017930E-05  1.6017611E-05  1.6017417E-05
  1.6016924E-05  1.6016969E-05  1.6017242E-05  1.6016967E-05  1.6016924E-05
  1.6017417E-05  1.6017611E-05  1.6017930E-05  1.6017642E-05  1.6017302E-05
  1.6017566E-05  1.6017995E-05  1.6017806E-05  1.6017462E-05  1.6017460E-05
  1.6017666E-05  1.6017908E-05  1.6017704E-05  1.6017377E-05  1.6017590E-05
  1.6017804E-05  1.6017821E-05  1.6017744E-05  1.6017992E-05  1.6017937E-05
  1.6017217E-05  1.6017446E-05  9.6107151E-06  9.6105723E-06  9.6100430E-06
  9.6100766E-06  9.6105005E-06  9.6105077E-06  9.6103795E-06  9.6107606E-06
  9.6102531E-06  9.6102804E-06  9.6103277E-06  9.6103840E-06  9.6110161E-06
  9.6108624E-06  9.6101439E-06  9.6100248E-06  9.6100321E-06  9.6099338E-06
  9.6101276E-06  9.6105541E-06  9.6103449E-06  9.6100030E-06  9.6106642E-06
  9.6107524E-06  9.6105487E-06  9.6107515E-06  9.6106642E-06  9.6100011E-06
  9.6103449E-06  9.6105550E-06  9.6101267E-06  9.6099320E-06  9.6100321E-06
  9.6100248E-06  9.6101430E-06  9.6108633E-06  9.6110161E-06  9.6103850E-06
  9.6103286E-06  9.6102804E-06  9.6102540E-06  9.6107615E-06  9.6103795E-06
  9.6105077E-06  9.6104995E-06  9.6100766E-06  9.6100430E-06  9.6105732E-06
  9.6107151E-06  3.2034973E-06  3.2036173E-06  3.2039402E-06  3.2038799E-06
  3.2035975E-06  3.2033390E-06  3.2031974E-06  3.2033213E-06  3.2034966E-06
  3.2033670E-06  3.2036710E-06  3.2038874E-06  3.2033411E-06  3.2033624E-06
  3.2035912E-06  3.2036526E-06  3.2037153E-06  3.2037872E-06  3.2040068E-06
  3.2036271E-06  3.2036567E-06  3.2041587E-06  3.2040248E-06  3.2034957E-06
  3.2031951E-06  3.2035430E-06  3.2040246E-06  3.2041587E-06  3.2036571E-06
  3.2036271E-06  3.2040066E-06  3.2037874E-06  3.2037156E-06  3.2036526E-06
  3.2035912E-06  3.2033620E-06  3.2033411E-06  3.2038872E-06  3.2036710E-06
  3.2033670E-06  3.2034964E-06  3.2033208E-06  3.2031974E-06  3.2033390E-06
  3.2035971E-06  3.2038802E-06  3.2039400E-06  3.2036176E-06  3.2034975E-06
 -3.2034977E-06 -3.2036171E-06 -3.2039400E-06 -3.2038802E-06 -3.2035966E-06
 -3.2033388E-06 -3.2031974E-06 -3.2033211E-06 -3.2034966E-06 -3.2033670E-06
 -3.2036710E-06 -3.2038872E-06 -3.2033413E-06 -3.2033624E-06 -3.2035909E-06
 -3.2036523E-06 -3.2037156E-06 -3.2037874E-06 -3.2040066E-06 -3.2036273E-06
 -3.2036564E-06 -3.2041592E-06 -3.2040246E-06 -3.2034952E-06 -3.2031953E-06
 -3.2035425E-06 -3.2040248E-06 -3.2041585E-06 -3.2036562E-06 -3.2036273E-06
 -3.2040066E-06 -3.2037876E-06 -3.2037156E-06 -3.2036523E-06 -3.2035912E-06
 -3.2033624E-06 -3.2033408E-06 -3.2038874E-06 -3.2036710E-06 -3.2033668E-06
 -3.2034964E-06 -3.2033211E-06 -3.2031974E-06 -3.2033388E-06 -3.2035971E-06
 -3.2038802E-06 -3.2039400E-06 -3.2036176E-06 -3.2034975E-06 -9.6107160E-06
 -9.6105723E-06 -9.6100430E-06 -9.6100775E-06 -9.6105005E-06 -9.6105077E-06
 -9.6103786E-06 -9.6107606E-06 -9.6102531E-06 -9.6102804E-06 -9.6103286E-06
 -9.6103840E-06 -9.6110161E-06 -9.6108624E-06 -9.6101430E-06 -9.6100257E-06
 -9.6100321E-06 -9.6099348E-06 -9.6101267E-06 -9.6105541E-06 -9.6103449E-06
 -9.6100021E-06 -9.6106651E-06 -9.6107524E-06 -9.6105468E-06 -9.6107533E-06
 -9.6106651E-06 -9.6100021E-06 -9.6103449E-06 -9.6105541E-06 -9.6101257E-06
 -9.6099348E-06 -9.6100321E-06 -9.6100257E-06 -9.6101430E-06 -9.6108615E-06
 -9.6110161E-06 -9.6103840E-06 -9.6103295E-06 -9.6102804E-06 -9.6102531E-06
 -9.6107615E-06 -9.6103786E-06 -9.6105077E-06 -9.6105014E-06 -9.6100766E-06
 -9.6100430E-06 -9.6105723E-06 -9.6107160E-06 -1.6017446E-05 -1.6017217E-05
 -1.6017935E-05 -1.6017993E-05 -1.6017744E-05 -1.6017815E-05 -1.6017806E-05
 -1.6017590E-05 -1.6017377E-05 -1.6017704E-05 -1.6017908E-05 -1.6017668E-05
 -1.6017464E-05 -1.6017464E-05 -1.6017806E-05 -1.6017995E-05 -1.6017566E-05
 -1.6017304E-05 -1.6017641E-05 -1.6017930E-05 -1.6017610E-05 -1.6017417E-05
 -1.6016924E-05 -1.6016969E-05 -1.6017242E-05 -1.6016969E-05 -1.6016924E-05
 -1.6017417E-05 -1.6017610E-05 -1.6017930E-05 -1.6017641E-05 -1.6017302E-05
 -1.6017562E-05 -1.6017993E-05 -1.6017806E-05 -1.6017462E-05 -1.6017464E-05
 -1.6017666E-05 -1.6017908E-05 -1.6017708E-05 -1.6017377E-05 -1.6017590E-05
 -1.6017804E-05 -1.6017817E-05 -1.6017744E-05 -1.6017992E-05 -1.6017937E-05
 -1.6017217E-05 -1.6017446E-05 -2.2424678E-05 -2.2424683E-05 -2.2424454E-05
 -2.2424038E-05 -2.2424363E-05 -2.2424450E-05 -2.2424321E-05 -2.2424523E-05
 -2.2424549E-05 -2.2424525E-05 -2.2424454E-05 -2.2423879E-05 -2.2424405E-05
 -2.2424443E-05 -2.2424130E-05 -2.2424420E-05 -2.2424385E-05 -2.2425049E-05
 -2.2424649E-05 -2.2424359E-05 -2.2424509E-05 -2.2424840E-05 -2.2424747E-05
 -2.2425236E-05 -2.2425203E-05 -2.2425238E-05 -2.2424745E-05 -2.2424840E-05
 -2.2424510E-05 -2.2424358E-05 -2.2424649E-05 -2.2425051E-05 -2.2424385E-05
 -2.2424423E-05 -2.2424132E-05 -2.2424441E-05 -2.2424407E-05 -2.2423876E-05
 -2.2424458E-05 -2.2424525E-05 -2.2424550E-05 -2.2424523E-05 -2.2424319E-05
 -2.2424450E-05 -2.2424361E-05 -2.2424038E-05 -2.2424454E-05 -2.2424680E-05
 -2.2424678E-05 -2.8831233E-05 -2.8831566E-05 -2.8831701E-05 -2.8831626E-05
 -2.8831180E-05 -2.8831584E-05 -2.8831835E-05 -2.8831924E-05 -2.8831691E-05
 -2.8831304E-05 -2.8831726E-05 -2.8832366E-05 -2.8831608E-05 -2.8831519E-05
 -2.8831579E-05 -2.8831822E-05 -2.8831810E-05 -2.8831484E-05 -2.8831120E-05
 -2.8831551E-05 -2.8831910E-05 -2.8831741E-05 -2.8831346E-05 -2.8831257E-05
 -2.8831008E-05 -2.8831257E-05 -2.8831348E-05 -2.8831741E-05 -2.8831910E-05
 -2.8831550E-05 -2.8831120E-05 -2.8831486E-05 -2.8831810E-05 -2.8831822E-05
 -2.8831577E-05 -2.8831524E-05 -2.8831608E-05 -2.8832368E-05 -2.8831726E-05
 -2.8831304E-05 -2.8831691E-05 -2.8831924E-05 -2.8831837E-05 -2.8831580E-05
 -2.8831180E-05 -2.8831628E-05 -2.8831702E-05 -2.8831566E-05 -2.8831233E-05
 -3.5238809E-05 -3.5238740E-05 -3.5238325E-05 -3.5238343E-05 -3.5238863E-05
 -3.5238820E-05 -3.5238321E-05 -3.5238350E-05 -3.5238856E-05 -3.5238736E-05
 -3.5238376E-05 -3.5238532E-05 -3.5238583E-05 -3.5238518E-05 -3.5238932E-05
 -3.5238623E-05 -3.5238569E-05 -3.5238598E-05 -3.5238707E-05 -3.5238612E-05
 -3.5238740E-05 -3.5238503E-05 -3.5238663E-05 -3.5238896E-05 -3.5239238E-05
 -3.5238896E-05 -3.5238663E-05 -3.5238503E-05 -3.5238743E-05 -3.5238612E-05
 -3.5238700E-05 -3.5238598E-05 -3.5238569E-05 -3.5238623E-05 -3.5238929E-05
 -3.5238518E-05 -3.5238587E-05 -3.5238532E-05 -3.5238376E-05 -3.5238740E-05
 -3.5238860E-05 -3.5238343E-05 -3.5238325E-05 -3.5238823E-05 -3.5238860E-05
 -3.5238343E-05 -3.5238325E-05 -3.5238740E-05 -3.5238812E-05 -4.1645788E-05
 -4.1645682E-05 -4.1646319E-05 -4.1645562E-05 -4.1645533E-05 -4.1645879E-05
 -4.1645959E-05 -4.1645279E-05 -4.1645359E-05 -4.1645850E-05 -4.1646239E-05
 -4.1645588E-05 -4.1645562E-05 -4.1645566E-05 -4.1645751E-05 -4.1645846E-05
 -4.1646053E-05 -4.1645948E-05 -4.1646297E-05 -4.1645053E-05 -4.1645479E-05
 -4.1645613E-05 -4.1645453E-05 -4.1645410E-05 -4.1645624E-05 -4.1645410E-05
 -4.1645453E-05 -4.1645617E-05 -4.1645479E-05 -4.1645057E-05 -4.1646297E-05
 -4.1645944E-05 -4.1646053E-05 -4.1645846E-05 -4.1645751E-05 -4.1645562E-05
 -4.1645559E-05 -4.1645588E-05 -4.1646235E-05 -4.1645850E-05 -4.1645359E-05
 -4.1645271E-05 -4.1645959E-05 -4.1645875E-05 -4.1645533E-05 -4.1645562E-05
 -4.1646315E-05 -4.1645682E-05 -4.1645788E-05 -4.8052472E-05 -4.8052490E-05
 -4.8052731E-05 -4.8052545E-05 -4.8052465E-05 -4.8052247E-05 -4.8052880E-05
 -4.8052574E-05 -4.8052669E-05 -4.8052694E-05 -4.8052261E-05 -4.8052316E-05
 -4.8052909E-05 -4.8052596E-05 -4.8052414E-05 -4.8052403E-05 -4.8052469E-05
 -4.8052141E-05 -4.8052534E-05 -4.8052516E-05 -4.8053178E-05 -4.8052530E-05
 -4.8052832E-05 -4.8052632E-05 -4.8052298E-05 -4.8052625E-05 -4.8052832E-05
 -4.8052530E-05 -4.8053178E-05 -4.8052520E-05 -4.8052530E-05 -4.8052141E-05
 -4.8052476E-05 -4.8052403E-05 -4.8052414E-05 -4.8052596E-05 -4.8052909E-05
 -4.8052319E-05 -4.8052261E-05 -4.8052687E-05 -4.8052665E-05 -4.8052578E-05
 -4.8052872E-05 -4.8052250E-05 -4.8052465E-05 -4.8052545E-05 -4.8052731E-05
 -4.8052487E-05 -4.8052472E-05 -5.4460041E-05 -5.4460099E-05 -5.4459193E-05
 -5.4460012E-05 -5.4460244E-05 -5.4459520E-05 -5.4460168E-05 -5.4459419E-05
 -5.4459379E-05 -5.4459990E-05 -5.4459870E-05 -5.4459953E-05 -5.4459946E-05
 -5.4459346E-05 -5.4459644E-05 -5.4460106E-05 -5.4459546E-05 -5.4459757E-05
 -5.4460248E-05 -5.4459815E-05 -5.4460179E-05 -5.4459506E-05 -5.4459757E-05
 -5.4460263E-05 -5.4460284E-05 -5.4460263E-05 -5.4459753E-05 -5.4459506E-05
 -5.4460179E-05 -5.4459812E-05 -5.4460237E-05 -5.4459757E-05 -5.4459546E-05
 -5.4460106E-05 -5.4459641E-05 -5.4459346E-05 -5.4459946E-05 -5.4459953E-05
 -5.4459881E-05 -5.4459986E-05 -5.4459382E-05 -5.4459419E-05 -5.4460175E-05
 -5.4459520E-05 -5.4460248E-05 -5.4460008E-05 -5.4459193E-05 -5.4460099E-05
 -5.4460041E-05 -6.0866485E-05 -6.0866550E-05 -6.0866667E-05 -6.0866343E-05
 -6.0867023E-05 -6.0866405E-05 -6.0867231E-05 -6.0866525E-05 -6.0866554E-05
 -6.0866583E-05 -6.0866601E-05 -6.0866845E-05 -6.0866754E-05 -6.0866598E-05
 -6.0867005E-05 -6.0866005E-05 -6.0866205E-05 -6.0867169E-05 -6.0866543E-05
 -6.0866114E-05 -6.0866445E-05 -6.0866201E-05 -6.0866416E-05 -6.0866314E-05
 -6.0866336E-05 -6.0866299E-05 -6.0866416E-05 -6.0866194E-05 -6.0866445E-05
 -6.0866114E-05 -6.0866543E-05 -6.0867169E-05 -6.0866205E-05 -6.0866005E-05
 -6.0867005E-05 -6.0866598E-05 -6.0866754E-05 -6.0866845E-05 -6.0866594E-05
 -6.0866583E-05 -6.0866554E-05 -6.0866529E-05 -6.0867238E-05 -6.0866394E-05
 -6.0867031E-05 -6.0866336E-05 -6.0866674E-05 -6.0866543E-05 -6.0866485E-05
 -6.7273722E-05 -6.7273875E-05 -6.7273410E-05 -6.7273497E-05 -6.7274392E-05
 -6.7273577E-05 -6.7273300E-05 -6.7274224E-05 -6.7273650E-05 -6.7273249E-05
 -6.7273737E-05 -6.7273300E-05 -6.7273679E-05 -6.7273919E-05 -6.7273875E-05
 -6.7273693E-05 -6.7274057E-05 -6.7273795E-05 -6.7273213E-05 -6.7273861E-05
 -6.7274050E-05 -6.7273999E-05 -6.7273657E-05 -6.7273970E-05 -6.7273882E-05
 -6.7273977E-05 -6.7273650E-05 -6.7273999E-05 -6.7274050E-05 -6.7273861E-05
 -6.7273213E-05 -6.7273788E-05 -6.7274057E-05 -6.7273708E-05 -6.7273875E-05
 -6.7273912E-05 -6.7273686E-05 -6.7273300E-05 -6.7273737E-05 -6.7273249E-05
 -6.7273650E-05 -6.7274217E-05 -6.7273293E-05 -6.7273570E-05 -6.7274392E-05
 -6.7273497E-05 -6.7273410E-05 -6.7273875E-05 -6.7273722E-05 -7.3680691E-05
 -7.3680916E-05 -7.3680771E-05 -7.3680989E-05 -7.3681018E-05 -7.3681003E-05
 -7.3680298E-05 -7.3681585E-05 -7.3680618E-05 -7.3680829E-05 -7.3681746E-05
 -7.3680880E-05 -7.3680734E-05 -7.3681018E-05 -7.3680771E-05 -7.3681083E-05
 -7.3680021E-05 -7.3681003E-05 -7.3681498E-05 -7.3680480E-05 -7.3680254E-05
 -7.3680734E-05 -7.3680814E-05 -7.3681695E-05 -7.3679650E-05 -7.3681687E-05
 -7.3680822E-05 -7.3680727E-05 -7.3680254E-05 -7.3680472E-05 -7.3681498E-05
 -7.3681003E-05 -7.3680021E-05 -7.3681091E-05 -7.3680771E-05 -7.3681018E-05
 -7.3680741E-05 -7.3680894E-05 -7.3681746E-05 -7.3680829E-05 -7.3680618E-05
 -7.3681585E-05 -7.3680298E-05 -7.3681003E-05 -7.3681018E-05 -7.3680989E-05
 -7.3680771E-05 -7.3680916E-05 -7.3680691E-05 -8.0087957E-05 -8.0087681E-05
 -8.0087630E-05 -8.0087622E-05 -8.0087048E-05 -8.0087921E-05 -8.0087957E-05
 -8.0087892E-05 -8.0087659E-05 -8.0087499E-05 -8.0088328E-05 -8.0087266E-05
 -8.0087128E-05 -8.0087957E-05 -8.0088023E-05 -8.0088474E-05 -8.0086807E-05
 -8.0088241E-05 -8.0087790E-05 -8.0087666E-05 -8.0088284E-05 -8.0087528E-05
 -8.0087942E-05 -8.0088335E-05 -8.0087040E-05 -8.0088335E-05 -8.0087935E-05
 -8.0087528E-05 -8.0088284E-05 -8.0087659E-05 -8.0087790E-05 -8.0088248E-05
 -8.0086815E-05 -8.0088481E-05 -8.0088023E-05 -8.0087964E-05 -8.0087120E-05
 -8.0087266E-05 -8.0088328E-05 -8.0087499E-05 -8.0087659E-05 -8.0087899E-05
 -8.0087957E-05 -8.0087906E-05 -8.0087048E-05 -8.0087622E-05 -8.0087622E-05
 -8.0087681E-05 -8.0087950E-05 -8.6495165E-05 -8.6495107E-05 -8.6494249E-05
 -8.6495311E-05 -8.6494314E-05 -8.6494343E-05 -8.6495791E-05 -8.6494489E-05
 -8.6494823E-05 -8.6494489E-05 -8.6495551E-05 -8.6494561E-05 -8.6493936E-05
 -8.6495224E-05 -8.6494794E-05 -8.6495143E-05 -8.6494358E-05 -8.6495347E-05
 -8.6493485E-05 -8.6494903E-05 -8.6495755E-05 -8.6493805E-05 -8.6495100E-05
 -8.6495362E-05 -8.6493659E-05 -8.6495362E-05 -8.6495093E-05 -8.6493805E-05
 -8.6495755E-05 -8.6494903E-05 -8.6493485E-05 -8.6495347E-05 -8.6494343E-05
 -8.6495143E-05 -8.6494787E-05 -8.6495231E-05 -8.6493928E-05 -8.6494569E-05
 -8.6495551E-05 -8.6494503E-05 -8.6494816E-05 -8.6494489E-05 -8.6495784E-05
 -8.6494350E-05 -8.6494314E-05 -8.6495318E-05 -8.6494249E-05 -8.6495107E-05
 -8.6495165E-05 -9.2902090E-05 -9.2901610E-05 -9.2901304E-05 -9.2901806E-05
 -9.2902250E-05 -9.2900351E-05 -9.2903756E-05 -9.2903065E-05 -9.2901428E-05
 -9.2900154E-05 -9.2902861E-05 -9.2901682E-05 -9.2901486E-05 -9.2902206E-05
 -9.2900918E-05 -9.2902315E-05 -9.2901966E-05 -9.2901813E-05 -9.2900562E-05
 -9.2901275E-05 -9.2903290E-05 -9.2901879E-05 -9.2901188E-05 -9.2902730E-05
 -9.2900220E-05 -9.2902737E-05 -9.2901188E-05 -9.2901879E-05 -9.2903290E-05
 -9.2901268E-05 -9.2900562E-05 -9.2901813E-05 -9.2901973E-05 -9.2902315E-05
 -9.2900926E-05 -9.2902206E-05 -9.2901486E-05 -9.2901682E-05 -9.2902861E-05
 -9.2900154E-05 -9.2901428E-05 -9.2903058E-05 -9.2903756E-05 -9.2900351E-05
 -9.2902250E-05 -9.2901799E-05 -9.2901304E-05 -9.2901610E-05 -9.2902097E-05
  2.9119483E-06  2.9119035E-06  2.9117864E-06  2.9117568E-06  2.9118564E-06
  2.9119242E-06  2.9114976E-06  2.9113901E-06  2.9115001E-06  2.9115354E-06
  2.9115713E-06  2.9117282E-06  2.9119619E-06  2.9117905E-06  2.9116809E-06
  2.9117293E-06  2.9116102E-06  2.9117159E-06  2.9115893E-06  2.9117386E-06
  2.9117753E-06  2.9118237E-06  2.9117193E-06  2.9113821E-06  2.9114253E-06
  2.9113821E-06  2.9117191E-06  2.9118237E-06  2.9117750E-06  2.9117389E-06
  2.9115897E-06  2.9117159E-06  2.9116106E-06  2.9117293E-06  2.9116809E-06
  2.9117905E-06  2.9119619E-06  2.9117282E-06  2.9115713E-06  2.9115356E-06
  2.9115004E-06  2.9113901E-06  2.9114974E-06  2.9119246E-06  2.9118564E-06
  2.9117564E-06  2.9117864E-06  2.9119035E-06  2.9119485E-06  2.2424678E-05
  2.2424683E-05  2.2424454E-05  2.2424038E-05  2.2424359E-05  2.2424450E-05
  2.2424319E-05  2.2424520E-05  2.2424549E-05  2.2424525E-05  2.2424456E-05
  2.2423877E-05  2.2424407E-05  2.2424443E-05  2.2424132E-05  2.2424420E-05
  2.2424385E-05  2.2425051E-05  2.2424651E-05  2.2424359E-05  2.2424512E-05
  2.2424840E-05  2.2424749E-05  2.2425236E-05  2.2425205E-05  2.2425236E-05
  2.2424749E-05  2.2424840E-05  2.2424510E-05  2.2424358E-05  2.2424649E-05
  2.2425049E-05  2.2424385E-05  2.2424420E-05  2.2424130E-05  2.2424443E-05
  2.2424405E-05  2.2423879E-05  2.2424458E-05  2.2424523E-05  2.2424549E-05
  2.2424520E-05  2.2424318E-05  2.2424450E-05  2.2424359E-05  2.2424039E-05
  2.2424454E-05  2.2424681E-05  2.2424678E-05  1.6017446E-05  1.6017217E-05
  1.6017937E-05  1.6017992E-05  1.6017744E-05  1.6017817E-05  1.6017804E-05
  1.6017590E-05  1.6017377E-05  1.6017704E-05  1.6017908E-05  1.6017668E-05
  1.6017464E-05  1.6017462E-05  1.6017806E-05  1.6017993E-05  1.6017566E-05
  1.6017302E-05  1.6017642E-05  1.6017930E-05  1.6017611E-05  1.6017417E-05
  1.6016924E-05  1.6016969E-05  1.6017242E-05  1.6016967E-05  1.6016924E-05
  1.6017417E-05  1.6017611E-05  1.6017930E-05  1.6017642E-05  1.6017302E-05
  1.6017566E-05  1.6017995E-05  1.6017806E-05  1.6017462E-05  1.6017460E-05
  1.6017666E-05  1.6017908E-05  1.6017704E-05  1.6017377E-05  1.6017590E-05
  1.6017804E-05  1.6017821E-05  1.6017744E-05  1.6017992E-05  1.6017937E-05
  1.6017217E-05  1.6017446E-05  9.6107151E-06  9.6105723E-06  9.6100430E-06
  9.6100766E-06  9.6105005E-06  9.6105077E-06  9.6103795E-06  9.6107606E-06
  9.6102531E-06  9.6102804E-06  9.6103277E-06  9.6103840E-06  9.6110161E-06
  9.6108624E-06  9.6101439E-06  9.6100248E-06  9.6100321E-06  9.6099338E-06
  9.6101276E-06  9.6105541E-06  9.6103449E-06  9.6100030E-06  9.6106642E-06
  9.6107524E-06  9.6105487E-06  9.6107515E-06  9.6106642E-06  9.6100011E-06
  9.6103449E-06  9.6105550E-06  9.6101267E-06  9.6099320E-06  9.6100321E-06
  9.6100248E-06  9.6101430E-06  9.6108633E-06  9.6110161E-06  9.6103850E-06
  9.6103286E-06  9.6102804E-06  9.6102540E-06  9.6107615E-06  9.6103795E-06
  9.6105077E-06  9.6104995E-06  9.6100766E-06  9.6100430E-06  9.6105732E-06
  9.6107151E-06  3.2034973E-06  3.2036173E-06  3.2039402E-06  3.2038799E-06
  3.2035975E-06  3.2033390E-06  3.2031974E-06  3.2033213E-06  3.2034966E-06
  3.2033670E-06  3.2036710E-06  3.2038874E-06  3.2033411E-06  3.2033624E-06
  3.2035912E-06  3.2036526E-06  3.2037153E-06  3.2037872E-06  3.2040068E-06
  3.2036271E-06  3.2036567E-06  3.2041587E-06  3.2040248E-06  3.2034957E-06
  3.2031951E-06  3.2035430E-06  3.2040246E-06  3.2041587E-06  3.2036571E-06
  3.2036271E-06  3.2040066E-06  3.2037874E-06  3.2037156E-06  3.2036526E-06
  3.2035912E-06  3.2033620E-06  3.2033411E-06  3.2038872E-06  3.2036710E-06
  3.2033670E-06  3.2034964E-06  3.2033208E-06  3.2031974E-06  3.2033390E-06
  3.2035971E-06  3.2038802E-06  3.2039400E-06  3.2036176E-06  3.2034975E-06
 -3.2034977E-06 -3.2036171E-06 -3.2039400E-06 -3.2038802E-06 -3.2035966E-06
 -3.2033388E-06 -3.2031974E-06 -3.2033211E-06 -3.2034966E-06 -3.2033670E-06
 -3.2036710E-06 -3.2038872E-06 -3.2033413E-06 -3.2033624E-06 -3.2035909E-06
 -3.2036523E-06 -3.2037156E-06 -3.2037874E-06 -3.2040066E-06 -3.2036273E-06
 -3.2036564E-06 -3.2041592E-06 -3.2040246E-06 -3.2034952E-06 -3.2031953E-06
 -3.2035425E-06 -3.2040248E-06 -3.2041585E-06 -3.2036562E-06 -3.2036273E-06
 -3.2040066E-06 -3.2037876E-06 -3.2037156E-06 -3.2036523E-06 -3.2035912E-06
 -3.2033624E-06 -3.2033408E-06 -3.2038874E-06 -3.2036710E-06 -3.2033668E-06
 -3.2034964E-06 -3.2033211E-06 -3.2031974E-06 -3.2033388E-06 -3.2035971E-06
 -3.2038802E-06 -3.2039400E-06 -3.2036176E-06 -3.2034975E-06 -9.6107160E-06
 -9.6105723E-06 -9.6100430E-06 -9.6100775E-06 -9.6105005E-06 -9.6105077E-06
 -9.6103786E-06 -9.6107606E-06 -9.6102531E-06 -9.6102804E-06 -9.6103286E-06
 -9.6103840E-06 -9.6110161E-06 -9.6108624E-06 -9.6101430E-06 -9.6100257E-06
 -9.6100321E-06 -9.6099348E-06 -9.6101267E-06 -9.6105541E-06 -9.6103449E-06
 -9.6100021E-06 -9.6106651E-06 -9.6107524E-06 -9.6105468E-06 -9.6107533E-06
 -9.6106651E-06 -9.6100021E-06 -9.6103449E-06 -9.6105541E-06 -9.6101257E-06
 -9.6099348E-06 -9.6100321E-06 -9.6100257E-06 -9.6101430E-06 -9.6108615E-06
 -9.6110161E-06 -9.6103840E-06 -9.6103295E-06 -9.6102804E-06 -9.6102531E-06
 -9.6107615E-06 -9.6103786E-06 -9.6105077E-06 -9.6105014E-06 -9.6100766E-06
 -9.6100430E-06 -9.6105723E-06 -9.6107160E-06 -1.6017446E-05 -1.6017217E-05
 -1.6017935E-05 -1.6017993E-05 -1.6017744E-05 -1.6017815E-05 -1.6017806E-05
 -1.6017590E-05 -1.6017377E-05 -1.6017704E-05 -1.6017908E-05 -1.6017668E-05
 -1.6017464E-05 -1.6017464E-05 -1.6017806E-05 -1.6017995E-05 -1.6017566E-05
 -1.6017304E-05 -1.6017641E-05 -1.6017930E-05 -1.6017610E-05 -1.6017417E-05
 -1.6016924E-05 -1.6016969E-05 -1.6017242E-05 -1.6016969E-05 -1.6016924E-05
 -1.6017417E-05 -1.6017610E-05 -1.6017930E-05 -1.6017641E-05 -1.6017302E-05
 -1.6017562E-05 -1.6017993E-05 -1.6017806E-05 -1.6017462E-05 -1.6017464E-05
 -1.6017666E-05 -1.6017908E-05 -1.6017708E-05 -1.6017377E-05 -1.6017590E-05
 -1.6017804E-05 -1.6017817E-05 -1.6017744E-05 -1.6017992E-05 -1.6017937E-05
 -1.6017217E-05 -1.6017446E-05 -2.2424678E-05 -2.2424683E-05 -2.2424454E-05
 -2.2424038E-05 -2.2424363E-05 -2.2424450E-05 -2.2424321E-05 -2.2424523E-05
 -2.2424549E-05 -2.2424525E-05 -2.2424454E-05 -2.2423879E-05 -2.2424405E-05
 -2.2424443E-05 -2.2424130E-05 -2.2424420E-05 -2.2424385E-05 -2.2425049E-05
 -2.2424649E-05 -2.2424359E-05 -2.2424509E-05 -2.2424840E-05 -2.2424747E-05
 -2.2425236E-05 -2.2425203E-05 -2.2425238E-05 -2.2424745E-05 -2.2424840E-05
 -2.2424510E-05 -2.2424358E-05 -2.2424649E-05 -2.2425051E-05 -2.2424385E-05
 -2.2424423E-05 -2.2424132E-05 -2.2424441E-05 -2.2424407E-05 -2.2423876E-05
 -2.2424458E-05 -2.2424525E-05 -2.2424550E-05 -2.2424523E-05 -2.2424319E-05
 -2.2424450E-05 -2.2424361E-05 -2.2424038E-05 -2.2424454E-05 -2.2424680E-05
 -2.2424678E-05 -2.8831233E-05 -2.8831566E-05 -2.8831701E-05 -2.8831626E-05
 -2.8831180E-05 -2.8831584E-05 -2.8831835E-05 -2.8831924E-05 -2.8831691E-05
 -2.8831304E-05 -2.8831726E-05 -2.8832366E-05 -2.8831608E-05 -2.8831519E-05
 -2.8831579E-05 -2.8831822E-05 -2.8831810E-05 -2.8831484E-05 -2.8831120E-05
 -2.8831551E-05 -2.8831910E-05 -2.8831741E-05 -2.8831346E-05 -2.8831257E-05
 -2.8831008E-05 -2.8831257E-05 -2.8831348E-05 -2.8831741E-05 -2.8831910E-05
 -2.8831550E-05 -2.8831120E-05 -2.8831486E-05 -2.8831810E-05 -2.8831822E-05
 -2.8831577E-05 -2.8831524E-05 -2.8831608E-05 -2.8832368E-05 -2.8831726E-05
 -2.8831304E-05 -2.8831691E-05 -2.8831924E-05 -2.8831837E-05 -2.8831580E-05
 -2.8831180E-05 -2.8831628E-05 -2.8831702E-05 -2.8831566E-05 -2.8831233E-05
 -3.5238809E-05 -3.5238740E-05 -3.5238325E-05 -3.5238343E-05 -3.5238863E-05
 -3.5238820E-05 -3.5238321E-05 -3.5238350E-05 -3.5238856E-05 -3.5238736E-05
 -3.5238376E-05 -3.5238532E-05 -3.5238583E-05 -3.5238518E-05 -3.5238932E-05
 -3.5238623E-05 -3.5238569E-05 -3.5238598E-05 -3.5238707E-05 -3.5238612E-05
 -3.5238740E-05 -3.5238503E-05 -3.5238663E-05 -3.5238896E-05 -3.5239238E-05
 -3.5238896E-05 -3.5238663E-05 -3.5238503E-05 -3.5238743E-05 -3.5238612E-05
 -3.5238700E-05 -3.5238598E-05 -3.5238569E-05 -3.5238623E-05 -3.5238929E-05
 -3.5238518E-05 -3.5238587E-05 -3.5238532E-05 -3.5238376E-05 -3.5238740E-05
 -3.5238860E-05 -3.5238343E-05 -3.5238325E-05 -3.5238823E-05 -3.5238860E-05
 -3.5238343E-05 -3.5238325E-05 -3.5238740E-05 -3.5238812E-05 -4.1645788E-05
 -4.1645682E-05 -4.1646319E-05 -4.1645562E-05 -4.1645533E-05 -4.1645879E-05
 -4.1645959E-05 -4.1645279E-05 -4.1645359E-05 -4.1645850E-05 -4.1646239E-05
 -4.1645588E-05 -4.1645562E-05 -4.1645566E-05 -4.1645751E-05 -4.1645846E-05
 -4.1646053E-05 -4.1645948E-05 -4.1646297E-05 -4.1645053E-05 -4.1645479E-05
 -4.1645613E-05 -4.1645453E-05 -4.1645410E-05 -4.1645624E-05 -4.1645410E-05
 -4.1645453E-05 -4.1645617E-05 -4.1645479E-05 -4.1645057E-05 -4.1646297E-05
 -4.1645944E-05 -4.1646053E-05 -4.1645846E-05 -4.1645751E-05 -4.1645562E-05
 -4.1645559E-05 -4.1645588E-05 -4.1646235E-05 -4.1645850E-05 -4.1645359E-05
 -4.1645271E-05 -4.1645959E-05 -4.1645875E-05 -4.1645533E-05 -4.1645562E-05
 -4.1646315E-05 -4.1645682E-05 -4.1645788E-05 -4.8052472E-05 -4.8052490E-05
 -4.8052731E-05 -4.8052545E-05 -4.8052465E-05 -4.8052247E-05 -4.8052880E-05
 -4.8052574E-05 -4.8052669E-05 -4.8052694E-05 -4.8052261E-05 -4.8052316E-05
 -4.8052909E-05 -4.8052596E-05 -4.8052414E-05 -4.8052403E-05 -4.8052469E-05
 -4.8052141E-05 -4.8052534E-05 -4.8052516E-05 -4.8053178E-05 -4.8052530E-05
 -4.8052832E-05 -4.8052632E-05 -4.8052298E-05 -4.8052625E-05 -4.8052832E-05
 -4.8052530E-05 -4.8053178E-05 -4.8052520E-05 -4.8052530E-05 -4.8052141E-05
 -4.8052476E-05 -4.8052403E-05 -4.8052414E-05 -4.8052596E-05 -4.8052909E-05
 -4.8052319E-05 -4.8052261E-05 -4.8052687E-05 -4.8052665E-05 -4.8052578E-05
 -4.8052872E-05 -4.8052250E-05 -4.8052465E-05 -4.8052545E-05 -4.8052731E-05
 -4.8052487E-05 -4.8052472E-05 -5.4460041E-05 -5.4460099E-05 -5.4459193E-05
 -5.4460012E-05 -5.4460244E-05 -5.4459520E-05 -5.4460168E-05 -5.4459419E-05
 -5.4459379E-05 -5.4459990E-05 -5.4459870E-05 -5.4459953E-05 -5.4459946E-05
 -5.4459346E-05 -5.4459644E-05 -5.4460106E-05 -5.4459546E-05 -5.4459757E-05
 -5.4460248E-05 -5.4459815E-05 -5.4460179E-05 -5.4459506E-05 -5.4459757E-05
 -5.4460263E-05 -5.4460284E-05 -5.4460263E-05 -5.4459753E-05 -5.4459506E-05
 -5.4460179E-05 -5.4459812E-05 -5.4460237E-05 -5.4459757E-05 -5.4459546E-05
 -5.4460106E-05 -5.4459641E-05 -5.4459346E-05 -5.4459946E-05 -5.4459953E-05
 -5.4459881E-05 -5.4459986E-05 -5.4459382E-05 -5.4459419E-05 -5.4460175E-05
 -5.4459520E-05 -5.4460248E-05 -5.4460008E-05 -5.4459193E-05 -5.4460099E-05
 -5.4460041E-05 -6.0866485E-05 -6.0866550E-05 -6.0866667E-05 -6.0866343E-05
 -6.0867023E-05 -6.0866405E-05 -6.0867231E-05 -6.0866525E-05 -6.0866554E-05
 -6.0866583E-05 -6.0866601E-05 -6.0866845E-05 -6.0866754E-05 -6.0866598E-05
 -6.0867005E-05 -6.0866005E-05 -6.0866205E-05 -6.0867169E-05 -6.0866543E-05
 -6.0866114E-05 -6.0866445E-05 -6.0866201E-05 -6.0866416E-05 -6.0866314E-05
 -6.0866336E-05 -6.0866299E-05 -6.0866416E-05 -6.0866194E-05 -6.0866445E-05
 -6.0866114E-05 -6.0866543E-05 -6.0867169E-05 -6.0866205E-05 -6.0866005E-05
 -6.0867005E-05 -6.0866598E-05 -6.0866754E-05 -6.0866845E-05 -6.0866594E-05
 -6.0866583E-05 -6.0866554E-05 -6.0866529E-05 -6.0867238E-05 -6.0866394E-05
 -6.0867031E-05 -6.0866336E-05 -6.0866674E-05 -6.0866543E-05 -6.0866485E-05
 -6.7273722E-05 -6.7273875E-05 -6.7273410E-05 -6.7273497E-05 -6.7274392E-05
 -6.7273577E-05 -6.7273300E-05 -6.7274224E-05 -6.7273650E-05 -6.7273249E-05
 -6.7273737E-05 -6.7273300E-05 -6.7273679E-05 -6.7273919E-05 -6.7273875E-05
 -6.7273693E-05 -6.7274057E-05 -6.7273795E-05 -6.7273213E-05 -6.7273861E-05
 -6.7274050E-05 -6.7273999E-05 -6.7273657E-05 -6.7273970E-05 -6.7273882E-05
 -6.7273977E-05 -6.7273650E-05 -6.7273999E-05 -6.7274050E-05 -6.7273861E-05
 -6.7273213E-05 -6.7273788E-05 -6.7274057E-05 -6.7273708E-05 -6.7273875E-05
 -6.7273912E-05 -6.7273686E-05 -6.7273300E-05 -6.7273737E-05 -6.7273249E-05
 -6.7273650E-05 -6.7274217E-05 -6.7273293E-05 -6.7273570E-05 -6.7274392E-05
 -6.7273497E-05 -6.7273410E-05 -6.7273875E-05 -6.7273722E-05 -7.3680691E-05
 -7.3680916E-05 -7.3680771E-05 -7.3680989E-05 -7.3681018E-05 -7.3681003E-05
 -7.3680298E-05 -7.3681585E-05 -7.3680618E-05 -7.3680829E-05 -7.3681746E-05
 -7.3680880E-05 -7.3680734E-05 -7.3681018E-05 -7.3680771E-05 -7.3681083E-05
 -7.3680021E-05 -7.3681003E-05 -7.3681498E-05 -7.3680480E-05 -7.3680254E-05
 -7.3680734E-05 -7.3680814E-05 -7.3681695E-05 -7.3679650E-05 -7.3681687E-05
 -7.3680822E-05 -7.3680727E-05 -7.3680254E-05 -7.3680472E-05 -7.3681498E-05
 -7.3681003E-05 -7.3680021E-05 -7.3681091E-05 -7.3680771E-05 -7.3681018E-05
 -7.3680741E-05 -7.3680894E-05 -7.3681746E-05 -7.3680829E-05 -7.3680618E-05
 -7.3681585E-05 -7.3680298E-05 -7.3681003E-05 -7.3681018E-05 -7.3680989E-05
 -7.3680771E-05 -7.3680916E-05 -7.3680691E-05 -8.0087957E-05 -8.0087681E-05
 -8.0087630E-05 -8.0087622E-05 -8.0087048E-05 -8.0087921E-05 -8.0087957E-05
 -8.0087892E-05 -8.0087659E-05 -8.0087499E-05 -8.0088328E-05 -8.0087266E-05
 -8.0087128E-05 -8.0087957E-05 -8.0088023E-05 -8.0088474E-05 -8.0086807E-05
 -8.0088241E-05 -8.0087790E-05 -8.0087666E-05 -8.0088284E-05 -8.0087528E-05
 -8.0087942E-05 -8.0088335E-05 -8.0087040E-05 -8.0088335E-05 -8.0087935E-05
 -8.0087528E-05 -8.0088284E-05 -8.0087659E-05 -8.0087790E-05 -8.0088248E-05
 -8.0086815E-05 -8.0088481E-05 -8.0088023E-05 -8.0087964E-05 -8.0087120E-05
 -8.0087266E-05 -8.0088328E-05 -8.0087499E-05 -8.0087659E-05 -8.0087899E-05
 -8.0087957E-05 -8.0087906E-05 -8.0087048E-05 -8.0087622E-05 -8.0087622E-05
 -8.0087681E-05 -8.0087950E-05 -8.6495165E-05 -8.6495107E-05 -8.6494249E-05
 -8.6495311E-05 -8.6494314E-05 -8.6494343E-05 -8.6495791E-05 -8.6494489E-05
 -8.6494823E-05 -8.6494489E-05 -8.6495551E-05 -8.6494561E-05 -8.6493936E-05
 -8.6495224E-05 -8.6494794E-05 -8.6495143E-05 -8.6494358E-05 -8.6495347E-05
 -8.6493485E-05 -8.6494903E-05 -8.6495755E-05 -8.6493805E-05 -8.6495100E-05
 -8.6495362E-05 -8.6493659E-05 -8.6495362E-05 -8.6495093E-05 -8.6493805E-05
 -8.6495755E-05 -8.6494903E-05 -8.6493485E-05 -8.6495347E-05 -8.6494343E-05
 -8.6495143E-05 -8.6494787E-05 -8.6495231E-05 -8.6493928E-05 -8.6494569E-05
 -8.6495551E-05 -8.6494503E-05 -8.6494816E-05 -8.6494489E-05 -8.6495784E-05
 -8.6494350E-05 -8.6494314E-05 -8.6495318E-05 -8.6494249E-05 -8.6495107E-05
 -8.6495165E-05 -9.2902090E-05 -9.2901610E-05 -9.2901304E-05 -9.2901806E-05
 -9.2902250E-05 -9.2900351E-05 -9.2903756E-05 -9.2903065E-05 -9.2901428E-05
 -9.2900154E-05 -9.2902861E-05 -9.2901682E-05 -9.2901486E-05 -9.2902206E-05
 -9.2900918E-05 -9.2902315E-05 -9.2901966E-05 -9.2901813E-05 -9.2900562E-05
 -9.2901275E-05 -9.2903290E-05 -9.2901879E-05 -9.2901188E-05 -9.2902730E-05
 -9.2900220E-05 -9.2902737E-05 -9.2901188E-05 -9.2901879E-05 -9.2903290E-05
 -9.2901268E-05 -9.2900562E-05 -9.2901813E-05 -9.2901973E-05 -9.2902315E-05
 -9.2900926E-05 -9.2902206E-05 -9.2901486E-05 -9.2901682E-05 -9.2902861E-05
 -9.2900154E-05 -9.2901428E-05 -9.2903058E-05 -9.2903756E-05 -9.2900351E-05
 -9.2902250E-05 -9.2901799E-05 -9.2901304E-05 -9.2901610E-05 -9.2902097E-05
  2.7332637E-05  2.7220241E-05  2.6996186E-05  2.6661051E-05  2.6216450E-05
  2.5663869E-05  2.5006193E-05  2.4245683E-05  2.3385424E-05  2.2428883E-05
  2.1380612E-05  2.0244308E-05  1.9024221E-05  1.7727270E-05  1.6356118E-05
  1.4918794E-05  1.3419472E-05  1.1865132E-05  1.0262391E-05  8.6171303E-06
  6.9366847E-06  5.2274022E-06  3.4972231E-06  1.7519114E-06 -5.0840177E-16
 -1.7519114E-06 -3.4972227E-06 -5.2274022E-06 -6.9366847E-06 -8.6171303E-06
 -1.0262391E-05 -1.1865132E-05 -1.3419473E-05 -1.4918794E-05 -1.6356116E-05
 -1.7727270E-05 -1.9024223E-05 -2.0244308E-05 -2.1380612E-05 -2.2428887E-05
 -2.3385424E-05 -2.4245683E-05 -2.5006193E-05 -2.5663870E-05 -2.6216450E-05
 -2.6661050E-05 -2.6996186E-05 -2.7220241E-05 -2.7332637E-05  2.7635635E-04
  2.7522005E-04  2.7295496E-04  2.6956547E-04  2.6507064E-04  2.5948399E-04
  2.5283202E-04  2.4514474E-04  2.3644496E-04  2.2677507E-04  2.1617570E-04
  2.0468593E-04  1.9235411E-04  1.7923540E-04  1.6537536E-04  1.5084057E-04
  1.3568289E-04  1.1996758E-04  1.0375951E-04  8.7127053E-05  7.0136317E-05
  5.2853862E-05  3.5358957E-05  1.7714065E-05  2.6106375E-15 -1.7714065E-05
 -3.5358957E-05 -5.2853869E-05 -7.0136310E-05 -8.7127053E-05 -1.0375951E-04
 -1.1996757E-04 -1.3568289E-04 -1.5084058E-04 -1.6537536E-04 -1.7923542E-04
 -1.9235411E-04 -2.0468597E-04 -2.1617571E-04 -2.2677505E-04 -2.3644496E-04
 -2.4514474E-04 -2.5283202E-04 -2.5948399E-04 -2.6507064E-04 -2.6956550E-04
 -2.7295496E-04 -2.7522002E-04 -2.7635635E-04  2.8023508E-04  2.7908254E-04
  2.7678628E-04  2.7334935E-04  2.6878956E-04  2.6312747E-04  2.5637934E-04
  2.4858557E-04  2.3976306E-04  2.2995844E-04  2.1920982E-04  2.0755710E-04
  1.9505541E-04  1.8175006E-04  1.6769792E-04  1.5295589E-04  1.3758818E-04
  1.2165107E-04  1.0521680E-04  8.8348657E-05  7.1121663E-05  5.3594966E-05
  3.5854489E-05  1.7964288E-05 -9.3232620E-16 -1.7964283E-05 -3.5854493E-05
 -5.3594977E-05 -7.1121663E-05 -8.8348657E-05 -1.0521682E-04 -1.2165107E-04
 -1.3758820E-04 -1.5295589E-04 -1.6769792E-04 -1.8175006E-04 -1.9505540E-04
 -2.0755710E-04 -2.1920982E-04 -2.2995844E-04 -2.3976303E-04 -2.4858557E-04
 -2.5637934E-04 -2.6312747E-04 -2.6878956E-04 -2.7334935E-04 -2.7678628E-04
 -2.7908254E-04 -2.8023508E-04  2.8279104E-04  2.8162822E-04  2.7930987E-04
  2.7584186E-04  2.7124205E-04  2.6552682E-04  2.5871949E-04  2.5085150E-04
  2.4195090E-04  2.3205587E-04  2.2120825E-04  2.0945061E-04  1.9683475E-04
  1.8340665E-04  1.6922742E-04  1.5435075E-04  1.3884282E-04  1.2276045E-04
  1.0617806E-04  8.9154950E-05  7.1767899E-05  5.4084761E-05  3.6181347E-05
  1.8128487E-05 -1.1188151E-15 -1.8128487E-05 -3.6181347E-05 -5.4084758E-05
 -7.1767899E-05 -8.9154957E-05 -1.0617806E-04 -1.2276044E-04 -1.3884282E-04
 -1.5435075E-04 -1.6922742E-04 -1.8340665E-04 -1.9683475E-04 -2.0945059E-04
 -2.2120825E-04 -2.3205583E-04 -2.4195090E-04 -2.5085150E-04 -2.5871949E-04
 -2.6552679E-04 -2.7124205E-04 -2.7584186E-04 -2.7930987E-04 -2.8162822E-04
 -2.8279104E-04  2.8405993E-04  2.8289261E-04  2.8056229E-04  2.7707955E-04
  2.7245915E-04  2.6671728E-04  2.5988344E-04  2.5197538E-04  2.4303640E-04
  2.3309841E-04  2.2220048E-04  2.1039108E-04  1.9771770E-04  1.8422898E-04
  1.6998587E-04  1.5504443E-04  1.3946528E-04  1.2331197E-04  1.0665423E-04
  8.9555797E-05  7.2088733E-05  5.4328670E-05  3.6343969E-05  1.8208477E-05
  0.0000000E+00 -1.8208473E-05 -3.6343965E-05 -5.4328670E-05 -7.2088740E-05
 -8.9555790E-05 -1.0665423E-04 -1.2331198E-04 -1.3946529E-04 -1.5504443E-04
 -1.6998587E-04 -1.8422898E-04 -1.9771770E-04 -2.1039104E-04 -2.2220048E-04
 -2.3309836E-04 -2.4303640E-04 -2.5197538E-04 -2.5988344E-04 -2.6671728E-04
 -2.7245915E-04 -2.7707955E-04 -2.8056232E-04 -2.8289258E-04 -2.8405993E-04
  2.8405921E-04  2.8289188E-04  2.8056171E-04  2.7707894E-04  2.7245842E-04
  2.6671652E-04  2.5988268E-04  2.5197471E-04  2.4303576E-04  2.3309770E-04
  2.2219996E-04  2.1039062E-04  1.9771719E-04  1.8422854E-04  1.6998545E-04
  1.5504405E-04  1.3946496E-04  1.2331168E-04  1.0665401E-04  8.9555579E-05
  7.2088566E-05  5.4328561E-05  3.6343892E-05  1.8208431E-05  1.8645051E-16
 -1.8208428E-05 -3.6343892E-05 -5.4328564E-05 -7.2088566E-05 -8.9555579E-05
 -1.0665401E-04 -1.2331169E-04 -1.3946496E-04 -1.5504405E-04 -1.6998545E-04
 -1.8422851E-04 -1.9771716E-04 -2.1039062E-04 -2.2219996E-04 -2.3309773E-04
 -2.4303574E-04 -2.5197471E-04 -2.5988268E-04 -2.6671652E-04 -2.7245842E-04
 -2.7707894E-04 -2.8056171E-04 -2.8289191E-04 -2.8405921E-04  2.8278929E-04
  2.8162636E-04  2.7930792E-04  2.7583996E-04  2.7124037E-04  2.6552504E-04
  2.5871780E-04  2.5084993E-04  2.4194931E-04  2.3205433E-04  2.2120679E-04
  2.0944924E-04  1.9683360E-04  1.8340554E-04  1.6922626E-04  1.5434972E-04
  1.3884185E-04  1.2275962E-04  1.0617732E-04  8.9154397E-05  7.1767412E-05
  5.4084390E-05  3.6181122E-05  1.8128367E-05  1.6782225E-15 -1.8128370E-05
 -3.6181122E-05 -5.4084390E-05 -7.1767412E-05 -8.9154404E-05 -1.0617734E-04
 -1.2275962E-04 -1.3884185E-04 -1.5434972E-04 -1.6922626E-04 -1.8340554E-04
 -1.9683360E-04 -2.0944924E-04 -2.2120682E-04 -2.3205434E-04 -2.4194931E-04
 -2.5084996E-04 -2.5871780E-04 -2.6552504E-04 -2.7124034E-04 -2.7583996E-04
 -2.7930798E-04 -2.8162639E-04 -2.8278929E-04  2.8023211E-04  2.7907954E-04
  2.7678345E-04  2.7334664E-04  2.6878680E-04  2.6312476E-04  2.5637678E-04
  2.4858295E-04  2.3976048E-04  2.2995606E-04  2.1920756E-04  2.0755496E-04
  1.9505335E-04  1.8174814E-04  1.6769618E-04  1.5295438E-04  1.3758671E-04
  1.2164978E-04  1.0521570E-04  8.8347791E-05  7.1120878E-05  5.3594435E-05
  3.5854082E-05  1.7964081E-05  0.0000000E+00 -1.7964081E-05 -3.5854082E-05
 -5.3594427E-05 -7.1120878E-05 -8.8347799E-05 -1.0521570E-04 -1.2164978E-04
 -1.3758671E-04 -1.5295438E-04 -1.6769618E-04 -1.8174814E-04 -1.9505335E-04
 -2.0755493E-04 -2.1920756E-04 -2.2995606E-04 -2.3976048E-04 -2.4858295E-04
 -2.5637675E-04 -2.6312476E-04 -2.6878680E-04 -2.7334661E-04 -2.7678345E-04
 -2.7907954E-04 -2.8023211E-04  2.7635231E-04  2.7521601E-04  2.7295086E-04
  2.6956137E-04  2.6506669E-04  2.5948012E-04  2.5282826E-04  2.4514107E-04
  2.3644150E-04  2.2677172E-04  2.1617246E-04  2.0468280E-04  1.9235125E-04
  1.7923269E-04  1.6537287E-04  1.5083831E-04  1.3568084E-04  1.1996589E-04
  1.0375802E-04  8.7125743E-05  7.0135255E-05  5.2853131E-05  3.5358407E-05
  1.7713844E-05 -1.3053186E-15 -1.7713844E-05 -3.5358411E-05 -5.2853131E-05
 -7.0135247E-05 -8.7125751E-05 -1.0375801E-04 -1.1996589E-04 -1.3568084E-04
 -1.5083831E-04 -1.6537287E-04 -1.7923268E-04 -1.9235125E-04 -2.0468277E-04
 -2.1617248E-04 -2.2677172E-04 -2.3644150E-04 -2.4514107E-04 -2.5282826E-04
 -2.5948012E-04 -2.6506666E-04 -2.6956137E-04 -2.7295086E-04 -2.7521601E-04
 -2.7635231E-04  2.7109223E-04  2.6997970E-04  2.6775454E-04  2.6443158E-04
  2.6002119E-04  2.5454271E-04  2.4801676E-04  2.4047434E-04  2.3194360E-04
  2.2245564E-04  2.1205774E-04  2.0078871E-04  1.8868926E-04  1.7582210E-04
  1.6222580E-04  1.4796639E-04  1.3309918E-04  1.1768279E-04  1.0178403E-04
  8.5467102E-05  6.8799178E-05  5.1848609E-05  3.4685065E-05  1.7376513E-05
  0.0000000E+00 -1.7376513E-05 -3.4685068E-05 -5.1848609E-05 -6.8799178E-05
 -8.5467094E-05 -1.0178403E-04 -1.1768282E-04 -1.3309918E-04 -1.4796639E-04
 -1.6222580E-04 -1.7582212E-04 -1.8868926E-04 -2.0078872E-04 -2.1205776E-04
 -2.2245564E-04 -2.3194360E-04 -2.4047431E-04 -2.4801673E-04 -2.5454271E-04
 -2.6002119E-04 -2.6443158E-04 -2.6775454E-04 -2.6997970E-04 -2.7109223E-04
  2.6437090E-04  2.6328492E-04  2.6111593E-04  2.5787437E-04  2.5357364E-04
  2.4823259E-04  2.4186788E-04  2.3451030E-04  2.2619139E-04  2.1694141E-04
  2.0679965E-04  1.9580859E-04  1.8401253E-04  1.7146202E-04  1.5820302E-04
  1.4429723E-04  1.2979978E-04  1.1476517E-04  9.9260200E-05  8.3346924E-05
  6.7093220E-05  5.0564373E-05  3.3823959E-05  1.6946164E-05 -2.0511936E-15
 -1.6946164E-05 -3.3823955E-05 -5.0564380E-05 -6.7093235E-05 -8.3346924E-05
 -9.9260193E-05 -1.1476517E-04 -1.2979978E-04 -1.4429723E-04 -1.5820302E-04
 -1.7146202E-04 -1.8401255E-04 -1.9580858E-04 -2.0679965E-04 -2.1694142E-04
 -2.2619141E-04 -2.3451027E-04 -2.4186788E-04 -2.4823259E-04 -2.5357364E-04
 -2.5787437E-04 -2.6111596E-04 -2.6328492E-04 -2.6437090E-04  2.5607069E-04
  2.5501728E-04  2.5291945E-04  2.4977696E-04  2.4561223E-04  2.4043838E-04
  2.3427496E-04  2.2714667E-04  2.1908952E-04  2.1012974E-04  2.0030749E-04
  1.8965965E-04  1.7823634E-04  1.6607807E-04  1.5323468E-04  1.3976835E-04
  1.2572360E-04  1.1116112E-04  9.6144351E-05  8.0731028E-05  6.4986423E-05
  4.8976774E-05  3.2761742E-05  1.6413522E-05 -4.8481887E-15 -1.6413522E-05
 -3.2761742E-05 -4.8976777E-05 -6.4986423E-05 -8.0731028E-05 -9.6144351E-05
 -1.1116111E-04 -1.2572360E-04 -1.3976835E-04 -1.5323469E-04 -1.6607807E-04
 -1.7823633E-04 -1.8965965E-04 -2.0030748E-04 -2.1012974E-04 -2.1908952E-04
 -2.2714665E-04 -2.3427495E-04 -2.4043838E-04 -2.4561223E-04 -2.4977696E-04
 -2.5291942E-04 -2.5501728E-04 -2.5607069E-04  2.4603109E-04  2.4501912E-04
  2.4300261E-04  2.3998589E-04  2.3598241E-04  2.3100986E-04  2.2509045E-04
  2.1824194E-04  2.1049980E-04  2.0189075E-04  1.9245432E-04  1.8222387E-04
  1.7124900E-04  1.5956552E-04  1.4722800E-04  1.3428855E-04  1.2079257E-04
  1.0680408E-04  9.2374619E-05  7.7566387E-05  6.2438870E-05  4.7054989E-05
  3.1479103E-05  1.5769812E-05  2.7970118E-15 -1.5769805E-05 -3.1479096E-05
 -4.7054989E-05 -6.2438870E-05 -7.7566408E-05 -9.2374627E-05 -1.0680407E-04
 -1.2079257E-04 -1.3428855E-04 -1.4722800E-04 -1.5956552E-04 -1.7124900E-04
 -1.8222388E-04 -1.9245432E-04 -2.0189074E-04 -2.1049977E-04 -2.1824196E-04
 -2.2509045E-04 -2.3100986E-04 -2.3598241E-04 -2.3998589E-04 -2.4300259E-04
 -2.4501912E-04 -2.4603109E-04  2.3402584E-04  2.3306564E-04  2.3114373E-04
  2.2827648E-04  2.2446977E-04  2.1973690E-04  2.1410886E-04  2.0759324E-04
  2.0022829E-04  1.9204082E-04  1.8306318E-04  1.7333274E-04  1.6289340E-04
  1.5177940E-04  1.4004558E-04  1.2773483E-04  1.1489869E-04  1.0159357E-04
  8.7866960E-05  7.3780779E-05  5.9392591E-05  4.4759036E-05  2.9943447E-05
  1.5000450E-05  6.3400115E-15 -1.5000450E-05 -2.9943450E-05 -4.4759039E-05
 -5.9392602E-05 -7.3780793E-05 -8.7866960E-05 -1.0159359E-04 -1.1489868E-04
 -1.2773483E-04 -1.4004557E-04 -1.5177940E-04 -1.6289338E-04 -1.7333274E-04
 -1.8306320E-04 -1.9204082E-04 -2.0022827E-04 -2.0759324E-04 -2.1410886E-04
 -2.1973690E-04 -2.2446980E-04 -2.2827646E-04 -2.3114370E-04 -2.3306561E-04
 -2.3402584E-04  2.1973105E-04  2.1882854E-04  2.1702511E-04  2.1433091E-04
  2.1075938E-04  2.0631499E-04  2.0103015E-04  1.9491250E-04  1.8799868E-04
  1.8030980E-04  1.7187960E-04  1.6274664E-04  1.5294191E-04  1.4250852E-04
  1.3149218E-04  1.1993125E-04  1.0788073E-04  9.5386480E-05  8.2501349E-05
  6.9273323E-05  5.5765278E-05  4.2025280E-05  2.8113407E-05  1.4084840E-05
  3.5428870E-15 -1.4084839E-05 -2.8113407E-05 -4.2025280E-05 -5.5765278E-05
 -6.9273323E-05 -8.2501356E-05 -9.5386487E-05 -1.0788073E-04 -1.1993123E-04
 -1.3149218E-04 -1.4250852E-04 -1.5294191E-04 -1.6274664E-04 -1.7187960E-04
 -1.8030980E-04 -1.8799868E-04 -1.9491250E-04 -2.0103017E-04 -2.0631499E-04
 -2.1075939E-04 -2.1433091E-04 -2.1702514E-04 -2.1882854E-04 -2.1973105E-04
  2.0265279E-04  2.0181984E-04  2.0015688E-04  1.9767271E-04  1.9437792E-04
  1.9027961E-04  1.8540304E-04  1.7976467E-04  1.7338633E-04  1.6629366E-04
  1.5852167E-04  1.5009726E-04  1.4105297E-04  1.3143323E-04  1.2127173E-04
  1.1061038E-04  9.9494791E-05  8.7973698E-05  7.6088705E-05  6.3888692E-05
  5.1431081E-05  3.8758961E-05  2.5928503E-05  1.2990291E-05  7.8317107E-15
 -1.2990293E-05 -2.5928508E-05 -3.8758961E-05 -5.1431085E-05 -6.3888692E-05
 -7.6088705E-05 -8.7973691E-05 -9.9494791E-05 -1.1061039E-04 -1.2127173E-04
 -1.3143323E-04 -1.4105298E-04 -1.5009726E-04 -1.5852167E-04 -1.6629366E-04
 -1.7338633E-04 -1.7976465E-04 -1.8540301E-04 -1.9027959E-04 -1.9437792E-04
 -1.9767271E-04 -2.0015688E-04 -2.0181984E-04 -2.0265279E-04  1.8198986E-04
  1.8124268E-04  1.7974977E-04  1.7751862E-04  1.7455807E-04  1.7087978E-04
  1.6649878E-04  1.6143723E-04  1.5570676E-04  1.4933884E-04  1.4236114E-04
  1.3479166E-04  1.2667172E-04  1.1803268E-04  1.0890651E-04  9.9333796E-05
  8.9349640E-05  7.9004429E-05  6.8330934E-05  5.7374684E-05  4.6186189E-05
  3.4808301E-05  2.3283934E-05  1.1666530E-05  8.5774402E-15 -1.1666529E-05
 -2.3283943E-05 -3.4808312E-05 -4.6186204E-05 -5.7374687E-05 -6.8330919E-05
 -7.9004429E-05 -8.9349654E-05 -9.9333804E-05 -1.0890651E-04 -1.1803268E-04
 -1.2667173E-04 -1.3479164E-04 -1.4236112E-04 -1.4933884E-04 -1.5570676E-04
 -1.6143723E-04 -1.6649878E-04 -1.7087978E-04 -1.7455807E-04 -1.7751862E-04
 -1.7974978E-04 -1.8124268E-04 -1.8198988E-04  1.5626854E-04  1.5562632E-04
  1.5434490E-04  1.5242869E-04  1.4988516E-04  1.4672895E-04  1.4296756E-04
  1.3861884E-04  1.3370031E-04  1.2823282E-04  1.2224013E-04  1.1573985E-04
  1.0876892E-04  1.0134992E-04  9.3514856E-05  8.5293781E-05  7.6721924E-05
  6.7837769E-05  5.8672733E-05  4.9266197E-05  3.9658622E-05  2.9888259E-05
  1.9993555E-05  1.0017565E-05  0.0000000E+00 -1.0017565E-05 -1.9993577E-05
 -2.9888259E-05 -3.9658600E-05 -4.9266167E-05 -5.8672733E-05 -6.7837755E-05
 -7.6721932E-05 -8.5293803E-05 -9.3514856E-05 -1.0134993E-04 -1.0876891E-04
 -1.1573984E-04 -1.2224013E-04 -1.2823280E-04 -1.3370031E-04 -1.3861885E-04
 -1.4296759E-04 -1.4672894E-04 -1.4988519E-04 -1.5242869E-04 -1.5434490E-04
 -1.5562632E-04 -1.5626852E-04  1.2203791E-04  1.2153616E-04  1.2053410E-04
  1.1903913E-04  1.1705276E-04  1.1458678E-04  1.1165162E-04  1.0825319E-04
  1.0441359E-04  1.0014186E-04  9.5463154E-05  9.0387563E-05  8.4942061E-05
  7.9148747E-05  7.3029762E-05  6.6610257E-05  5.9915594E-05  5.2977917E-05
  4.5819965E-05  3.8473845E-05  3.0972355E-05  2.3340732E-05  1.5614254E-05
  7.8226776E-06  7.5518908E-15 -7.8226567E-06 -1.5614232E-05 -2.3340734E-05
 -3.0972355E-05 -3.8473845E-05 -4.5819943E-05 -5.2977914E-05 -5.9915601E-05
 -6.6610257E-05 -7.3029754E-05 -7.9148755E-05 -8.4942068E-05 -9.0387563E-05
 -9.5463154E-05 -1.0014187E-04 -1.0441361E-04 -1.0825318E-04 -1.1165161E-04
 -1.1458677E-04 -1.1705276E-04 -1.1903913E-04 -1.2053410E-04 -1.2153616E-04
 -1.2203793E-04  5.1906361E-05  5.1692732E-05  5.1266987E-05  5.0630642E-05
  4.9786657E-05  4.8736587E-05  4.7489437E-05  4.6043737E-05  4.4409924E-05
  4.2592616E-05  4.0603794E-05  3.8444919E-05  3.6128240E-05  3.3664019E-05
  3.1061383E-05  2.8332301E-05  2.5483150E-05  2.2532933E-05  1.9489442E-05
  1.6363427E-05  1.3173994E-05  9.9275594E-06  6.6404414E-06  3.3277165E-06
  0.0000000E+00 -3.3277167E-06 -6.6404414E-06 -9.9275594E-06 -1.3173994E-05
 -1.6363427E-05 -1.9489442E-05 -2.2532933E-05 -2.5483154E-05 -2.8332301E-05
 -3.1061383E-05 -3.3664019E-05 -3.6128240E-05 -3.8444919E-05 -4.0603794E-05
 -4.2592616E-05 -4.4409924E-05 -4.6043740E-05 -4.7489437E-05 -4.8736587E-05
 -4.9786657E-05 -5.0630639E-05 -5.1266987E-05 -5.1692732E-05 -5.1906361E-05
  2.7332637E-05  2.7220241E-05  2.6996186E-05  2.6661051E-05  2.6216450E-05
  2.5663869E-05  2.5006193E-05  2.4245683E-05  2.3385424E-05  2.2428883E-05
  2.1380612E-05  2.0244308E-05  1.9024221E-05  1.7727270E-05  1.6356118E-05
  1.4918794E-05  1.3419472E-05  1.1865132E-05  1.0262391E-05  8.6171303E-06
  6.9366847E-06  5.2274022E-06  3.4972231E-06  1.7519114E-06 -5.0840177E-16
 -1.7519114E-06 -3.4972227E-06 -5.2274022E-06 -6.9366847E-06 -8.6171303E-06
 -1.0262391E-05 -1.1865132E-05 -1.3419473E-05 -1.4918794E-05 -1.6356116E-05
 -1.7727270E-05 -1.9024223E-05 -2.0244308E-05 -2.1380612E-05 -2.2428887E-05
 -2.3385424E-05 -2.4245683E-05 -2.5006193E-05 -2.5663870E-05 -2.6216450E-05
 -2.6661050E-05 -2.6996186E-05 -2.7220241E-05 -2.7332637E-05  2.7635635E-04
  2.7522005E-04  2.7295496E-04  2.6956547E-04  2.6507064E-04  2.5948399E-04
  2.5283202E-04  2.4514474E-04  2.3644496E-04  2.2677507E-04  2.1617570E-04
  2.0468593E-04  1.9235411E-04  1.7923540E-04  1.6537536E-04  1.5084057E-04
  1.3568289E-04  1.1996758E-04  1.0375951E-04  8.7127053E-05  7.0136317E-05
  5.2853862E-05  3.5358957E-05  1.7714065E-05  2.6106375E-15 -1.7714065E-05
 -3.5358957E-05 -5.2853869E-05 -7.0136310E-05 -8.7127053E-05 -1.0375951E-04
 -1.1996757E-04 -1.3568289E-04 -1.5084058E-04 -1.6537536E-04 -1.7923542E-04
 -1.9235411E-04 -2.0468597E-04 -2.1617571E-04 -2.2677505E-04 -2.3644496E-04
 -2.4514474E-04 -2.5283202E-04 -2.5948399E-04 -2.6507064E-04 -2.6956550E-04
 -2.7295496E-04 -2.7522002E-04 -2.7635635E-04  2.8023508E-04  2.7908254E-04
  2.7678628E-04  2.7334935E-04  2.6878956E-04  2.6312747E-04  2.5637934E-04
  2.4858557E-04  2.3976306E-04  2.2995844E-04  2.1920982E-04  2.0755710E-04
  1.9505541E-04  1.8175006E-04  1.6769792E-04  1.5295589E-04  1.3758818E-04
  1.2165107E-04  1.0521680E-04  8.8348657E-05  7.1121663E-05  5.3594966E-05
  3.5854489E-05  1.7964288E-05 -9.3232620E-16 -1.7964283E-05 -3.5854493E-05
 -5.3594977E-05 -7.1121663E-05 -8.8348657E-05 -1.0521682E-04 -1.2165107E-04
 -1.3758820E-04 -1.5295589E-04 -1.6769792E-04 -1.8175006E-04 -1.9505540E-04
 -2.0755710E-04 -2.1920982E-04 -2.2995844E-04 -2.3976303E-04 -2.4858557E-04
 -2.5637934E-04 -2.6312747E-04 -2.6878956E-04 -2.7334935E-04 -2.7678628E-04
 -2.7908254E-04 -2.8023508E-04  2.8279104E-04  2.8162822E-04  2.7930987E-04
  2.7584186E-04  2.7124205E-04  2.6552682E-04  2.5871949E-04  2.5085150E-04
  2.4195090E-04  2.3205587E-04  2.2120825E-04  2.0945061E-04  1.9683475E-04
  1.8340665E-04  1.6922742E-04  1.5435075E-04  1.3884282E-04  1.2276045E-04
  1.0617806E-04  8.9154950E-05  7.1767899E-05  5.4084761E-05  3.6181347E-05
  1.8128487E-05 -1.1188151E-15 -1.8128487E-05 -3.6181347E-05 -5.4084758E-05
 -7.1767899E-05 -8.9154957E-05 -1.0617806E-04 -1.2276044E-04 -1.3884282E-04
 -1.5435075E-04 -1.6922742E-04 -1.8340665E-04 -1.9683475E-04 -2.0945059E-04
 -2.2120825E-04 -2.3205583E-04 -2.4195090E-04 -2.5085150E-04 -2.5871949E-04
 -2.6552679E-04 -2.7124205E-04 -2.7584186E-04 -2.7930987E-04 -2.8162822E-04
 -2.8279104E-04  2.8405993E-04  2.8289261E-04  2.8056229E-04  2.7707955E-04
  2.7245915E-04  2.6671728E-04  2.5988344E-04  2.5197538E-04  2.4303640E-04
  2.3309841E-04  2.2220048E-04  2.1039108E-04  1.9771770E-04  1.8422898E-04
  1.6998587E-04  1.5504443E-04  1.3946528E-04  1.2331197E-04  1.0665423E-04
  8.9555797E-05  7.2088733E-05  5.4328670E-05  3.6343969E-05  1.8208477E-05
  0.0000000E+00 -1.8208473E-05 -3.6343965E-05 -5.4328670E-05 -7.2088740E-05
 -8.9555790E-05 -1.0665423E-04 -1.2331198E-04 -1.3946529E-04 -1.5504443E-04
 -1.6998587E-04 -1.8422898E-04 -1.9771770E-04 -2.1039104E-04 -2.2220048E-04
 -2.3309836E-04 -2.4303640E-04 -2.5197538E-04 -2.5988344E-04 -2.6671728E-04
 -2.7245915E-04 -2.7707955E-04 -2.8056232E-04 -2.8289258E-04 -2.8405993E-04
  2.8405921E-04  2.8289188E-04  2.8056171E-04  2.7707894E-04  2.7245842E-04
  2.6671652E-04  2.5988268E-04  2.5197471E-04  2.4303576E-04  2.3309770E-04
  2.2219996E-04  2.1039062E-04  1.9771719E-04  1.8422854E-04  1.6998545E-04
  1.5504405E-04  1.3946496E-04  1.2331168E-04  1.0665401E-04  8.9555579E-05
  7.2088566E-05  5.4328561E-05  3.6343892E-05  1.8208431E-05  1.8645051E-16
 -1.8208428E-05 -3.6343892E-05 -5.4328564E-05 -7.2088566E-05 -8.9555579E-05
 -1.0665401E-04 -1.2331169E-04 -1.3946496E-04 -1.5504405E-04 -1.6998545E-04
 -1.8422851E-04 -1.9771716E-04 -2.1039062E-04 -2.2219996E-04 -2.3309773E-04
 -2.4303574E-04 -2.5197471E-04 -2.5988268E-04 -2.6671652E-04 -2.7245842E-04
 -2.7707894E-04 -2.8056171E-04 -2.8289191E-04 -2.8405921E-04  2.8278929E-04
  2.8162636E-04  2.7930792E-04  2.7583996E-04  2.7124037E-04  2.6552504E-04
  2.5871780E-04  2.5084993E-04  2.4194931E-04  2.3205433E-04  2.2120679E-04
  2.0944924E-04  1.9683360E-04  1.8340554E-04  1.6922626E-04  1.5434972E-04
  1.3884185E-04  1.2275962E-04  1.0617732E-04  8.9154397E-05  7.1767412E-05
  5.4084390E-05  3.6181122E-05  1.8128367E-05  1.6782225E-15 -1.8128370E-05
 -3.6181122E-05 -5.4084390E-05 -7.1767412E-05 -8.9154404E-05 -1.0617734E-04
 -1.2275962E-04 -1.3884185E-04 -1.5434972E-04 -1.6922626E-04 -1.8340554E-04
 -1.9683360E-04 -2.0944924E-04 -2.2120682E-04 -2.3205434E-04 -2.4194931E-04
 -2.5084996E-04 -2.5871780E-04 -2.6552504E-04 -2.7124034E-04 -2.7583996E-04
 -2.7930798E-04 -2.8162639E-04 -2.8278929E-04  2.8023211E-04  2.7907954E-04
  2.7678345E-04  2.7334664E-04  2.6878680E-04  2.6312476E-04  2.5637678E-04
  2.4858295E-04  2.3976048E-04  2.2995606E-04  2.1920756E-04  2.0755496E-04
  1.9505335E-04  1.8174814E-04  1.6769618E-04  1.5295438E-04  1.3758671E-04
  1.2164978E-04  1.0521570E-04  8.8347791E-05  7.1120878E-05  5.3594435E-05
  3.5854082E-05  1.7964081E-05  0.0000000E+00 -1.7964081E-05 -3.5854082E-05
 -5.3594427E-05 -7.1120878E-05 -8.8347799E-05 -1.0521570E-04 -1.2164978E-04
 -1.3758671E-04 -1.5295438E-04 -1.6769618E-04 -1.8174814E-04 -1.9505335E-04
 -2.0755493E-04 -2.1920756E-04 -2.2995606E-04 -2.3976048E-04 -2.4858295E-04
 -2.5637675E-04 -2.6312476E-04 -2.6878680E-04 -2.7334661E-04 -2.7678345E-04
 -2.7907954E-04 -2.8023211E-04  2.7635231E-04  2.7521601E-04  2.7295086E-04
  2.6956137E-04  2.6506669E-04  2.5948012E-04  2.5282826E-04  2.4514107E-04
  2.3644150E-04  2.2677172E-04  2.1617246E-04  2.0468280E-04  1.9235125E-04
  1.7923269E-04  1.6537287E-04  1.5083831E-04  1.3568084E-04  1.1996589E-04
  1.0375802E-04  8.7125743E-05  7.0135255E-05  5.2853131E-05  3.5358407E-05
  1.7713844E-05 -1.3053186E-15 -1.7713844E-05 -3.5358411E-05 -5.2853131E-05
 -7.0135247E-05 -8.7125751E-05 -1.0375801E-04 -1.1996589E-04 -1.3568084E-04
 -1.5083831E-04 -1.6537287E-04 -1.7923268E-04 -1.9235125E-04 -2.0468277E-04
 -2.1617248E-04 -2.2677172E-04 -2.3644150E-04 -2.4514107E-04 -2.5282826E-04
 -2.5948012E-04 -2.6506666E-04 -2.6956137E-04 -2.7295086E-04 -2.7521601E-04
 -2.7635231E-04  2.7109223E-04  2.6997970E-04  2.6775454E-04  2.6443158E-04
  2.6002119E-04  2.5454271E-04  2.4801676E-04  2.4047434E-04  2.3194360E-04
  2.2245564E-04  2.1205774E-04  2.0078871E-04  1.8868926E-04  1.7582210E-04
  1.6222580E-04  1.4796639E-04  1.3309918E-04  1.1768279E-04  1.0178403E-04
  8.5467102E-05  6.8799178E-05  5.1848609E-05  3.4685065E-05  1.7376513E-05
  0.0000000E+00 -1.7376513E-05 -3.4685068E-05 -5.1848609E-05 -6.8799178E-05
 -8.5467094E-05 -1.0178403E-04 -1.1768282E-04 -1.3309918E-04 -1.4796639E-04
 -1.6222580E-04 -1.7582212E-04 -1.8868926E-04 -2.0078872E-04 -2.1205776E-04
 -2.2245564E-04 -2.3194360E-04 -2.4047431E-04 -2.4801673E-04 -2.5454271E-04
 -2.6002119E-04 -2.6443158E-04 -2.6775454E-04 -2.6997970E-04 -2.7109223E-04
  2.6437090E-04  2.6328492E-04  2.6111593E-04  2.5787437E-04  2.5357364E-04
  2.4823259E-04  2.4186788E-04  2.3451030E-04  2.2619139E-04  2.1694141E-04
  2.0679965E-04  1.9580859E-04  1.8401253E-04  1.7146202E-04  1.5820302E-04
  1.4429723E-04  1.2979978E-04  1.1476517E-04  9.9260200E-05  8.3346924E-05
  6.7093220E-05  5.0564373E-05  3.3823959E-05  1.6946164E-05 -2.0511936E-15
 -1.6946164E-05 -3.3823955E-05 -5.0564380E-05 -6.7093235E-05 -8.3346924E-05
 -9.9260193E-05 -1.1476517E-04 -1.2979978E-04 -1.4429723E-04 -1.5820302E-04
 -1.7146202E-04 -1.8401255E-04 -1.9580858E-04 -2.0679965E-04 -2.1694142E-04
 -2.2619141E-04 -2.3451027E-04 -2.4186788E-04 -2.4823259E-04 -2.5357364E-04
 -2.5787437E-04 -2.6111596E-04 -2.6328492E-04 -2.6437090E-04  2.5607069E-04
  2.5501728E-04  2.5291945E-04  2.4977696E-04  2.4561223E-04  2.4043838E-04
  2.3427496E-04  2.2714667E-04  2.1908952E-04  2.1012974E-04  2.0030749E-04
  1.8965965E-04  1.7823634E-04  1.6607807E-04  1.5323468E-04  1.3976835E-04
  1.2572360E-04  1.1116112E-04  9.6144351E-05  8.0731028E-05  6.4986423E-05
  4.8976774E-05  3.2761742E-05  1.6413522E-05 -4.8481887E-15 -1.6413522E-05
 -3.2761742E-05 -4.8976777E-05 -6.4986423E-05 -8.0731028E-05 -9.6144351E-05
 -1.1116111E-04 -1.2572360E-04 -1.3976835E-04 -1.5323469E-04 -1.6607807E-04
 -1.7823633E-04 -1.8965965E-04 -2.0030748E-04 -2.1012974E-04 -2.1908952E-04
 -2.2714665E-04 -2.3427495E-04 -2.4043838E-04 -2.4561223E-04 -2.4977696E-04
 -2.5291942E-04 -2.5501728E-04 -2.5607069E-04  2.4603109E-04  2.4501912E-04
  2.4300261E-04  2.3998589E-04  2.3598241E-04  2.3100986E-04  2.2509045E-04
  2.1824194E-04  2.1049980E-04  2.0189075E-04  1.9245432E-04  1.8222387E-04
  1.7124900E-04  1.5956552E-04  1.4722800E-04  1.3428855E-04  1.2079257E-04
  1.0680408E-04  9.2374619E-05  7.7566387E-05  6.2438870E-05  4.7054989E-05
  3.1479103E-05  1.5769812E-05  2.7970118E-15 -1.5769805E-05 -3.1479096E-05
 -4.7054989E-05 -6.2438870E-05 -7.7566408E-05 -9.2374627E-05 -1.0680407E-04
 -1.2079257E-04 -1.3428855E-04 -1.4722800E-04 -1.5956552E-04 -1.7124900E-04
 -1.8222388E-04 -1.9245432E-04 -2.0189074E-04 -2.1049977E-04 -2.1824196E-04
 -2.2509045E-04 -2.3100986E-04 -2.3598241E-04 -2.3998589E-04 -2.4300259E-04
 -2.4501912E-04 -2.4603109E-04  2.3402584E-04  2.3306564E-04  2.3114373E-04
  2.2827648E-04  2.2446977E-04  2.1973690E-04  2.1410886E-04  2.0759324E-04
  2.0022829E-04  1.9204082E-04  1.8306318E-04  1.7333274E-04  1.6289340E-04
  1.5177940E-04  1.4004558E-04  1.2773483E-04  1.1489869E-04  1.0159357E-04
  8.7866960E-05  7.3780779E-05  5.9392591E-05  4.4759036E-05  2.9943447E-05
  1.5000450E-05  6.3400115E-15 -1.5000450E-05 -2.9943450E-05 -4.4759039E-05
 -5.9392602E-05 -7.3780793E-05 -8.7866960E-05 -1.0159359E-04 -1.1489868E-04
 -1.2773483E-04 -1.4004557E-04 -1.5177940E-04 -1.6289338E-04 -1.7333274E-04
 -1.8306320E-04 -1.9204082E-04 -2.0022827E-04 -2.0759324E-04 -2.1410886E-04
 -2.1973690E-04 -2.2446980E-04 -2.2827646E-04 -2.3114370E-04 -2.3306561E-04
 -2.3402584E-04  2.1973105E-04  2.1882854E-04  2.1702511E-04  2.1433091E-04
  2.1075938E-04  2.0631499E-04  2.0103015E-04  1.9491250E-04  1.8799868E-04
  1.8030980E-04  1.7187960E-04  1.6274664E-04  1.5294191E-04  1.4250852E-04
  1.3149218E-04  1.1993125E-04  1.0788073E-04  9.5386480E-05  8.2501349E-05
  6.9273323E-05  5.5765278E-05  4.2025280E-05  2.8113407E-05  1.4084840E-05
  3.5428870E-15 -1.4084839E-05 -2.8113407E-05 -4.2025280E-05 -5.5765278E-05
 -6.9273323E-05 -8.2501356E-05 -9.5386487E-05 -1.0788073E-04 -1.1993123E-04
 -1.3149218E-04 -1.4250852E-04 -1.5294191E-04 -1.6274664E-04 -1.7187960E-04
 -1.8030980E-04 -1.8799868E-04 -1.9491250E-04 -2.0103017E-04 -2.0631499E-04
 -2.1075939E-04 -2.1433091E-04 -2.1702514E-04 -2.1882854E-04 -2.1973105E-04
  2.0265279E-04  2.0181984E-04  2.0015688E-04  1.9767271E-04  1.9437792E-04
  1.9027961E-04  1.8540304E-04  1.7976467E-04  1.7338633E-04  1.6629366E-04
  1.5852167E-04  1.5009726E-04  1.4105297E-04  1.3143323E-04  1.2127173E-04
  1.1061038E-04  9.9494791E-05  8.7973698E-05  7.6088705E-05  6.3888692E-05
  5.1431081E-05  3.8758961E-05  2.5928503E-05  1.2990291E-05  7.8317107E-15
 -1.2990293E-05 -2.5928508E-05 -3.8758961E-05 -5.1431085E-05 -6.3888692E-05
 -7.6088705E-05 -8.7973691E-05 -9.9494791E-05 -1.1061039E-04 -1.2127173E-04
 -1.3143323E-04 -1.4105298E-04 -1.5009726E-04 -1.5852167E-04 -1.6629366E-04
 -1.7338633E-04 -1.7976465E-04 -1.8540301E-04 -1.9027959E-04 -1.9437792E-04
 -1.9767271E-04 -2.0015688E-04 -2.0181984E-04 -2.0265279E-04  1.8198986E-04
  1.8124268E-04  1.7974977E-04  1.7751862E-04  1.7455807E-04  1.7087978E-04
  1.6649878E-04  1.6143723E-04  1.5570676E-04  1.4933884E-04  1.4236114E-04
  1.3479166E-04  1.2667172E-04  1.1803268E-04  1.0890651E-04  9.9333796E-05
  8.9349640E-05  7.9004429E-05  6.8330934E-05  5.7374684E-05  4.6186189E-05
  3.4808301E-05  2.3283934E-05  1.1666530E-05  8.5774402E-15 -1.1666529E-05
 -2.3283943E-05 -3.4808312E-05 -4.6186204E-05 -5.7374687E-05 -6.8330919E-05
 -7.9004429E-05 -8.9349654E-05 -9.9333804E-05 -1.0890651E-04 -1.1803268E-04
 -1.2667173E-04 -1.3479164E-04 -1.4236112E-04 -1.4933884E-04 -1.5570676E-04
 -1.6143723E-04 -1.6649878E-04 -1.7087978E-04 -1.7455807E-04 -1.7751862E-04
 -1.7974978E-04 -1.8124268E-04 -1.8198988E-04  1.5626854E-04  1.5562632E-04
  1.5434490E-04  1.5242869E-04  1.4988516E-04  1.4672895E-04  1.4296756E-04
  1.3861884E-04  1.3370031E-04  1.2823282E-04  1.2224013E-04  1.1573985E-04
  1.0876892E-04  1.0134992E-04  9.3514856E-05  8.5293781E-05  7.6721924E-05
  6.7837769E-05  5.8672733E-05  4.9266197E-05  3.9658622E-05  2.9888259E-05
  1.9993555E-05  1.0017565E-05  0.0000000E+00 -1.0017565E-05 -1.9993577E-05
 -2.9888259E-05 -3.9658600E-05 -4.9266167E-05 -5.8672733E-05 -6.7837755E-05
 -7.6721932E-05 -8.5293803E-05 -9.3514856E-05 -1.0134993E-04 -1.0876891E-04
 -1.1573984E-04 -1.2224013E-04 -1.2823280E-04 -1.3370031E-04 -1.3861885E-04
 -1.4296759E-04 -1.4672894E-04 -1.4988519E-04 -1.5242869E-04 -1.5434490E-04
 -1.5562632E-04 -1.5626852E-04  1.2203791E-04  1.2153616E-04  1.2053410E-04
  1.1903913E-04  1.1705276E-04  1.1458678E-04  1.1165162E-04  1.0825319E-04
  1.0441359E-04  1.0014186E-04  9.5463154E-05  9.0387563E-05  8.4942061E-05
  7.9148747E-05  7.3029762E-05  6.6610257E-05  5.9915594E-05  5.2977917E-05
  4.5819965E-05  3.8473845E-05  3.0972355E-05  2.3340732E-05  1.5614254E-05
  7.8226776E-06  7.5518908E-15 -7.8226567E-06 -1.5614232E-05 -2.3340734E-05
 -3.0972355E-05 -3.8473845E-05 -4.5819943E-05 -5.2977914E-05 -5.9915601E-05
 -6.6610257E-05 -7.3029754E-05 -7.9148755E-05 -8.4942068E-05 -9.0387563E-05
 -9.5463154E-05 -1.0014187E-04 -1.0441361E-04 -1.0825318E-04 -1.1165161E-04
 -1.1458677E-04 -1.1705276E-04 -1.1903913E-04 -1.2053410E-04 -1.2153616E-04
 -1.2203793E-04  5.1906361E-05  5.1692732E-05  5.1266987E-05  5.0630642E-05
  4.9786657E-05  4.8736587E-05  4.7489437E-05  4.6043737E-05  4.4409924E-05
  4.2592616E-05  4.0603794E-05  3.8444919E-05  3.6128240E-05  3.3664019E-05
  3.1061383E-05  2.8332301E-05  2.5483150E-05  2.2532933E-05  1.9489442E-05
  1.6363427E-05  1.3173994E-05  9.9275594E-06  6.6404414E-06  3.3277165E-06
  0.0000000E+00 -3.3277167E-06 -6.6404414E-06 -9.9275594E-06 -1.3173994E-05
 -1.6363427E-05 -1.9489442E-05 -2.2532933E-05 -2.5483154E-05 -2.8332301E-05
 -3.1061383E-05 -3.3664019E-05 -3.6128240E-05 -3.8444919E-05 -4.0603794E-05
 -4.2592616E-05 -4.4409924E-05 -4.6043740E-05 -4.7489437E-05 -4.8736587E-05
 -4.9786657E-05 -5.0630639E-05 -5.1266987E-05 -5.1692732E-05 -5.1906361E-05
