          32           1           3           3           0
 --- Force ---
           1           1           1
           2           1           2
           3           1           3
 --- Motion ---
           1           1           1
           2           1           2
           3           1           3
  0.0000000E+00
  0.1000000      0.2000000      0.3000000      0.4000000      0.5000000    
  0.6000001      0.7000000      0.8000001      0.9000000       1.000000    
   1.100000       1.200000       1.300000       1.400000       1.500000    
   1.600000       1.700000       1.800000       1.900000       2.000000    
   2.100000       2.200000       2.300000       2.400000       2.500000    
   2.600000       2.700000       2.800000       2.900000       3.000000    
   3.100000       3.200000    
 
