           3
  8.8798925E-02  8.8083997E-02  8.6659826E-02  8.4537856E-02  8.1735507E-02
  7.8274757E-02  7.4183851E-02  6.9495767E-02  6.4248152E-02  5.8483247E-02
  5.2247260E-02  4.5590729E-02  3.8567394E-02  3.1233098E-02  2.3647636E-02
  1.5871614E-02  7.9678604E-03  0.0000000E+00 -7.9678604E-03 -1.5871614E-02
 -2.3647636E-02 -3.1233100E-02 -3.8567394E-02 -4.5590729E-02 -5.2247260E-02
 -5.8483243E-02 -6.4248145E-02 -6.9495767E-02 -7.4183851E-02 -7.8274764E-02
 -8.1735507E-02 -8.4537864E-02 -8.6659826E-02 -8.8083997E-02 -8.8798925E-02
  8.7118201E-02  8.6416773E-02  8.5019663E-02  8.2937732E-02  8.0188371E-02
  7.6793239E-02  7.2779767E-02  6.8180352E-02  6.3032150E-02  5.7376266E-02
  5.1258385E-02  4.4727832E-02  3.7837416E-02  3.0641973E-02  2.3199884E-02
  1.5571356E-02  7.8169992E-03  0.0000000E+00 -7.8169992E-03 -1.5571355E-02
 -2.3199884E-02 -3.0641973E-02 -3.7837416E-02 -4.4727832E-02 -5.1258389E-02
 -5.7376273E-02 -6.3032150E-02 -6.8180352E-02 -7.2779767E-02 -7.6793239E-02
 -8.0188371E-02 -8.2937732E-02 -8.5019663E-02 -8.6416773E-02 -8.7118201E-02
  8.5437469E-02  8.4749565E-02  8.3379351E-02  8.1337735E-02  7.8641243E-02
  7.5311750E-02  7.1375638E-02  6.6865124E-02  6.1815981E-02  5.6269288E-02
  5.0269477E-02  4.3864995E-02  3.7107259E-02  3.0050874E-02  2.2752373E-02
  1.5270859E-02  7.6662595E-03  0.0000000E+00 -7.6662595E-03 -1.5270859E-02
 -2.2752373E-02 -3.0050874E-02 -3.7107259E-02 -4.3864995E-02 -5.0269477E-02
 -5.6269288E-02 -6.1815985E-02 -6.6865124E-02 -7.1375638E-02 -7.5311750E-02
 -7.8641243E-02 -8.1337735E-02 -8.3379351E-02 -8.4749565E-02 -8.5437462E-02
  8.3756737E-02  8.3082370E-02  8.1739068E-02  7.9737701E-02  7.7094257E-02
  7.3830128E-02  6.9971487E-02  6.5549754E-02  6.0599983E-02  5.5162281E-02
  4.9280588E-02  4.3002039E-02  3.6377344E-02  2.9459657E-02  2.2304865E-02
  1.4970362E-02  7.5155199E-03  0.0000000E+00 -7.5155199E-03 -1.4970362E-02
 -2.2304865E-02 -2.9459659E-02 -3.6377344E-02 -4.3002039E-02 -4.9280588E-02
 -5.5162281E-02 -6.0599983E-02 -6.5549761E-02 -6.9971487E-02 -7.3830128E-02
 -7.7094257E-02 -7.9737701E-02 -8.1739068E-02 -8.3082363E-02 -8.3756737E-02
  8.0955498E-02  8.0303699E-02  7.9005323E-02  7.7070840E-02  7.4515894E-02
  7.1360864E-02  6.7631371E-02  6.3357353E-02  5.8573276E-02  5.3317368E-02
  4.7632486E-02  4.1563779E-02  3.5160720E-02  2.8474391E-02  2.1558881E-02
  1.4469743E-02  7.2641373E-03  0.0000000E+00 -7.2641377E-03 -1.4469743E-02
 -2.1558881E-02 -2.8474391E-02 -3.5160720E-02 -4.1563779E-02 -4.7632486E-02
 -5.3317368E-02 -5.8573276E-02 -6.3357353E-02 -6.7631371E-02 -7.1360864E-02
 -7.4515894E-02 -7.7070840E-02 -7.9005323E-02 -8.0303706E-02 -8.0955505E-02
  7.7033781E-02  7.6413549E-02  7.5178072E-02  7.3337331E-02  7.0906125E-02
  6.7903996E-02  6.4355135E-02  6.0288087E-02  5.5735793E-02  5.0734460E-02
  4.5325011E-02  3.9550394E-02  3.3457372E-02  2.7094990E-02  2.0514639E-02
  1.3768733E-02  6.9122608E-03  0.0000000E+00 -6.9122608E-03 -1.3768733E-02
 -2.0514639E-02 -2.7094990E-02 -3.3457372E-02 -3.9550394E-02 -4.5325007E-02
 -5.0734460E-02 -5.5735789E-02 -6.0288087E-02 -6.4355135E-02 -6.7903996E-02
 -7.0906132E-02 -7.3337331E-02 -7.5178072E-02 -7.6413557E-02 -7.7033781E-02
  7.3112056E-02  7.2523393E-02  7.1350843E-02  6.9603831E-02  6.7296371E-02
  6.4447001E-02  6.1078873E-02  5.7218853E-02  5.2898403E-02  4.8151612E-02
  4.3017507E-02  3.7537005E-02  3.1754136E-02  2.5715472E-02  1.9470276E-02
  1.3067722E-02  6.5603852E-03  0.0000000E+00 -6.5603852E-03 -1.3067722E-02
 -1.9470274E-02 -2.5715472E-02 -3.1754136E-02 -3.7537009E-02 -4.3017507E-02
 -4.8151612E-02 -5.2898403E-02 -5.7218853E-02 -6.1078873E-02 -6.4447001E-02
 -6.7296371E-02 -6.9603823E-02 -7.1350843E-02 -7.2523393E-02 -7.3112056E-02
  6.9190331E-02  6.8633258E-02  6.7523591E-02  6.5870188E-02  6.3686624E-02
  6.0990132E-02  5.7802614E-02  5.4149631E-02  5.0060999E-02  4.5568764E-02
  4.0710121E-02  3.5523500E-02  3.0050755E-02  2.4336219E-02  1.8425761E-02
  1.2366741E-02  6.2085092E-03  0.0000000E+00 -6.2085092E-03 -1.2366741E-02
 -1.8425761E-02 -2.4336219E-02 -3.0050755E-02 -3.5523504E-02 -4.0710121E-02
 -4.5568764E-02 -5.0060999E-02 -5.4149631E-02 -5.7802614E-02 -6.0990132E-02
 -6.3686624E-02 -6.5870188E-02 -6.7523591E-02 -6.8633258E-02 -6.9190331E-02
  6.3867994E-02  6.3353792E-02  6.2329460E-02  6.0803246E-02  5.8787629E-02
  5.6298617E-02  5.3356260E-02  4.9984381E-02  4.6209991E-02  4.2063501E-02
  3.7578646E-02  3.2790869E-02  2.7739108E-02  2.2464367E-02  1.7008245E-02
  1.1415511E-02  5.7308674E-03  0.0000000E+00 -5.7308674E-03 -1.1415511E-02
 -1.7008245E-02 -2.2464365E-02 -2.7739108E-02 -3.2790869E-02 -3.7578642E-02
 -4.2063504E-02 -4.6209995E-02 -4.9984381E-02 -5.3356260E-02 -5.6298614E-02
 -5.8787629E-02 -6.0803249E-02 -6.2329471E-02 -6.3353784E-02 -6.3867994E-02
  5.7145048E-02  5.6684956E-02  5.5768479E-02  5.4402962E-02  5.2599430E-02
  5.0372358E-02  4.7739878E-02  4.4722889E-02  4.1345730E-02  3.7635881E-02
  3.3622891E-02  2.9339135E-02  2.4819344E-02  2.0099640E-02  1.5217871E-02
  1.0213882E-02  5.1276088E-03  0.0000000E+00 -5.1276092E-03 -1.0213882E-02
 -1.5217871E-02 -2.0099640E-02 -2.4819344E-02 -2.9339135E-02 -3.3622891E-02
 -3.7635881E-02 -4.1345734E-02 -4.4722889E-02 -4.7739875E-02 -5.0372358E-02
 -5.2599430E-02 -5.4402962E-02 -5.5768479E-02 -5.6684956E-02 -5.7145048E-02
  5.0422102E-02  5.0016154E-02  4.9207471E-02  4.8002616E-02  4.6411276E-02
  4.4446137E-02  4.2123500E-02  3.9461251E-02  3.6481619E-02  3.3208117E-02
  2.9667258E-02  2.5887519E-02  2.1899357E-02  1.7735004E-02  1.3427631E-02
  9.0121031E-03  4.5243800E-03  0.0000000E+00 -4.5243800E-03 -9.0121031E-03
 -1.3427631E-02 -1.7735004E-02 -2.1899357E-02 -2.5887519E-02 -2.9667256E-02
 -3.3208117E-02 -3.6481619E-02 -3.9461251E-02 -4.2123497E-02 -4.4446137E-02
 -4.6411276E-02 -4.8002612E-02 -4.9207471E-02 -5.0016157E-02 -5.0422102E-02
  4.3699160E-02  4.3347329E-02  4.2646471E-02  4.1602265E-02  4.0223099E-02
  3.8520020E-02  3.6506914E-02  3.4199882E-02  3.1617373E-02  2.8780369E-02
  2.5711622E-02  2.2435892E-02  1.8979371E-02  1.5370370E-02  1.1637256E-02
  7.8106071E-03  3.9211214E-03  0.0000000E+00 -3.9211209E-03 -7.8106071E-03
 -1.1637256E-02 -1.5370370E-02 -1.8979371E-02 -2.2435889E-02 -2.5711622E-02
 -2.8780371E-02 -3.1617373E-02 -3.4199882E-02 -3.6506910E-02 -3.8520016E-02
 -4.0223099E-02 -4.1602269E-02 -4.2646471E-02 -4.3347329E-02 -4.3699160E-02
  3.6976222E-02  3.6678486E-02  3.6085494E-02  3.5201911E-02  3.4034930E-02
  3.2593913E-02  3.0890401E-02  2.8938405E-02  2.6753113E-02  2.4352623E-02
  2.1755995E-02  1.8984139E-02  1.6059622E-02  1.3005614E-02  9.8468810E-03
  6.6091265E-03  3.3178625E-03  0.0000000E+00 -3.3178627E-03 -6.6091265E-03
 -9.8468801E-03 -1.3005614E-02 -1.6059622E-02 -1.8984139E-02 -2.1755993E-02
 -2.4352623E-02 -2.6753113E-02 -2.8938405E-02 -3.0890403E-02 -3.2593913E-02
 -3.4034934E-02 -3.5201915E-02 -3.6085490E-02 -3.6678486E-02 -3.6976226E-02
  3.0253276E-02  3.0009674E-02  2.9524492E-02  2.8801557E-02  2.7846768E-02
  2.6667738E-02  2.5274022E-02  2.3676798E-02  2.1888904E-02  1.9924872E-02
  1.7800400E-02  1.5532509E-02  1.3139620E-02  1.0640995E-02  8.0565074E-03
  5.4074968E-03  2.7146188E-03  0.0000000E+00 -2.7146190E-03 -5.4074968E-03
 -8.0565065E-03 -1.0640995E-02 -1.3139620E-02 -1.5532509E-02 -1.7800398E-02
 -1.9924873E-02 -2.1888904E-02 -2.3676798E-02 -2.5274022E-02 -2.6667738E-02
 -2.7846768E-02 -2.8801560E-02 -2.9524492E-02 -3.0009672E-02 -3.0253276E-02
  2.3530327E-02  2.3340862E-02  2.2963488E-02  2.2401212E-02  2.1658598E-02
  2.0741563E-02  1.9657575E-02  1.8415304E-02  1.7024720E-02  1.5497119E-02
  1.3844721E-02  1.2080892E-02  1.0219626E-02  8.2763582E-03  6.2661543E-03
  4.2058309E-03  2.1113756E-03  0.0000000E+00 -2.1113753E-03 -4.2058304E-03
 -6.2661543E-03 -8.2763582E-03 -1.0219627E-02 -1.2080893E-02 -1.3844721E-02
 -1.5497118E-02 -1.7024720E-02 -1.8415304E-02 -1.9657575E-02 -2.0741563E-02
 -2.1658603E-02 -2.2401216E-02 -2.2963488E-02 -2.3340862E-02 -2.3530323E-02
  1.6807374E-02  1.6672038E-02  1.6402500E-02  1.6000861E-02  1.5470424E-02
  1.4815412E-02  1.4041130E-02  1.3153773E-02  1.2160521E-02  1.1069369E-02
  9.8890848E-03  8.6291805E-03  7.2997953E-03  5.9116334E-03  4.4758762E-03
  3.0041190E-03  1.5081093E-03  0.0000000E+00 -1.5081093E-03 -3.0041188E-03
 -4.4758767E-03 -5.9116334E-03 -7.2997953E-03 -8.6291805E-03 -9.8890848E-03
 -1.1069369E-02 -1.2160521E-02 -1.3153773E-02 -1.4041130E-02 -1.4815411E-02
 -1.5470424E-02 -1.6000861E-02 -1.6402500E-02 -1.6672038E-02 -1.6807375E-02
  1.0084425E-02  1.0003225E-02  9.8414999E-03  9.6005136E-03  9.2822490E-03
  8.8892607E-03  8.4246788E-03  7.8922492E-03  7.2963238E-03  6.6416115E-03
  5.9334608E-03  5.1775044E-03  4.3798722E-03  3.5469867E-03  2.6855282E-03
  1.8024633E-03  9.0486184E-04  0.0000000E+00 -9.0486184E-04 -1.8024631E-03
 -2.6855282E-03 -3.5469867E-03 -4.3798718E-03 -5.1775053E-03 -5.9334598E-03
 -6.6416133E-03 -7.2963228E-03 -7.8922492E-03 -8.4246788E-03 -8.8892598E-03
 -9.2822490E-03 -9.6005127E-03 -9.8415017E-03 -1.0003225E-02 -1.0084425E-02
  3.3614747E-03  3.3344124E-03  3.2805002E-03  3.2001620E-03  3.0940874E-03
  2.9630868E-03  2.8082265E-03  2.6307497E-03  2.4321117E-03  2.2138637E-03
  1.9778237E-03  1.7258376E-03  1.4599524E-03  1.1823364E-03  8.9517608E-04
  6.0081109E-04  3.0162558E-04  0.0000000E+00 -3.0162558E-04 -6.0081109E-04
 -8.9517608E-04 -1.1823364E-03 -1.4599524E-03 -1.7258376E-03 -1.9778237E-03
 -2.2138637E-03 -2.4321117E-03 -2.6307497E-03 -2.8082265E-03 -2.9630868E-03
 -3.0940874E-03 -3.2001620E-03 -3.2805002E-03 -3.3344128E-03 -3.3614747E-03
  8.8798925E-02  8.8083997E-02  8.6659826E-02  8.4537856E-02  8.1735507E-02
  7.8274757E-02  7.4183851E-02  6.9495767E-02  6.4248152E-02  5.8483247E-02
  5.2247260E-02  4.5590729E-02  3.8567394E-02  3.1233098E-02  2.3647636E-02
  1.5871614E-02  7.9678604E-03  0.0000000E+00 -7.9678604E-03 -1.5871614E-02
 -2.3647636E-02 -3.1233100E-02 -3.8567394E-02 -4.5590729E-02 -5.2247260E-02
 -5.8483243E-02 -6.4248145E-02 -6.9495767E-02 -7.4183851E-02 -7.8274764E-02
 -8.1735507E-02 -8.4537864E-02 -8.6659826E-02 -8.8083997E-02 -8.8798925E-02
  8.7118201E-02  8.6416773E-02  8.5019663E-02  8.2937732E-02  8.0188371E-02
  7.6793239E-02  7.2779767E-02  6.8180352E-02  6.3032150E-02  5.7376266E-02
  5.1258385E-02  4.4727832E-02  3.7837416E-02  3.0641973E-02  2.3199884E-02
  1.5571356E-02  7.8169992E-03  0.0000000E+00 -7.8169992E-03 -1.5571355E-02
 -2.3199884E-02 -3.0641973E-02 -3.7837416E-02 -4.4727832E-02 -5.1258389E-02
 -5.7376273E-02 -6.3032150E-02 -6.8180352E-02 -7.2779767E-02 -7.6793239E-02
 -8.0188371E-02 -8.2937732E-02 -8.5019663E-02 -8.6416773E-02 -8.7118201E-02
  8.5437469E-02  8.4749565E-02  8.3379351E-02  8.1337735E-02  7.8641243E-02
  7.5311750E-02  7.1375638E-02  6.6865124E-02  6.1815981E-02  5.6269288E-02
  5.0269477E-02  4.3864995E-02  3.7107259E-02  3.0050874E-02  2.2752373E-02
  1.5270859E-02  7.6662595E-03  0.0000000E+00 -7.6662595E-03 -1.5270859E-02
 -2.2752373E-02 -3.0050874E-02 -3.7107259E-02 -4.3864995E-02 -5.0269477E-02
 -5.6269288E-02 -6.1815985E-02 -6.6865124E-02 -7.1375638E-02 -7.5311750E-02
 -7.8641243E-02 -8.1337735E-02 -8.3379351E-02 -8.4749565E-02 -8.5437462E-02
  8.3756737E-02  8.3082370E-02  8.1739068E-02  7.9737701E-02  7.7094257E-02
  7.3830128E-02  6.9971487E-02  6.5549754E-02  6.0599983E-02  5.5162281E-02
  4.9280588E-02  4.3002039E-02  3.6377344E-02  2.9459657E-02  2.2304865E-02
  1.4970362E-02  7.5155199E-03  0.0000000E+00 -7.5155199E-03 -1.4970362E-02
 -2.2304865E-02 -2.9459659E-02 -3.6377344E-02 -4.3002039E-02 -4.9280588E-02
 -5.5162281E-02 -6.0599983E-02 -6.5549761E-02 -6.9971487E-02 -7.3830128E-02
 -7.7094257E-02 -7.9737701E-02 -8.1739068E-02 -8.3082363E-02 -8.3756737E-02
  8.0955498E-02  8.0303699E-02  7.9005323E-02  7.7070840E-02  7.4515894E-02
  7.1360864E-02  6.7631371E-02  6.3357353E-02  5.8573276E-02  5.3317368E-02
  4.7632486E-02  4.1563779E-02  3.5160720E-02  2.8474391E-02  2.1558881E-02
  1.4469743E-02  7.2641373E-03  0.0000000E+00 -7.2641377E-03 -1.4469743E-02
 -2.1558881E-02 -2.8474391E-02 -3.5160720E-02 -4.1563779E-02 -4.7632486E-02
 -5.3317368E-02 -5.8573276E-02 -6.3357353E-02 -6.7631371E-02 -7.1360864E-02
 -7.4515894E-02 -7.7070840E-02 -7.9005323E-02 -8.0303706E-02 -8.0955505E-02
  7.7033781E-02  7.6413549E-02  7.5178072E-02  7.3337331E-02  7.0906125E-02
  6.7903996E-02  6.4355135E-02  6.0288087E-02  5.5735793E-02  5.0734460E-02
  4.5325011E-02  3.9550394E-02  3.3457372E-02  2.7094990E-02  2.0514639E-02
  1.3768733E-02  6.9122608E-03  0.0000000E+00 -6.9122608E-03 -1.3768733E-02
 -2.0514639E-02 -2.7094990E-02 -3.3457372E-02 -3.9550394E-02 -4.5325007E-02
 -5.0734460E-02 -5.5735789E-02 -6.0288087E-02 -6.4355135E-02 -6.7903996E-02
 -7.0906132E-02 -7.3337331E-02 -7.5178072E-02 -7.6413557E-02 -7.7033781E-02
  7.3112056E-02  7.2523393E-02  7.1350843E-02  6.9603831E-02  6.7296371E-02
  6.4447001E-02  6.1078873E-02  5.7218853E-02  5.2898403E-02  4.8151612E-02
  4.3017507E-02  3.7537005E-02  3.1754136E-02  2.5715472E-02  1.9470276E-02
  1.3067722E-02  6.5603852E-03  0.0000000E+00 -6.5603852E-03 -1.3067722E-02
 -1.9470274E-02 -2.5715472E-02 -3.1754136E-02 -3.7537009E-02 -4.3017507E-02
 -4.8151612E-02 -5.2898403E-02 -5.7218853E-02 -6.1078873E-02 -6.4447001E-02
 -6.7296371E-02 -6.9603823E-02 -7.1350843E-02 -7.2523393E-02 -7.3112056E-02
  6.9190331E-02  6.8633258E-02  6.7523591E-02  6.5870188E-02  6.3686624E-02
  6.0990132E-02  5.7802614E-02  5.4149631E-02  5.0060999E-02  4.5568764E-02
  4.0710121E-02  3.5523500E-02  3.0050755E-02  2.4336219E-02  1.8425761E-02
  1.2366741E-02  6.2085092E-03  0.0000000E+00 -6.2085092E-03 -1.2366741E-02
 -1.8425761E-02 -2.4336219E-02 -3.0050755E-02 -3.5523504E-02 -4.0710121E-02
 -4.5568764E-02 -5.0060999E-02 -5.4149631E-02 -5.7802614E-02 -6.0990132E-02
 -6.3686624E-02 -6.5870188E-02 -6.7523591E-02 -6.8633258E-02 -6.9190331E-02
  6.3867994E-02  6.3353792E-02  6.2329460E-02  6.0803246E-02  5.8787629E-02
  5.6298617E-02  5.3356260E-02  4.9984381E-02  4.6209991E-02  4.2063501E-02
  3.7578646E-02  3.2790869E-02  2.7739108E-02  2.2464367E-02  1.7008245E-02
  1.1415511E-02  5.7308674E-03  0.0000000E+00 -5.7308674E-03 -1.1415511E-02
 -1.7008245E-02 -2.2464365E-02 -2.7739108E-02 -3.2790869E-02 -3.7578642E-02
 -4.2063504E-02 -4.6209995E-02 -4.9984381E-02 -5.3356260E-02 -5.6298614E-02
 -5.8787629E-02 -6.0803249E-02 -6.2329471E-02 -6.3353784E-02 -6.3867994E-02
  5.7145048E-02  5.6684956E-02  5.5768479E-02  5.4402962E-02  5.2599430E-02
  5.0372358E-02  4.7739878E-02  4.4722889E-02  4.1345730E-02  3.7635881E-02
  3.3622891E-02  2.9339135E-02  2.4819344E-02  2.0099640E-02  1.5217871E-02
  1.0213882E-02  5.1276088E-03  0.0000000E+00 -5.1276092E-03 -1.0213882E-02
 -1.5217871E-02 -2.0099640E-02 -2.4819344E-02 -2.9339135E-02 -3.3622891E-02
 -3.7635881E-02 -4.1345734E-02 -4.4722889E-02 -4.7739875E-02 -5.0372358E-02
 -5.2599430E-02 -5.4402962E-02 -5.5768479E-02 -5.6684956E-02 -5.7145048E-02
  5.0422102E-02  5.0016154E-02  4.9207471E-02  4.8002616E-02  4.6411276E-02
  4.4446137E-02  4.2123500E-02  3.9461251E-02  3.6481619E-02  3.3208117E-02
  2.9667258E-02  2.5887519E-02  2.1899357E-02  1.7735004E-02  1.3427631E-02
  9.0121031E-03  4.5243800E-03  0.0000000E+00 -4.5243800E-03 -9.0121031E-03
 -1.3427631E-02 -1.7735004E-02 -2.1899357E-02 -2.5887519E-02 -2.9667256E-02
 -3.3208117E-02 -3.6481619E-02 -3.9461251E-02 -4.2123497E-02 -4.4446137E-02
 -4.6411276E-02 -4.8002612E-02 -4.9207471E-02 -5.0016157E-02 -5.0422102E-02
  4.3699160E-02  4.3347329E-02  4.2646471E-02  4.1602265E-02  4.0223099E-02
  3.8520020E-02  3.6506914E-02  3.4199882E-02  3.1617373E-02  2.8780369E-02
  2.5711622E-02  2.2435892E-02  1.8979371E-02  1.5370370E-02  1.1637256E-02
  7.8106071E-03  3.9211214E-03  0.0000000E+00 -3.9211209E-03 -7.8106071E-03
 -1.1637256E-02 -1.5370370E-02 -1.8979371E-02 -2.2435889E-02 -2.5711622E-02
 -2.8780371E-02 -3.1617373E-02 -3.4199882E-02 -3.6506910E-02 -3.8520016E-02
 -4.0223099E-02 -4.1602269E-02 -4.2646471E-02 -4.3347329E-02 -4.3699160E-02
  3.6976222E-02  3.6678486E-02  3.6085494E-02  3.5201911E-02  3.4034930E-02
  3.2593913E-02  3.0890401E-02  2.8938405E-02  2.6753113E-02  2.4352623E-02
  2.1755995E-02  1.8984139E-02  1.6059622E-02  1.3005614E-02  9.8468810E-03
  6.6091265E-03  3.3178625E-03  0.0000000E+00 -3.3178627E-03 -6.6091265E-03
 -9.8468801E-03 -1.3005614E-02 -1.6059622E-02 -1.8984139E-02 -2.1755993E-02
 -2.4352623E-02 -2.6753113E-02 -2.8938405E-02 -3.0890403E-02 -3.2593913E-02
 -3.4034934E-02 -3.5201915E-02 -3.6085490E-02 -3.6678486E-02 -3.6976226E-02
  3.0253276E-02  3.0009674E-02  2.9524492E-02  2.8801557E-02  2.7846768E-02
  2.6667738E-02  2.5274022E-02  2.3676798E-02  2.1888904E-02  1.9924872E-02
  1.7800400E-02  1.5532509E-02  1.3139620E-02  1.0640995E-02  8.0565074E-03
  5.4074968E-03  2.7146188E-03  0.0000000E+00 -2.7146190E-03 -5.4074968E-03
 -8.0565065E-03 -1.0640995E-02 -1.3139620E-02 -1.5532509E-02 -1.7800398E-02
 -1.9924873E-02 -2.1888904E-02 -2.3676798E-02 -2.5274022E-02 -2.6667738E-02
 -2.7846768E-02 -2.8801560E-02 -2.9524492E-02 -3.0009672E-02 -3.0253276E-02
  2.3530327E-02  2.3340862E-02  2.2963488E-02  2.2401212E-02  2.1658598E-02
  2.0741563E-02  1.9657575E-02  1.8415304E-02  1.7024720E-02  1.5497119E-02
  1.3844721E-02  1.2080892E-02  1.0219626E-02  8.2763582E-03  6.2661543E-03
  4.2058309E-03  2.1113756E-03  0.0000000E+00 -2.1113753E-03 -4.2058304E-03
 -6.2661543E-03 -8.2763582E-03 -1.0219627E-02 -1.2080893E-02 -1.3844721E-02
 -1.5497118E-02 -1.7024720E-02 -1.8415304E-02 -1.9657575E-02 -2.0741563E-02
 -2.1658603E-02 -2.2401216E-02 -2.2963488E-02 -2.3340862E-02 -2.3530323E-02
  1.6807374E-02  1.6672038E-02  1.6402500E-02  1.6000861E-02  1.5470424E-02
  1.4815412E-02  1.4041130E-02  1.3153773E-02  1.2160521E-02  1.1069369E-02
  9.8890848E-03  8.6291805E-03  7.2997953E-03  5.9116334E-03  4.4758762E-03
  3.0041190E-03  1.5081093E-03  0.0000000E+00 -1.5081093E-03 -3.0041188E-03
 -4.4758767E-03 -5.9116334E-03 -7.2997953E-03 -8.6291805E-03 -9.8890848E-03
 -1.1069369E-02 -1.2160521E-02 -1.3153773E-02 -1.4041130E-02 -1.4815411E-02
 -1.5470424E-02 -1.6000861E-02 -1.6402500E-02 -1.6672038E-02 -1.6807375E-02
  1.0084425E-02  1.0003225E-02  9.8414999E-03  9.6005136E-03  9.2822490E-03
  8.8892607E-03  8.4246788E-03  7.8922492E-03  7.2963238E-03  6.6416115E-03
  5.9334608E-03  5.1775044E-03  4.3798722E-03  3.5469867E-03  2.6855282E-03
  1.8024633E-03  9.0486184E-04  0.0000000E+00 -9.0486184E-04 -1.8024631E-03
 -2.6855282E-03 -3.5469867E-03 -4.3798718E-03 -5.1775053E-03 -5.9334598E-03
 -6.6416133E-03 -7.2963228E-03 -7.8922492E-03 -8.4246788E-03 -8.8892598E-03
 -9.2822490E-03 -9.6005127E-03 -9.8415017E-03 -1.0003225E-02 -1.0084425E-02
  3.3614747E-03  3.3344124E-03  3.2805002E-03  3.2001620E-03  3.0940874E-03
  2.9630868E-03  2.8082265E-03  2.6307497E-03  2.4321117E-03  2.2138637E-03
  1.9778237E-03  1.7258376E-03  1.4599524E-03  1.1823364E-03  8.9517608E-04
  6.0081109E-04  3.0162558E-04  0.0000000E+00 -3.0162558E-04 -6.0081109E-04
 -8.9517608E-04 -1.1823364E-03 -1.4599524E-03 -1.7258376E-03 -1.9778237E-03
 -2.2138637E-03 -2.4321117E-03 -2.6307497E-03 -2.8082265E-03 -2.9630868E-03
 -3.0940874E-03 -3.2001620E-03 -3.2805002E-03 -3.3344128E-03 -3.3614747E-03
 -2.6639665E-02 -2.6639562E-02 -2.6639491E-02 -2.6639463E-02 -2.6639480E-02
 -2.6639404E-02 -2.6639538E-02 -2.6639694E-02 -2.6639707E-02 -2.6639665E-02
 -2.6639562E-02 -2.6639666E-02 -2.6639709E-02 -2.6639482E-02 -2.6639709E-02
 -2.6639732E-02 -2.6639562E-02 -2.6639510E-02 -2.6639564E-02 -2.6639732E-02
 -2.6639706E-02 -2.6639484E-02 -2.6639709E-02 -2.6639666E-02 -2.6639564E-02
 -2.6639661E-02 -2.6639707E-02 -2.6639694E-02 -2.6639538E-02 -2.6639406E-02
 -2.6639480E-02 -2.6639465E-02 -2.6639491E-02 -2.6639562E-02 -2.6639665E-02
 -2.6135452E-02 -2.6135463E-02 -2.6135506E-02 -2.6135452E-02 -2.6135607E-02
 -2.6135672E-02 -2.6135638E-02 -2.6135566E-02 -2.6135657E-02 -2.6135607E-02
 -2.6135543E-02 -2.6135501E-02 -2.6135551E-02 -2.6135540E-02 -2.6135512E-02
 -2.6135484E-02 -2.6135501E-02 -2.6135629E-02 -2.6135501E-02 -2.6135482E-02
 -2.6135512E-02 -2.6135540E-02 -2.6135551E-02 -2.6135501E-02 -2.6135545E-02
 -2.6135609E-02 -2.6135657E-02 -2.6135566E-02 -2.6135638E-02 -2.6135674E-02
 -2.6135607E-02 -2.6135452E-02 -2.6135506E-02 -2.6135463E-02 -2.6135452E-02
 -2.5631191E-02 -2.5631279E-02 -2.5631292E-02 -2.5631143E-02 -2.5631199E-02
 -2.5631292E-02 -2.5631223E-02 -2.5631124E-02 -2.5631065E-02 -2.5631122E-02
 -2.5631214E-02 -2.5631264E-02 -2.5631355E-02 -2.5631424E-02 -2.5631234E-02
 -2.5631294E-02 -2.5631286E-02 -2.5631070E-02 -2.5631286E-02 -2.5631294E-02
 -2.5631234E-02 -2.5631424E-02 -2.5631355E-02 -2.5631266E-02 -2.5631214E-02
 -2.5631122E-02 -2.5631066E-02 -2.5631124E-02 -2.5631223E-02 -2.5631292E-02
 -2.5631199E-02 -2.5631143E-02 -2.5631292E-02 -2.5631279E-02 -2.5631189E-02
 -2.5127010E-02 -2.5127068E-02 -2.5127007E-02 -2.5127040E-02 -2.5126945E-02
 -2.5126811E-02 -2.5126956E-02 -2.5127193E-02 -2.5127150E-02 -2.5127107E-02
 -2.5127089E-02 -2.5127044E-02 -2.5126919E-02 -2.5126839E-02 -2.5127027E-02
 -2.5127027E-02 -2.5127066E-02 -2.5127174E-02 -2.5127068E-02 -2.5127027E-02
 -2.5127027E-02 -2.5126843E-02 -2.5126919E-02 -2.5127044E-02 -2.5127092E-02
 -2.5127109E-02 -2.5127150E-02 -2.5127193E-02 -2.5126956E-02 -2.5126811E-02
 -2.5126943E-02 -2.5127040E-02 -2.5127007E-02 -2.5127066E-02 -2.5127010E-02
 -5.6668948E-02 -5.6668818E-02 -5.6668784E-02 -5.6668893E-02 -5.6668948E-02
 -5.6668933E-02 -5.6668822E-02 -5.6668729E-02 -5.6668743E-02 -5.6668658E-02
 -5.6668688E-02 -5.6668781E-02 -5.6668945E-02 -5.6668997E-02 -5.6668848E-02
 -5.6668755E-02 -5.6668695E-02 -5.6668609E-02 -5.6668699E-02 -5.6668755E-02
 -5.6668848E-02 -5.6668997E-02 -5.6668945E-02 -5.6668781E-02 -5.6668680E-02
 -5.6668665E-02 -5.6668743E-02 -5.6668729E-02 -5.6668825E-02 -5.6668933E-02
 -5.6668948E-02 -5.6668893E-02 -5.6668784E-02 -5.6668822E-02 -5.6668952E-02
 -5.3923588E-02 -5.3923611E-02 -5.3923637E-02 -5.3923544E-02 -5.3923525E-02
 -5.3923603E-02 -5.3923614E-02 -5.3923637E-02 -5.3923670E-02 -5.3923652E-02
 -5.3923875E-02 -5.3923726E-02 -5.3923510E-02 -5.3923544E-02 -5.3923640E-02
 -5.3923551E-02 -5.3923670E-02 -5.3923707E-02 -5.3923670E-02 -5.3923551E-02
 -5.3923640E-02 -5.3923544E-02 -5.3923510E-02 -5.3923726E-02 -5.3923871E-02
 -5.3923652E-02 -5.3923674E-02 -5.3923637E-02 -5.3923607E-02 -5.3923607E-02
 -5.3923529E-02 -5.3923544E-02 -5.3923637E-02 -5.3923622E-02 -5.3923588E-02
 -5.1178493E-02 -5.1178548E-02 -5.1178563E-02 -5.1178526E-02 -5.1178586E-02
 -5.1178481E-02 -5.1178444E-02 -5.1178496E-02 -5.1178496E-02 -5.1178340E-02
 -5.1178347E-02 -5.1178411E-02 -5.1178444E-02 -5.1178385E-02 -5.1178601E-02
 -5.1178623E-02 -5.1178571E-02 -5.1178500E-02 -5.1178571E-02 -5.1178623E-02
 -5.1178597E-02 -5.1178385E-02 -5.1178444E-02 -5.1178411E-02 -5.1178347E-02
 -5.1178340E-02 -5.1178500E-02 -5.1178496E-02 -5.1178444E-02 -5.1178481E-02
 -5.1178582E-02 -5.1178522E-02 -5.1178563E-02 -5.1178548E-02 -5.1178493E-02
 -4.8433177E-02 -4.8433114E-02 -4.8433058E-02 -4.8433103E-02 -4.8433233E-02
 -4.8433241E-02 -4.8433214E-02 -4.8433207E-02 -4.8433281E-02 -4.8433289E-02
 -4.8433270E-02 -4.8433203E-02 -4.8433296E-02 -4.8433132E-02 -4.8433099E-02
 -4.8433173E-02 -4.8433263E-02 -4.8433296E-02 -4.8433267E-02 -4.8433173E-02
 -4.8433099E-02 -4.8433144E-02 -4.8433296E-02 -4.8433200E-02 -4.8433270E-02
 -4.8433289E-02 -4.8433281E-02 -4.8433211E-02 -4.8433214E-02 -4.8433241E-02
 -4.8433233E-02 -4.8433103E-02 -4.8433058E-02 -4.8433114E-02 -4.8433177E-02
 -7.6641545E-02 -7.6641575E-02 -7.6641619E-02 -7.6641649E-02 -7.6641724E-02
 -7.6641694E-02 -7.6641560E-02 -7.6641619E-02 -7.6641530E-02 -7.6641686E-02
 -7.6641515E-02 -7.6641731E-02 -7.6641470E-02 -7.6641664E-02 -7.6641664E-02
 -7.6641664E-02 -7.6641627E-02 -7.6641649E-02 -7.6641627E-02 -7.6641664E-02
 -7.6641664E-02 -7.6641664E-02 -7.6641470E-02 -7.6641724E-02 -7.6641515E-02
 -7.6641694E-02 -7.6641537E-02 -7.6641619E-02 -7.6641560E-02 -7.6641694E-02
 -7.6641724E-02 -7.6641664E-02 -7.6641627E-02 -7.6641575E-02 -7.6641537E-02
 -6.8574138E-02 -6.8574183E-02 -6.8574131E-02 -6.8574056E-02 -6.8574071E-02
 -6.8574071E-02 -6.8574131E-02 -6.8574041E-02 -6.8574101E-02 -6.8573914E-02
 -6.8573937E-02 -6.8574108E-02 -6.8574011E-02 -6.8574116E-02 -6.8573974E-02
 -6.8574019E-02 -6.8574078E-02 -6.8574056E-02 -6.8574078E-02 -6.8574019E-02
 -6.8573974E-02 -6.8574116E-02 -6.8574011E-02 -6.8574101E-02 -6.8573937E-02
 -6.8573914E-02 -6.8574108E-02 -6.8574041E-02 -6.8574123E-02 -6.8574071E-02
 -6.8574071E-02 -6.8574056E-02 -6.8574131E-02 -6.8574183E-02 -6.8574138E-02
 -6.0506500E-02 -6.0506508E-02 -6.0506519E-02 -6.0506593E-02 -6.0506534E-02
 -6.0506437E-02 -6.0506642E-02 -6.0506560E-02 -6.0506657E-02 -6.0506489E-02
 -6.0506638E-02 -6.0506508E-02 -6.0506552E-02 -6.0506646E-02 -6.0506504E-02
 -6.0506485E-02 -6.0506575E-02 -6.0506567E-02 -6.0506575E-02 -6.0506485E-02
 -6.0506504E-02 -6.0506646E-02 -6.0506556E-02 -6.0506508E-02 -6.0506627E-02
 -6.0506482E-02 -6.0506657E-02 -6.0506560E-02 -6.0506627E-02 -6.0506437E-02
 -6.0506534E-02 -6.0506590E-02 -6.0506523E-02 -6.0506511E-02 -6.0506500E-02
 -5.2438963E-02 -5.2439004E-02 -5.2439000E-02 -5.2438967E-02 -5.2438948E-02
 -5.2438952E-02 -5.2438859E-02 -5.2439056E-02 -5.2438863E-02 -5.2438937E-02
 -5.2439049E-02 -5.2439094E-02 -5.2438937E-02 -5.2439015E-02 -5.2439019E-02
 -5.2438948E-02 -5.2438833E-02 -5.2438814E-02 -5.2438829E-02 -5.2438945E-02
 -5.2439015E-02 -5.2439019E-02 -5.2438937E-02 -5.2439090E-02 -5.2439049E-02
 -5.2438941E-02 -5.2438863E-02 -5.2439056E-02 -5.2438851E-02 -5.2438945E-02
 -5.2438952E-02 -5.2438967E-02 -5.2439000E-02 -5.2439004E-02 -5.2438963E-02
 -4.4371527E-02 -4.4371516E-02 -4.4371489E-02 -4.4371497E-02 -4.4371538E-02
 -4.4371493E-02 -4.4371445E-02 -4.4371612E-02 -4.4371478E-02 -4.4371549E-02
 -4.4371556E-02 -4.4371448E-02 -4.4371508E-02 -4.4371441E-02 -4.4371426E-02
 -4.4371460E-02 -4.4371452E-02 -4.4371493E-02 -4.4371460E-02 -4.4371460E-02
 -4.4371422E-02 -4.4371445E-02 -4.4371508E-02 -4.4371448E-02 -4.4371556E-02
 -4.4371549E-02 -4.4371478E-02 -4.4371612E-02 -4.4371448E-02 -4.4371493E-02
 -4.4371542E-02 -4.4371497E-02 -4.4371493E-02 -4.4371516E-02 -4.4371523E-02
 -3.6303915E-02 -3.6303818E-02 -3.6303911E-02 -3.6303859E-02 -3.6303841E-02
 -3.6303826E-02 -3.6303926E-02 -3.6303863E-02 -3.6303833E-02 -3.6303915E-02
 -3.6303945E-02 -3.6303900E-02 -3.6303923E-02 -3.6303964E-02 -3.6303934E-02
 -3.6303986E-02 -3.6303926E-02 -3.6303949E-02 -3.6303923E-02 -3.6303986E-02
 -3.6303930E-02 -3.6303964E-02 -3.6303923E-02 -3.6303900E-02 -3.6303941E-02
 -3.6303919E-02 -3.6303833E-02 -3.6303863E-02 -3.6303923E-02 -3.6303826E-02
 -3.6303841E-02 -3.6303863E-02 -3.6303911E-02 -3.6303815E-02 -3.6303915E-02
 -2.8236384E-02 -2.8236382E-02 -2.8236419E-02 -2.8236333E-02 -2.8236395E-02
 -2.8236398E-02 -2.8236436E-02 -2.8236402E-02 -2.8236371E-02 -2.8236397E-02
 -2.8236382E-02 -2.8236430E-02 -2.8236341E-02 -2.8236391E-02 -2.8236352E-02
 -2.8236400E-02 -2.8236389E-02 -2.8236423E-02 -2.8236402E-02 -2.8236395E-02
 -2.8236354E-02 -2.8236393E-02 -2.8236344E-02 -2.8236434E-02 -2.8236385E-02
 -2.8236395E-02 -2.8236369E-02 -2.8236402E-02 -2.8236438E-02 -2.8236398E-02
 -2.8236400E-02 -2.8236333E-02 -2.8236419E-02 -2.8236380E-02 -2.8236382E-02
 -2.0168846E-02 -2.0168833E-02 -2.0168852E-02 -2.0168841E-02 -2.0168846E-02
 -2.0168843E-02 -2.0168852E-02 -2.0168846E-02 -2.0168837E-02 -2.0168854E-02
 -2.0168835E-02 -2.0168848E-02 -2.0168852E-02 -2.0168837E-02 -2.0168843E-02
 -2.0168850E-02 -2.0168837E-02 -2.0168865E-02 -2.0168852E-02 -2.0168848E-02
 -2.0168843E-02 -2.0168839E-02 -2.0168852E-02 -2.0168848E-02 -2.0168835E-02
 -2.0168854E-02 -2.0168837E-02 -2.0168846E-02 -2.0168852E-02 -2.0168841E-02
 -2.0168846E-02 -2.0168841E-02 -2.0168854E-02 -2.0168833E-02 -2.0168848E-02
 -1.2101310E-02 -1.2101304E-02 -1.2101314E-02 -1.2101298E-02 -1.2101299E-02
 -1.2101321E-02 -1.2101312E-02 -1.2101295E-02 -1.2101313E-02 -1.2101306E-02
 -1.2101311E-02 -1.2101312E-02 -1.2101307E-02 -1.2101303E-02 -1.2101294E-02
 -1.2101309E-02 -1.2101324E-02 -1.2101293E-02 -1.2101324E-02 -1.2101308E-02
 -1.2101295E-02 -1.2101301E-02 -1.2101307E-02 -1.2101314E-02 -1.2101309E-02
 -1.2101307E-02 -1.2101312E-02 -1.2101296E-02 -1.2101310E-02 -1.2101321E-02
 -1.2101298E-02 -1.2101295E-02 -1.2101313E-02 -1.2101303E-02 -1.2101309E-02
 -4.0337699E-03 -4.0337727E-03 -4.0337713E-03 -4.0337555E-03 -4.0337723E-03
 -4.0337793E-03 -4.0337667E-03 -4.0337676E-03 -4.0337704E-03 -4.0337658E-03
 -4.0337676E-03 -4.0337727E-03 -4.0337662E-03 -4.0337713E-03 -4.0337667E-03
 -4.0337672E-03 -4.0337793E-03 -4.0337541E-03 -4.0337797E-03 -4.0337672E-03
 -4.0337667E-03 -4.0337713E-03 -4.0337662E-03 -4.0337727E-03 -4.0337676E-03
 -4.0337658E-03 -4.0337709E-03 -4.0337676E-03 -4.0337667E-03 -4.0337793E-03
 -4.0337723E-03 -4.0337555E-03 -4.0337713E-03 -4.0337732E-03 -4.0337699E-03
 -2.6639665E-02 -2.6639562E-02 -2.6639491E-02 -2.6639463E-02 -2.6639480E-02
 -2.6639404E-02 -2.6639538E-02 -2.6639694E-02 -2.6639707E-02 -2.6639665E-02
 -2.6639562E-02 -2.6639666E-02 -2.6639709E-02 -2.6639482E-02 -2.6639709E-02
 -2.6639732E-02 -2.6639562E-02 -2.6639510E-02 -2.6639564E-02 -2.6639732E-02
 -2.6639706E-02 -2.6639484E-02 -2.6639709E-02 -2.6639666E-02 -2.6639564E-02
 -2.6639661E-02 -2.6639707E-02 -2.6639694E-02 -2.6639538E-02 -2.6639406E-02
 -2.6639480E-02 -2.6639465E-02 -2.6639491E-02 -2.6639562E-02 -2.6639665E-02
 -2.6135452E-02 -2.6135463E-02 -2.6135506E-02 -2.6135452E-02 -2.6135607E-02
 -2.6135672E-02 -2.6135638E-02 -2.6135566E-02 -2.6135657E-02 -2.6135607E-02
 -2.6135543E-02 -2.6135501E-02 -2.6135551E-02 -2.6135540E-02 -2.6135512E-02
 -2.6135484E-02 -2.6135501E-02 -2.6135629E-02 -2.6135501E-02 -2.6135482E-02
 -2.6135512E-02 -2.6135540E-02 -2.6135551E-02 -2.6135501E-02 -2.6135545E-02
 -2.6135609E-02 -2.6135657E-02 -2.6135566E-02 -2.6135638E-02 -2.6135674E-02
 -2.6135607E-02 -2.6135452E-02 -2.6135506E-02 -2.6135463E-02 -2.6135452E-02
 -2.5631191E-02 -2.5631279E-02 -2.5631292E-02 -2.5631143E-02 -2.5631199E-02
 -2.5631292E-02 -2.5631223E-02 -2.5631124E-02 -2.5631065E-02 -2.5631122E-02
 -2.5631214E-02 -2.5631264E-02 -2.5631355E-02 -2.5631424E-02 -2.5631234E-02
 -2.5631294E-02 -2.5631286E-02 -2.5631070E-02 -2.5631286E-02 -2.5631294E-02
 -2.5631234E-02 -2.5631424E-02 -2.5631355E-02 -2.5631266E-02 -2.5631214E-02
 -2.5631122E-02 -2.5631066E-02 -2.5631124E-02 -2.5631223E-02 -2.5631292E-02
 -2.5631199E-02 -2.5631143E-02 -2.5631292E-02 -2.5631279E-02 -2.5631189E-02
 -2.5127010E-02 -2.5127068E-02 -2.5127007E-02 -2.5127040E-02 -2.5126945E-02
 -2.5126811E-02 -2.5126956E-02 -2.5127193E-02 -2.5127150E-02 -2.5127107E-02
 -2.5127089E-02 -2.5127044E-02 -2.5126919E-02 -2.5126839E-02 -2.5127027E-02
 -2.5127027E-02 -2.5127066E-02 -2.5127174E-02 -2.5127068E-02 -2.5127027E-02
 -2.5127027E-02 -2.5126843E-02 -2.5126919E-02 -2.5127044E-02 -2.5127092E-02
 -2.5127109E-02 -2.5127150E-02 -2.5127193E-02 -2.5126956E-02 -2.5126811E-02
 -2.5126943E-02 -2.5127040E-02 -2.5127007E-02 -2.5127066E-02 -2.5127010E-02
 -5.6668948E-02 -5.6668818E-02 -5.6668784E-02 -5.6668893E-02 -5.6668948E-02
 -5.6668933E-02 -5.6668822E-02 -5.6668729E-02 -5.6668743E-02 -5.6668658E-02
 -5.6668688E-02 -5.6668781E-02 -5.6668945E-02 -5.6668997E-02 -5.6668848E-02
 -5.6668755E-02 -5.6668695E-02 -5.6668609E-02 -5.6668699E-02 -5.6668755E-02
 -5.6668848E-02 -5.6668997E-02 -5.6668945E-02 -5.6668781E-02 -5.6668680E-02
 -5.6668665E-02 -5.6668743E-02 -5.6668729E-02 -5.6668825E-02 -5.6668933E-02
 -5.6668948E-02 -5.6668893E-02 -5.6668784E-02 -5.6668822E-02 -5.6668952E-02
 -5.3923588E-02 -5.3923611E-02 -5.3923637E-02 -5.3923544E-02 -5.3923525E-02
 -5.3923603E-02 -5.3923614E-02 -5.3923637E-02 -5.3923670E-02 -5.3923652E-02
 -5.3923875E-02 -5.3923726E-02 -5.3923510E-02 -5.3923544E-02 -5.3923640E-02
 -5.3923551E-02 -5.3923670E-02 -5.3923707E-02 -5.3923670E-02 -5.3923551E-02
 -5.3923640E-02 -5.3923544E-02 -5.3923510E-02 -5.3923726E-02 -5.3923871E-02
 -5.3923652E-02 -5.3923674E-02 -5.3923637E-02 -5.3923607E-02 -5.3923607E-02
 -5.3923529E-02 -5.3923544E-02 -5.3923637E-02 -5.3923622E-02 -5.3923588E-02
 -5.1178493E-02 -5.1178548E-02 -5.1178563E-02 -5.1178526E-02 -5.1178586E-02
 -5.1178481E-02 -5.1178444E-02 -5.1178496E-02 -5.1178496E-02 -5.1178340E-02
 -5.1178347E-02 -5.1178411E-02 -5.1178444E-02 -5.1178385E-02 -5.1178601E-02
 -5.1178623E-02 -5.1178571E-02 -5.1178500E-02 -5.1178571E-02 -5.1178623E-02
 -5.1178597E-02 -5.1178385E-02 -5.1178444E-02 -5.1178411E-02 -5.1178347E-02
 -5.1178340E-02 -5.1178500E-02 -5.1178496E-02 -5.1178444E-02 -5.1178481E-02
 -5.1178582E-02 -5.1178522E-02 -5.1178563E-02 -5.1178548E-02 -5.1178493E-02
 -4.8433177E-02 -4.8433114E-02 -4.8433058E-02 -4.8433103E-02 -4.8433233E-02
 -4.8433241E-02 -4.8433214E-02 -4.8433207E-02 -4.8433281E-02 -4.8433289E-02
 -4.8433270E-02 -4.8433203E-02 -4.8433296E-02 -4.8433132E-02 -4.8433099E-02
 -4.8433173E-02 -4.8433263E-02 -4.8433296E-02 -4.8433267E-02 -4.8433173E-02
 -4.8433099E-02 -4.8433144E-02 -4.8433296E-02 -4.8433200E-02 -4.8433270E-02
 -4.8433289E-02 -4.8433281E-02 -4.8433211E-02 -4.8433214E-02 -4.8433241E-02
 -4.8433233E-02 -4.8433103E-02 -4.8433058E-02 -4.8433114E-02 -4.8433177E-02
 -7.6641545E-02 -7.6641575E-02 -7.6641619E-02 -7.6641649E-02 -7.6641724E-02
 -7.6641694E-02 -7.6641560E-02 -7.6641619E-02 -7.6641530E-02 -7.6641686E-02
 -7.6641515E-02 -7.6641731E-02 -7.6641470E-02 -7.6641664E-02 -7.6641664E-02
 -7.6641664E-02 -7.6641627E-02 -7.6641649E-02 -7.6641627E-02 -7.6641664E-02
 -7.6641664E-02 -7.6641664E-02 -7.6641470E-02 -7.6641724E-02 -7.6641515E-02
 -7.6641694E-02 -7.6641537E-02 -7.6641619E-02 -7.6641560E-02 -7.6641694E-02
 -7.6641724E-02 -7.6641664E-02 -7.6641627E-02 -7.6641575E-02 -7.6641537E-02
 -6.8574138E-02 -6.8574183E-02 -6.8574131E-02 -6.8574056E-02 -6.8574071E-02
 -6.8574071E-02 -6.8574131E-02 -6.8574041E-02 -6.8574101E-02 -6.8573914E-02
 -6.8573937E-02 -6.8574108E-02 -6.8574011E-02 -6.8574116E-02 -6.8573974E-02
 -6.8574019E-02 -6.8574078E-02 -6.8574056E-02 -6.8574078E-02 -6.8574019E-02
 -6.8573974E-02 -6.8574116E-02 -6.8574011E-02 -6.8574101E-02 -6.8573937E-02
 -6.8573914E-02 -6.8574108E-02 -6.8574041E-02 -6.8574123E-02 -6.8574071E-02
 -6.8574071E-02 -6.8574056E-02 -6.8574131E-02 -6.8574183E-02 -6.8574138E-02
 -6.0506500E-02 -6.0506508E-02 -6.0506519E-02 -6.0506593E-02 -6.0506534E-02
 -6.0506437E-02 -6.0506642E-02 -6.0506560E-02 -6.0506657E-02 -6.0506489E-02
 -6.0506638E-02 -6.0506508E-02 -6.0506552E-02 -6.0506646E-02 -6.0506504E-02
 -6.0506485E-02 -6.0506575E-02 -6.0506567E-02 -6.0506575E-02 -6.0506485E-02
 -6.0506504E-02 -6.0506646E-02 -6.0506556E-02 -6.0506508E-02 -6.0506627E-02
 -6.0506482E-02 -6.0506657E-02 -6.0506560E-02 -6.0506627E-02 -6.0506437E-02
 -6.0506534E-02 -6.0506590E-02 -6.0506523E-02 -6.0506511E-02 -6.0506500E-02
 -5.2438963E-02 -5.2439004E-02 -5.2439000E-02 -5.2438967E-02 -5.2438948E-02
 -5.2438952E-02 -5.2438859E-02 -5.2439056E-02 -5.2438863E-02 -5.2438937E-02
 -5.2439049E-02 -5.2439094E-02 -5.2438937E-02 -5.2439015E-02 -5.2439019E-02
 -5.2438948E-02 -5.2438833E-02 -5.2438814E-02 -5.2438829E-02 -5.2438945E-02
 -5.2439015E-02 -5.2439019E-02 -5.2438937E-02 -5.2439090E-02 -5.2439049E-02
 -5.2438941E-02 -5.2438863E-02 -5.2439056E-02 -5.2438851E-02 -5.2438945E-02
 -5.2438952E-02 -5.2438967E-02 -5.2439000E-02 -5.2439004E-02 -5.2438963E-02
 -4.4371527E-02 -4.4371516E-02 -4.4371489E-02 -4.4371497E-02 -4.4371538E-02
 -4.4371493E-02 -4.4371445E-02 -4.4371612E-02 -4.4371478E-02 -4.4371549E-02
 -4.4371556E-02 -4.4371448E-02 -4.4371508E-02 -4.4371441E-02 -4.4371426E-02
 -4.4371460E-02 -4.4371452E-02 -4.4371493E-02 -4.4371460E-02 -4.4371460E-02
 -4.4371422E-02 -4.4371445E-02 -4.4371508E-02 -4.4371448E-02 -4.4371556E-02
 -4.4371549E-02 -4.4371478E-02 -4.4371612E-02 -4.4371448E-02 -4.4371493E-02
 -4.4371542E-02 -4.4371497E-02 -4.4371493E-02 -4.4371516E-02 -4.4371523E-02
 -3.6303915E-02 -3.6303818E-02 -3.6303911E-02 -3.6303859E-02 -3.6303841E-02
 -3.6303826E-02 -3.6303926E-02 -3.6303863E-02 -3.6303833E-02 -3.6303915E-02
 -3.6303945E-02 -3.6303900E-02 -3.6303923E-02 -3.6303964E-02 -3.6303934E-02
 -3.6303986E-02 -3.6303926E-02 -3.6303949E-02 -3.6303923E-02 -3.6303986E-02
 -3.6303930E-02 -3.6303964E-02 -3.6303923E-02 -3.6303900E-02 -3.6303941E-02
 -3.6303919E-02 -3.6303833E-02 -3.6303863E-02 -3.6303923E-02 -3.6303826E-02
 -3.6303841E-02 -3.6303863E-02 -3.6303911E-02 -3.6303815E-02 -3.6303915E-02
 -2.8236384E-02 -2.8236382E-02 -2.8236419E-02 -2.8236333E-02 -2.8236395E-02
 -2.8236398E-02 -2.8236436E-02 -2.8236402E-02 -2.8236371E-02 -2.8236397E-02
 -2.8236382E-02 -2.8236430E-02 -2.8236341E-02 -2.8236391E-02 -2.8236352E-02
 -2.8236400E-02 -2.8236389E-02 -2.8236423E-02 -2.8236402E-02 -2.8236395E-02
 -2.8236354E-02 -2.8236393E-02 -2.8236344E-02 -2.8236434E-02 -2.8236385E-02
 -2.8236395E-02 -2.8236369E-02 -2.8236402E-02 -2.8236438E-02 -2.8236398E-02
 -2.8236400E-02 -2.8236333E-02 -2.8236419E-02 -2.8236380E-02 -2.8236382E-02
 -2.0168846E-02 -2.0168833E-02 -2.0168852E-02 -2.0168841E-02 -2.0168846E-02
 -2.0168843E-02 -2.0168852E-02 -2.0168846E-02 -2.0168837E-02 -2.0168854E-02
 -2.0168835E-02 -2.0168848E-02 -2.0168852E-02 -2.0168837E-02 -2.0168843E-02
 -2.0168850E-02 -2.0168837E-02 -2.0168865E-02 -2.0168852E-02 -2.0168848E-02
 -2.0168843E-02 -2.0168839E-02 -2.0168852E-02 -2.0168848E-02 -2.0168835E-02
 -2.0168854E-02 -2.0168837E-02 -2.0168846E-02 -2.0168852E-02 -2.0168841E-02
 -2.0168846E-02 -2.0168841E-02 -2.0168854E-02 -2.0168833E-02 -2.0168848E-02
 -1.2101310E-02 -1.2101304E-02 -1.2101314E-02 -1.2101298E-02 -1.2101299E-02
 -1.2101321E-02 -1.2101312E-02 -1.2101295E-02 -1.2101313E-02 -1.2101306E-02
 -1.2101311E-02 -1.2101312E-02 -1.2101307E-02 -1.2101303E-02 -1.2101294E-02
 -1.2101309E-02 -1.2101324E-02 -1.2101293E-02 -1.2101324E-02 -1.2101308E-02
 -1.2101295E-02 -1.2101301E-02 -1.2101307E-02 -1.2101314E-02 -1.2101309E-02
 -1.2101307E-02 -1.2101312E-02 -1.2101296E-02 -1.2101310E-02 -1.2101321E-02
 -1.2101298E-02 -1.2101295E-02 -1.2101313E-02 -1.2101303E-02 -1.2101309E-02
 -4.0337699E-03 -4.0337727E-03 -4.0337713E-03 -4.0337555E-03 -4.0337723E-03
 -4.0337793E-03 -4.0337667E-03 -4.0337676E-03 -4.0337704E-03 -4.0337658E-03
 -4.0337676E-03 -4.0337727E-03 -4.0337662E-03 -4.0337713E-03 -4.0337667E-03
 -4.0337672E-03 -4.0337793E-03 -4.0337541E-03 -4.0337797E-03 -4.0337672E-03
 -4.0337667E-03 -4.0337713E-03 -4.0337662E-03 -4.0337727E-03 -4.0337676E-03
 -4.0337658E-03 -4.0337709E-03 -4.0337676E-03 -4.0337667E-03 -4.0337793E-03
 -4.0337723E-03 -4.0337555E-03 -4.0337713E-03 -4.0337732E-03 -4.0337699E-03
  0.3606823      0.3577779      0.3519931      0.3433740      0.3319913    
  0.3179344      0.3013186      0.2822771      0.2609623      0.2375463    
  0.2122170      0.1851799      0.1566524      0.1268620      9.6051648E-02
  6.4467192E-02  3.2363754E-02  0.0000000E+00 -3.2363757E-02 -6.4467192E-02
 -9.6051648E-02 -0.1268620     -0.1566524     -0.1851799     -0.2122170    
 -0.2375463     -0.2609623     -0.2822771     -0.3013186     -0.3179345    
 -0.3319913     -0.3433740     -0.3519931     -0.3577780     -0.3606823    
  0.3301205      0.3274626      0.3221685      0.3142794      0.3038616    
  0.2909964      0.2757879      0.2583590      0.2388507      0.2174185    
  0.1942357      0.1694892      0.1433788      0.1161130      8.7912470E-02
  5.9005044E-02  2.9621391E-02  9.7362805E-11 -2.9621391E-02 -5.9005048E-02
 -8.7912470E-02 -0.1161130     -0.1433788     -0.1694892     -0.1942357    
 -0.2174185     -0.2388507     -0.2583590     -0.2757879     -0.2909965    
 -0.3038616     -0.3142794     -0.3221685     -0.3274626     -0.3301205    
  0.3004744      0.2980554      0.2932366      0.2860559      0.2765729    
  0.2648636      0.2510206      0.2351571      0.2173998      0.1978928    
  0.1767924      0.1542686      0.1305025      0.1056859      8.0017738E-02
  5.3705998E-02  2.6961461E-02  9.5483177E-11 -2.6961461E-02 -5.3705998E-02
 -8.0017745E-02 -0.1056859     -0.1305025     -0.1542686     -0.1767924    
 -0.1978928     -0.2173999     -0.2351571     -0.2510206     -0.2648636    
 -0.2765729     -0.2860559     -0.2932366     -0.2980554     -0.3004743    
  0.2717444      0.2695567      0.2651982      0.2587049      0.2501281    
  0.2395374      0.2270188      0.2126732      0.1966139      0.1789715    
  0.1598885      0.1395180      0.1180242      9.5580123E-02  7.2366960E-02
  4.8570637E-02  2.4383670E-02  0.0000000E+00 -2.4383673E-02 -4.8570637E-02
 -7.2366968E-02 -9.5580131E-02 -0.1180242     -0.1395180     -0.1598885    
 -0.1789715     -0.1966139     -0.2126732     -0.2270188     -0.2395374    
 -0.2501281     -0.2587049     -0.2651982     -0.2695566     -0.2717444    
  0.3562177      0.3533492      0.3476361      0.3391244      0.3278823    
  0.3139998      0.2975890      0.2787823      0.2577315      0.2346048    
  0.2095902      0.1828875      0.1547129      0.1252922      9.4862528E-02
  6.3669138E-02  3.1963270E-02 -2.1110702E-10 -3.1963270E-02 -6.3669138E-02
 -9.4862513E-02 -0.1252922     -0.1547129     -0.1828875     -0.2095902    
 -0.2346049     -0.2577315     -0.2787823     -0.2975890     -0.3139998    
 -0.3278823     -0.3391244     -0.3476361     -0.3533492     -0.3562178    
  0.3102908      0.3077926      0.3028162      0.2954014      0.2856084    
  0.2735161      0.2592215      0.2428397      0.2245029      0.2043580    
  0.1825689      0.1593086      0.1347657      0.1091382      8.2632288E-02
  5.5460304E-02  2.7842386E-02  1.0044073E-10 -2.7842386E-02 -5.5460304E-02
 -8.2632288E-02 -0.1091382     -0.1347657     -0.1593086     -0.1825688    
 -0.2043580     -0.2245029     -0.2428397     -0.2592215     -0.2735161    
 -0.2856085     -0.2954014     -0.3028162     -0.3077926     -0.3102908    
  0.2672845      0.2651326      0.2608460      0.2544591      0.2460236    
  0.2356067      0.2232932      0.2091820      0.1933867      0.1760336    
  0.1572639      0.1372282      0.1160873      9.4011359E-02  7.1179524E-02
  4.7773533E-02  2.3983458E-02  1.9065477E-10 -2.3983458E-02 -4.7773536E-02
 -7.1179509E-02 -9.4011366E-02 -0.1160872     -0.1372282     -0.1572639    
 -0.1760336     -0.1933867     -0.2091820     -0.2232932     -0.2356067    
 -0.2460236     -0.2544591     -0.2608460     -0.2651326     -0.2672845    
  0.2271972      0.2253678      0.2217238      0.2162949      0.2091250    
  0.2002707      0.1898040      0.1778090      0.1643829      0.1496326    
  0.1336780      0.1166469      9.8676622E-02  7.9911761E-02  6.0503725E-02
  4.0608384E-02  2.0386446E-02  0.0000000E+00 -2.0386448E-02 -4.0608376E-02
 -6.0503718E-02 -7.9911776E-02 -9.8676622E-02 -0.1166468     -0.1336780    
 -0.1496326     -0.1643829     -0.1778090     -0.1898040     -0.2002707    
 -0.2091250     -0.2162949     -0.2217238     -0.2253678     -0.2271972    
  0.2742146      0.2720069      0.2676091      0.2610567      0.2524026    
  0.2417159      0.2290829      0.2146059      0.1984006      0.1805984    
  0.1613418      0.1407865      0.1190970      9.6449472E-02  7.3024698E-02
  4.9012266E-02  2.4605213E-02  0.0000000E+00 -2.4605215E-02 -4.9012266E-02
 -7.3024698E-02 -9.6449465E-02 -0.1190970     -0.1407865     -0.1613418    
 -0.1805984     -0.1984006     -0.2146059     -0.2290829     -0.2417160    
 -0.2524026     -0.2610567     -0.2676092     -0.2720069     -0.2742145    
  0.2105691      0.2088738      0.2054966      0.2004648      0.1938191    
  0.1856129      0.1759125      0.1647953      0.1523515      0.1386808    
  0.1238939      0.1081095      9.1454476E-02  7.4063279E-02  5.6075398E-02
  3.7636373E-02  1.8894278E-02  1.2772913E-10 -1.8894279E-02 -3.7636373E-02
 -5.6075398E-02 -7.4063286E-02 -9.1454476E-02 -0.1081095     -0.1238939    
 -0.1386808     -0.1523516     -0.1647953     -0.1759125     -0.1856129    
 -0.1938191     -0.2004648     -0.2054966     -0.2088738     -0.2105691    
  0.1551152      0.1538663      0.1513786      0.1476723      0.1427766    
  0.1367313      0.1295858      0.1213963      0.1122298      0.1021592    
  9.1266543E-02  7.9638690E-02  6.7369863E-02  5.4558668E-02  4.1307952E-02
  2.7724735E-02  1.3918458E-02  1.1270226E-10 -1.3918459E-02 -2.7724730E-02
 -4.1307952E-02 -5.4558668E-02 -6.7369863E-02 -7.9638690E-02 -9.1266550E-02
 -0.1021592     -0.1122298     -0.1213963     -0.1295858     -0.1367313    
 -0.1427766     -0.1476722     -0.1513786     -0.1538664     -0.1551152    
  0.1078539      0.1069856      0.1052558      0.1026785      9.9274583E-02
  9.5071368E-02  9.0102546E-02  8.4408723E-02  7.8034684E-02  7.1032763E-02
  6.3458942E-02  5.5374075E-02  4.6843179E-02  3.7935395E-02  2.8722055E-02
  1.9277455E-02  9.6776718E-03  4.8837451E-11 -9.6776718E-03 -1.9277455E-02
 -2.8722050E-02 -3.7935391E-02 -4.6843182E-02 -5.5374071E-02 -6.3458934E-02
 -7.1032770E-02 -7.8034692E-02 -8.4408708E-02 -9.0102538E-02 -9.5071346E-02
 -9.9274583E-02 -0.1026786     -0.1052558     -0.1069856     -0.1078539    
  6.8784945E-02  6.8231128E-02  6.7127913E-02  6.5484278E-02  6.3313447E-02
  6.0632728E-02  5.7463836E-02  5.3832565E-02  4.9767487E-02  4.5301937E-02
  4.0471572E-02  3.5315257E-02  2.9874736E-02  2.4193617E-02  1.8317746E-02
  1.2294378E-02  6.1720414E-03  8.2648346E-11 -6.1720428E-03 -1.2294376E-02
 -1.8317740E-02 -2.4193620E-02 -2.9874733E-02 -3.5315253E-02 -4.0471572E-02
 -4.5301951E-02 -4.9767487E-02 -5.3832565E-02 -5.7463847E-02 -6.0632728E-02
 -6.3313462E-02 -6.5484278E-02 -6.7127898E-02 -6.8231113E-02 -6.8784960E-02
  3.7907995E-02  3.7602659E-02  3.6994807E-02  3.6088917E-02  3.4892499E-02
  3.3415161E-02  3.1668905E-02  2.9667484E-02  2.7427254E-02  2.4966277E-02
  2.2304229E-02  1.9462578E-02  1.6464254E-02  1.3333350E-02  1.0095130E-02
  6.7755282E-03  3.4014722E-03 -3.3810687E-11 -3.4014718E-03 -6.7755268E-03
 -1.0095128E-02 -1.3333348E-02 -1.6464254E-02 -1.9462574E-02 -2.2304228E-02
 -2.4966285E-02 -2.7427260E-02 -2.9667478E-02 -3.1668898E-02 -3.3415161E-02
 -3.4892499E-02 -3.6088921E-02 -3.6994807E-02 -3.7602656E-02 -3.7907988E-02
  1.5223405E-02  1.5100847E-02  1.4856738E-02  1.4492869E-02  1.4012472E-02
  1.3419211E-02  1.2717917E-02  1.1914153E-02  1.1014502E-02  1.0026176E-02
  8.9571122E-03  7.8159468E-03  6.6118836E-03  5.3544822E-03  4.0541147E-03
  2.7209308E-03  1.3659877E-03  0.0000000E+00 -1.3659884E-03 -2.7209292E-03
 -4.0541166E-03 -5.3544813E-03 -6.6118860E-03 -7.8159524E-03 -8.9571178E-03
 -1.0026176E-02 -1.1014498E-02 -1.1914153E-02 -1.2717915E-02 -1.3419216E-02
 -1.4012483E-02 -1.4492863E-02 -1.4856734E-02 -1.5100851E-02 -1.5223404E-02
  7.3107961E-04  7.2519277E-04  7.1346475E-04  6.9600262E-04  6.7292881E-04
  6.4443424E-04  6.1075040E-04  5.7216123E-04  5.2895234E-04  4.8149293E-04
  4.3014478E-04  3.7534771E-04  3.1752308E-04  2.5714491E-04  1.9469782E-04
  1.3065290E-04  6.5608103E-05  0.0000000E+00 -6.5608736E-05 -1.3065230E-04
 -1.9469860E-04 -2.5714649E-04 -3.1752622E-04 -3.7534692E-04 -4.3014323E-04
 -4.8149293E-04 -5.2895234E-04 -5.7216204E-04 -6.1075040E-04 -6.4442708E-04
 -6.7292259E-04 -6.9600262E-04 -7.1346789E-04 -7.2519435E-04 -7.3107652E-04
 -5.5690059E-03 -5.5241687E-03 -5.4348581E-03 -5.3017647E-03 -5.1260199E-03
 -4.9089924E-03 -4.6524317E-03 -4.3584006E-03 -4.0293131E-03 -3.6677488E-03
 -3.2766899E-03 -2.8592171E-03 -2.4187330E-03 -1.9587865E-03 -1.4830508E-03
 -9.9539175E-04 -4.9969309E-04  2.8175517E-12  4.9969309E-04  9.9539163E-04
  1.4830518E-03  1.9587865E-03  2.4187325E-03  2.8592139E-03  3.2766918E-03
  3.6677537E-03  4.0293145E-03  4.3583973E-03  4.6524368E-03  4.9089952E-03
  5.1260195E-03  5.3017703E-03  5.4348563E-03  5.5241692E-03  5.5690059E-03
 -3.6768366E-03 -3.6472355E-03 -3.5882655E-03 -3.5003896E-03 -3.3843643E-03
 -3.2410724E-03 -3.0716853E-03 -2.8775567E-03 -2.6602852E-03 -2.4215588E-03
 -2.1633783E-03 -1.8877498E-03 -1.5969187E-03 -1.2932610E-03 -9.7915821E-04
 -6.5717514E-04 -3.2992332E-04  0.0000000E+00  3.2992332E-04  6.5717514E-04
  9.7915821E-04  1.2932610E-03  1.5969187E-03  1.8877498E-03  2.1633783E-03
  2.4215588E-03  2.6602852E-03  2.8775567E-03  3.0716853E-03  3.2410724E-03
  3.3843643E-03  3.5003896E-03  3.5882655E-03  3.6472359E-03  3.6768366E-03
  0.3606823      0.3577779      0.3519931      0.3433740      0.3319913    
  0.3179344      0.3013186      0.2822771      0.2609623      0.2375463    
  0.2122170      0.1851799      0.1566524      0.1268620      9.6051648E-02
  6.4467192E-02  3.2363754E-02  0.0000000E+00 -3.2363757E-02 -6.4467192E-02
 -9.6051648E-02 -0.1268620     -0.1566524     -0.1851799     -0.2122170    
 -0.2375463     -0.2609623     -0.2822771     -0.3013186     -0.3179345    
 -0.3319913     -0.3433740     -0.3519931     -0.3577780     -0.3606823    
  0.3301205      0.3274626      0.3221685      0.3142794      0.3038616    
  0.2909964      0.2757879      0.2583590      0.2388507      0.2174185    
  0.1942357      0.1694892      0.1433788      0.1161130      8.7912470E-02
  5.9005044E-02  2.9621391E-02  9.7362805E-11 -2.9621391E-02 -5.9005048E-02
 -8.7912470E-02 -0.1161130     -0.1433788     -0.1694892     -0.1942357    
 -0.2174185     -0.2388507     -0.2583590     -0.2757879     -0.2909965    
 -0.3038616     -0.3142794     -0.3221685     -0.3274626     -0.3301205    
  0.3004744      0.2980554      0.2932366      0.2860559      0.2765729    
  0.2648636      0.2510206      0.2351571      0.2173998      0.1978928    
  0.1767924      0.1542686      0.1305025      0.1056859      8.0017738E-02
  5.3705998E-02  2.6961461E-02  9.5483177E-11 -2.6961461E-02 -5.3705998E-02
 -8.0017745E-02 -0.1056859     -0.1305025     -0.1542686     -0.1767924    
 -0.1978928     -0.2173999     -0.2351571     -0.2510206     -0.2648636    
 -0.2765729     -0.2860559     -0.2932366     -0.2980554     -0.3004743    
  0.2717444      0.2695567      0.2651982      0.2587049      0.2501281    
  0.2395374      0.2270188      0.2126732      0.1966139      0.1789715    
  0.1598885      0.1395180      0.1180242      9.5580123E-02  7.2366960E-02
  4.8570637E-02  2.4383670E-02  0.0000000E+00 -2.4383673E-02 -4.8570637E-02
 -7.2366968E-02 -9.5580131E-02 -0.1180242     -0.1395180     -0.1598885    
 -0.1789715     -0.1966139     -0.2126732     -0.2270188     -0.2395374    
 -0.2501281     -0.2587049     -0.2651982     -0.2695566     -0.2717444    
  0.3562177      0.3533492      0.3476361      0.3391244      0.3278823    
  0.3139998      0.2975890      0.2787823      0.2577315      0.2346048    
  0.2095902      0.1828875      0.1547129      0.1252922      9.4862528E-02
  6.3669138E-02  3.1963270E-02 -2.1110702E-10 -3.1963270E-02 -6.3669138E-02
 -9.4862513E-02 -0.1252922     -0.1547129     -0.1828875     -0.2095902    
 -0.2346049     -0.2577315     -0.2787823     -0.2975890     -0.3139998    
 -0.3278823     -0.3391244     -0.3476361     -0.3533492     -0.3562178    
  0.3102908      0.3077926      0.3028162      0.2954014      0.2856084    
  0.2735161      0.2592215      0.2428397      0.2245029      0.2043580    
  0.1825689      0.1593086      0.1347657      0.1091382      8.2632288E-02
  5.5460304E-02  2.7842386E-02  1.0044073E-10 -2.7842386E-02 -5.5460304E-02
 -8.2632288E-02 -0.1091382     -0.1347657     -0.1593086     -0.1825688    
 -0.2043580     -0.2245029     -0.2428397     -0.2592215     -0.2735161    
 -0.2856085     -0.2954014     -0.3028162     -0.3077926     -0.3102908    
  0.2672845      0.2651326      0.2608460      0.2544591      0.2460236    
  0.2356067      0.2232932      0.2091820      0.1933867      0.1760336    
  0.1572639      0.1372282      0.1160873      9.4011359E-02  7.1179524E-02
  4.7773533E-02  2.3983458E-02  1.9065477E-10 -2.3983458E-02 -4.7773536E-02
 -7.1179509E-02 -9.4011366E-02 -0.1160872     -0.1372282     -0.1572639    
 -0.1760336     -0.1933867     -0.2091820     -0.2232932     -0.2356067    
 -0.2460236     -0.2544591     -0.2608460     -0.2651326     -0.2672845    
  0.2271972      0.2253678      0.2217238      0.2162949      0.2091250    
  0.2002707      0.1898040      0.1778090      0.1643829      0.1496326    
  0.1336780      0.1166469      9.8676622E-02  7.9911761E-02  6.0503725E-02
  4.0608384E-02  2.0386446E-02  0.0000000E+00 -2.0386448E-02 -4.0608376E-02
 -6.0503718E-02 -7.9911776E-02 -9.8676622E-02 -0.1166468     -0.1336780    
 -0.1496326     -0.1643829     -0.1778090     -0.1898040     -0.2002707    
 -0.2091250     -0.2162949     -0.2217238     -0.2253678     -0.2271972    
  0.2742146      0.2720069      0.2676091      0.2610567      0.2524026    
  0.2417159      0.2290829      0.2146059      0.1984006      0.1805984    
  0.1613418      0.1407865      0.1190970      9.6449472E-02  7.3024698E-02
  4.9012266E-02  2.4605213E-02  0.0000000E+00 -2.4605215E-02 -4.9012266E-02
 -7.3024698E-02 -9.6449465E-02 -0.1190970     -0.1407865     -0.1613418    
 -0.1805984     -0.1984006     -0.2146059     -0.2290829     -0.2417160    
 -0.2524026     -0.2610567     -0.2676092     -0.2720069     -0.2742145    
  0.2105691      0.2088738      0.2054966      0.2004648      0.1938191    
  0.1856129      0.1759125      0.1647953      0.1523515      0.1386808    
  0.1238939      0.1081095      9.1454476E-02  7.4063279E-02  5.6075398E-02
  3.7636373E-02  1.8894278E-02  1.2772913E-10 -1.8894279E-02 -3.7636373E-02
 -5.6075398E-02 -7.4063286E-02 -9.1454476E-02 -0.1081095     -0.1238939    
 -0.1386808     -0.1523516     -0.1647953     -0.1759125     -0.1856129    
 -0.1938191     -0.2004648     -0.2054966     -0.2088738     -0.2105691    
  0.1551152      0.1538663      0.1513786      0.1476723      0.1427766    
  0.1367313      0.1295858      0.1213963      0.1122298      0.1021592    
  9.1266543E-02  7.9638690E-02  6.7369863E-02  5.4558668E-02  4.1307952E-02
  2.7724735E-02  1.3918458E-02  1.1270226E-10 -1.3918459E-02 -2.7724730E-02
 -4.1307952E-02 -5.4558668E-02 -6.7369863E-02 -7.9638690E-02 -9.1266550E-02
 -0.1021592     -0.1122298     -0.1213963     -0.1295858     -0.1367313    
 -0.1427766     -0.1476722     -0.1513786     -0.1538664     -0.1551152    
  0.1078539      0.1069856      0.1052558      0.1026785      9.9274583E-02
  9.5071368E-02  9.0102546E-02  8.4408723E-02  7.8034684E-02  7.1032763E-02
  6.3458942E-02  5.5374075E-02  4.6843179E-02  3.7935395E-02  2.8722055E-02
  1.9277455E-02  9.6776718E-03  4.8837451E-11 -9.6776718E-03 -1.9277455E-02
 -2.8722050E-02 -3.7935391E-02 -4.6843182E-02 -5.5374071E-02 -6.3458934E-02
 -7.1032770E-02 -7.8034692E-02 -8.4408708E-02 -9.0102538E-02 -9.5071346E-02
 -9.9274583E-02 -0.1026786     -0.1052558     -0.1069856     -0.1078539    
  6.8784945E-02  6.8231128E-02  6.7127913E-02  6.5484278E-02  6.3313447E-02
  6.0632728E-02  5.7463836E-02  5.3832565E-02  4.9767487E-02  4.5301937E-02
  4.0471572E-02  3.5315257E-02  2.9874736E-02  2.4193617E-02  1.8317746E-02
  1.2294378E-02  6.1720414E-03  8.2648346E-11 -6.1720428E-03 -1.2294376E-02
 -1.8317740E-02 -2.4193620E-02 -2.9874733E-02 -3.5315253E-02 -4.0471572E-02
 -4.5301951E-02 -4.9767487E-02 -5.3832565E-02 -5.7463847E-02 -6.0632728E-02
 -6.3313462E-02 -6.5484278E-02 -6.7127898E-02 -6.8231113E-02 -6.8784960E-02
  3.7907995E-02  3.7602659E-02  3.6994807E-02  3.6088917E-02  3.4892499E-02
  3.3415161E-02  3.1668905E-02  2.9667484E-02  2.7427254E-02  2.4966277E-02
  2.2304229E-02  1.9462578E-02  1.6464254E-02  1.3333350E-02  1.0095130E-02
  6.7755282E-03  3.4014722E-03 -3.3810687E-11 -3.4014718E-03 -6.7755268E-03
 -1.0095128E-02 -1.3333348E-02 -1.6464254E-02 -1.9462574E-02 -2.2304228E-02
 -2.4966285E-02 -2.7427260E-02 -2.9667478E-02 -3.1668898E-02 -3.3415161E-02
 -3.4892499E-02 -3.6088921E-02 -3.6994807E-02 -3.7602656E-02 -3.7907988E-02
  1.5223405E-02  1.5100847E-02  1.4856738E-02  1.4492869E-02  1.4012472E-02
  1.3419211E-02  1.2717917E-02  1.1914153E-02  1.1014502E-02  1.0026176E-02
  8.9571122E-03  7.8159468E-03  6.6118836E-03  5.3544822E-03  4.0541147E-03
  2.7209308E-03  1.3659877E-03  0.0000000E+00 -1.3659884E-03 -2.7209292E-03
 -4.0541166E-03 -5.3544813E-03 -6.6118860E-03 -7.8159524E-03 -8.9571178E-03
 -1.0026176E-02 -1.1014498E-02 -1.1914153E-02 -1.2717915E-02 -1.3419216E-02
 -1.4012483E-02 -1.4492863E-02 -1.4856734E-02 -1.5100851E-02 -1.5223404E-02
  7.3107961E-04  7.2519277E-04  7.1346475E-04  6.9600262E-04  6.7292881E-04
  6.4443424E-04  6.1075040E-04  5.7216123E-04  5.2895234E-04  4.8149293E-04
  4.3014478E-04  3.7534771E-04  3.1752308E-04  2.5714491E-04  1.9469782E-04
  1.3065290E-04  6.5608103E-05  0.0000000E+00 -6.5608736E-05 -1.3065230E-04
 -1.9469860E-04 -2.5714649E-04 -3.1752622E-04 -3.7534692E-04 -4.3014323E-04
 -4.8149293E-04 -5.2895234E-04 -5.7216204E-04 -6.1075040E-04 -6.4442708E-04
 -6.7292259E-04 -6.9600262E-04 -7.1346789E-04 -7.2519435E-04 -7.3107652E-04
 -5.5690059E-03 -5.5241687E-03 -5.4348581E-03 -5.3017647E-03 -5.1260199E-03
 -4.9089924E-03 -4.6524317E-03 -4.3584006E-03 -4.0293131E-03 -3.6677488E-03
 -3.2766899E-03 -2.8592171E-03 -2.4187330E-03 -1.9587865E-03 -1.4830508E-03
 -9.9539175E-04 -4.9969309E-04  2.8175517E-12  4.9969309E-04  9.9539163E-04
  1.4830518E-03  1.9587865E-03  2.4187325E-03  2.8592139E-03  3.2766918E-03
  3.6677537E-03  4.0293145E-03  4.3583973E-03  4.6524368E-03  4.9089952E-03
  5.1260195E-03  5.3017703E-03  5.4348563E-03  5.5241692E-03  5.5690059E-03
 -3.6768366E-03 -3.6472355E-03 -3.5882655E-03 -3.5003896E-03 -3.3843643E-03
 -3.2410724E-03 -3.0716853E-03 -2.8775567E-03 -2.6602852E-03 -2.4215588E-03
 -2.1633783E-03 -1.8877498E-03 -1.5969187E-03 -1.2932610E-03 -9.7915821E-04
 -6.5717514E-04 -3.2992332E-04  0.0000000E+00  3.2992332E-04  6.5717514E-04
  9.7915821E-04  1.2932610E-03  1.5969187E-03  1.8877498E-03  2.1633783E-03
  2.4215588E-03  2.6602852E-03  2.8775567E-03  3.0716853E-03  3.2410724E-03
  3.3843643E-03  3.5003896E-03  3.5882655E-03  3.6472359E-03  3.6768366E-03
