                    2          1
             1               0.0898151               0.0057663              -0.0010000
             2               0.0910107               0.0058431               0.0000000
             3               0.0900000               0.0000000              -0.0010000
             4               0.0911980               0.0000000               0.0000000
             5               0.0892611               0.0115089              -0.0010000
             6               0.0904493               0.0116621               0.0000000
             7               0.0898151               0.0057663              -0.0010000
             8               0.0910107               0.0058431               0.0000000
             9               0.0883403               0.0172043              -0.0010000
            10               0.0895163               0.0174333               0.0000000
            11               0.0892611               0.0115089              -0.0010000
            12               0.0904493               0.0116621               0.0000000
            13               0.0870565               0.0228289              -0.0010000
            14               0.0882154               0.0231328               0.0000000
            15               0.0883403               0.0172043              -0.0010000
            16               0.0895163               0.0174333               0.0000000
            17               0.0854150               0.0283597              -0.0010000
            18               0.0865520               0.0287373               0.0000000
            19               0.0870565               0.0228289              -0.0010000
            20               0.0882154               0.0231328               0.0000000
            21               0.0834225               0.0337740              -0.0010000
            22               0.0845330               0.0342236               0.0000000
            23               0.0854150               0.0283597              -0.0010000
            24               0.0865520               0.0287373               0.0000000
            25               0.0810872               0.0390495              -0.0010000
            26               0.0821666               0.0395693               0.0000000
            27               0.0834225               0.0337740              -0.0010000
            28               0.0845330               0.0342236               0.0000000
            29               0.0784187               0.0441646              -0.0010000
            30               0.0794626               0.0447525               0.0000000
            31               0.0810872               0.0390495              -0.0010000
            32               0.0821666               0.0395693               0.0000000
            33               0.0754279               0.0490981              -0.0010000
            34               0.0764320               0.0497517               0.0000000
            35               0.0784187               0.0441646              -0.0010000
            36               0.0794626               0.0447525               0.0000000
            37               0.0721272               0.0538299              -0.0010000
            38               0.0730874               0.0545465               0.0000000
            39               0.0754279               0.0490981              -0.0010000
            40               0.0764320               0.0497517               0.0000000
            41               0.0685301               0.0583406              -0.0010000
            42               0.0694424               0.0591172               0.0000000
            43               0.0721272               0.0538299              -0.0010000
            44               0.0730874               0.0545465               0.0000000
            45               0.0646514               0.0626114              -0.0010000
            46               0.0655120               0.0634449               0.0000000
            47               0.0685301               0.0583406              -0.0010000
            48               0.0694424               0.0591172               0.0000000
            49               0.0605071               0.0666250              -0.0010000
            50               0.0613125               0.0675119               0.0000000
            51               0.0646514               0.0626114              -0.0010000
            52               0.0655120               0.0634449               0.0000000
            53               0.0561141               0.0703648              -0.0010000
            54               0.0568610               0.0713015               0.0000000
            55               0.0605071               0.0666250              -0.0010000
            56               0.0613125               0.0675119               0.0000000
            57               0.0514905               0.0738155              -0.0010000
            58               0.0521759               0.0747981               0.0000000
            59               0.0561141               0.0703648              -0.0010000
            60               0.0568610               0.0713015               0.0000000
            61               0.0466553               0.0769629              -0.0010000
            62               0.0472764               0.0779873               0.0000000
            63               0.0514905               0.0738155              -0.0010000
            64               0.0521759               0.0747981               0.0000000
            65               0.0416285               0.0797939              -0.0010000
            66               0.0421826               0.0808561               0.0000000
            67               0.0466553               0.0769629              -0.0010000
            68               0.0472764               0.0779873               0.0000000
            69               0.0364305               0.0822971              -0.0010000
            70               0.0369154               0.0833926               0.0000000
            71               0.0416285               0.0797939              -0.0010000
            72               0.0421826               0.0808561               0.0000000
            73               0.0310828               0.0844622              -0.0010000
            74               0.0314966               0.0855865               0.0000000
            75               0.0364305               0.0822971              -0.0010000
            76               0.0369154               0.0833926               0.0000000
            77               0.0256075               0.0862801              -0.0010000
            78               0.0259484               0.0874286               0.0000000
            79               0.0310828               0.0844622              -0.0010000
            80               0.0314966               0.0855865               0.0000000
            81               0.0200269               0.0877435              -0.0010000
            82               0.0202935               0.0889115               0.0000000
            83               0.0256075               0.0862801              -0.0010000
            84               0.0259484               0.0874286               0.0000000
            85               0.0143640               0.0888464              -0.0010000
            86               0.0145552               0.0900290               0.0000000
            87               0.0200269               0.0877435              -0.0010000
            88               0.0202935               0.0889115               0.0000000
            89               0.0086421               0.0895841              -0.0010000
            90               0.0087571               0.0907766               0.0000000
            91               0.0143640               0.0888464              -0.0010000
            92               0.0145552               0.0900290               0.0000000
            93               0.0028846               0.0899538              -0.0010000
            94               0.0029230               0.0911512               0.0000000
            95               0.0086421               0.0895841              -0.0010000
            96               0.0087571               0.0907766               0.0000000
            97              -0.0028846               0.0899538              -0.0010000
            98              -0.0029230               0.0911512               0.0000000
            99               0.0028846               0.0899538              -0.0010000
           100               0.0029230               0.0911512               0.0000000
           101              -0.0086421               0.0895841              -0.0010000
           102              -0.0087571               0.0907766               0.0000000
           103              -0.0028846               0.0899538              -0.0010000
           104              -0.0029230               0.0911512               0.0000000
           105              -0.0143640               0.0888464              -0.0010000
           106              -0.0145552               0.0900290               0.0000000
           107              -0.0086421               0.0895841              -0.0010000
           108              -0.0087571               0.0907766               0.0000000
           109              -0.0200269               0.0877435              -0.0010000
           110              -0.0202935               0.0889115               0.0000000
           111              -0.0143640               0.0888464              -0.0010000
           112              -0.0145552               0.0900290               0.0000000
           113              -0.0256075               0.0862801              -0.0010000
           114              -0.0259484               0.0874286               0.0000000
           115              -0.0200269               0.0877435              -0.0010000
           116              -0.0202935               0.0889115               0.0000000
           117              -0.0310828               0.0844622              -0.0010000
           118              -0.0314966               0.0855865               0.0000000
           119              -0.0256075               0.0862801              -0.0010000
           120              -0.0259484               0.0874286               0.0000000
           121              -0.0364305               0.0822971              -0.0010000
           122              -0.0369154               0.0833926               0.0000000
           123              -0.0310828               0.0844622              -0.0010000
           124              -0.0314966               0.0855865               0.0000000
           125              -0.0416285               0.0797939              -0.0010000
           126              -0.0421826               0.0808561               0.0000000
           127              -0.0364305               0.0822971              -0.0010000
           128              -0.0369154               0.0833926               0.0000000
           129              -0.0466553               0.0769629              -0.0010000
           130              -0.0472764               0.0779873               0.0000000
           131              -0.0416285               0.0797939              -0.0010000
           132              -0.0421826               0.0808561               0.0000000
           133              -0.0514905               0.0738155              -0.0010000
           134              -0.0521759               0.0747981               0.0000000
           135              -0.0466553               0.0769629              -0.0010000
           136              -0.0472764               0.0779873               0.0000000
           137              -0.0561141               0.0703648              -0.0010000
           138              -0.0568610               0.0713015               0.0000000
           139              -0.0514905               0.0738155              -0.0010000
           140              -0.0521759               0.0747981               0.0000000
           141              -0.0605071               0.0666250              -0.0010000
           142              -0.0613125               0.0675119               0.0000000
           143              -0.0561141               0.0703648              -0.0010000
           144              -0.0568610               0.0713015               0.0000000
           145              -0.0646514               0.0626114              -0.0010000
           146              -0.0655120               0.0634449               0.0000000
           147              -0.0605071               0.0666250              -0.0010000
           148              -0.0613125               0.0675119               0.0000000
           149              -0.0685301               0.0583406              -0.0010000
           150              -0.0694424               0.0591172               0.0000000
           151              -0.0646514               0.0626114              -0.0010000
           152              -0.0655120               0.0634449               0.0000000
           153              -0.0721272               0.0538299              -0.0010000
           154              -0.0730874               0.0545465               0.0000000
           155              -0.0685301               0.0583406              -0.0010000
           156              -0.0694424               0.0591172               0.0000000
           157              -0.0754279               0.0490981              -0.0010000
           158              -0.0764320               0.0497517               0.0000000
           159              -0.0721272               0.0538299              -0.0010000
           160              -0.0730874               0.0545465               0.0000000
           161              -0.0784187               0.0441646              -0.0010000
           162              -0.0794626               0.0447525               0.0000000
           163              -0.0754279               0.0490981              -0.0010000
           164              -0.0764320               0.0497517               0.0000000
           165              -0.0810872               0.0390495              -0.0010000
           166              -0.0821666               0.0395693               0.0000000
           167              -0.0784187               0.0441646              -0.0010000
           168              -0.0794626               0.0447525               0.0000000
           169              -0.0834225               0.0337740              -0.0010000
           170              -0.0845330               0.0342236               0.0000000
           171              -0.0810872               0.0390495              -0.0010000
           172              -0.0821666               0.0395693               0.0000000
           173              -0.0854150               0.0283597              -0.0010000
           174              -0.0865520               0.0287373               0.0000000
           175              -0.0834225               0.0337740              -0.0010000
           176              -0.0845330               0.0342236               0.0000000
           177              -0.0870565               0.0228289              -0.0010000
           178              -0.0882154               0.0231328               0.0000000
           179              -0.0854150               0.0283597              -0.0010000
           180              -0.0865520               0.0287373               0.0000000
           181              -0.0883403               0.0172043              -0.0010000
           182              -0.0895163               0.0174333               0.0000000
           183              -0.0870565               0.0228289              -0.0010000
           184              -0.0882154               0.0231328               0.0000000
           185              -0.0892611               0.0115089              -0.0010000
           186              -0.0904493               0.0116621               0.0000000
           187              -0.0883403               0.0172043              -0.0010000
           188              -0.0895163               0.0174333               0.0000000
           189              -0.0898151               0.0057663              -0.0010000
           190              -0.0910107               0.0058431               0.0000000
           191              -0.0892611               0.0115089              -0.0010000
           192              -0.0904493               0.0116621               0.0000000
           193              -0.0900000               0.0000000              -0.0010000
           194              -0.0911980               0.0000000               0.0000000
           195              -0.0898151               0.0057663              -0.0010000
           196              -0.0910107               0.0058431               0.0000000
           197               0.0746794               0.0047946              -0.0110000
           198               0.0898151               0.0057663              -0.0010000
           199               0.0748331               0.0000000              -0.0110000
           200               0.0900000               0.0000000              -0.0010000
           201               0.0742188               0.0095695              -0.0110000
           202               0.0892611               0.0115089              -0.0010000
           203               0.0746794               0.0047946              -0.0110000
           204               0.0898151               0.0057663              -0.0010000
           205               0.0734532               0.0143050              -0.0110000
           206               0.0883403               0.0172043              -0.0010000
           207               0.0742188               0.0095695              -0.0110000
           208               0.0892611               0.0115089              -0.0010000
           209               0.0723857               0.0189818              -0.0110000
           210               0.0870565               0.0228289              -0.0010000
           211               0.0734532               0.0143050              -0.0110000
           212               0.0883403               0.0172043              -0.0010000
           213               0.0710208               0.0235805              -0.0110000
           214               0.0854150               0.0283597              -0.0010000
           215               0.0723857               0.0189818              -0.0110000
           216               0.0870565               0.0228289              -0.0010000
           217               0.0693641               0.0280824              -0.0110000
           218               0.0834225               0.0337740              -0.0010000
           219               0.0710208               0.0235805              -0.0110000
           220               0.0854150               0.0283597              -0.0010000
           221               0.0674223               0.0324689              -0.0110000
           222               0.0810872               0.0390495              -0.0010000
           223               0.0693641               0.0280824              -0.0110000
           224               0.0834225               0.0337740              -0.0010000
           225               0.0652035               0.0367219              -0.0110000
           226               0.0784187               0.0441646              -0.0010000
           227               0.0674223               0.0324689              -0.0110000
           228               0.0810872               0.0390495              -0.0010000
           229               0.0627168               0.0408241              -0.0110000
           230               0.0754279               0.0490981              -0.0010000
           231               0.0652035               0.0367219              -0.0110000
           232               0.0784187               0.0441646              -0.0010000
           233               0.0599723               0.0447585              -0.0110000
           234               0.0721272               0.0538299              -0.0010000
           235               0.0627168               0.0408241              -0.0110000
           236               0.0754279               0.0490981              -0.0010000
           237               0.0569814               0.0485090              -0.0110000
           238               0.0685301               0.0583406              -0.0010000
           239               0.0599723               0.0447585              -0.0110000
           240               0.0721272               0.0538299              -0.0010000
           241               0.0537563               0.0520601              -0.0110000
           242               0.0646514               0.0626114              -0.0010000
           243               0.0569814               0.0485090              -0.0110000
           244               0.0685301               0.0583406              -0.0010000
           245               0.0503104               0.0553973              -0.0110000
           246               0.0605071               0.0666250              -0.0010000
           247               0.0537563               0.0520601              -0.0110000
           248               0.0646514               0.0626114              -0.0010000
           249               0.0466577               0.0585069              -0.0110000
           250               0.0561141               0.0703648              -0.0010000
           251               0.0503104               0.0553973              -0.0110000
           252               0.0605071               0.0666250              -0.0010000
           253               0.0428133               0.0613761              -0.0110000
           254               0.0514905               0.0738155              -0.0010000
           255               0.0466577               0.0585069              -0.0110000
           256               0.0561141               0.0703648              -0.0010000
           257               0.0387929               0.0639930              -0.0110000
           258               0.0466553               0.0769629              -0.0010000
           259               0.0428133               0.0613761              -0.0110000
           260               0.0514905               0.0738155              -0.0010000
           261               0.0346132               0.0663470              -0.0110000
           262               0.0416285               0.0797939              -0.0010000
           263               0.0387929               0.0639930              -0.0110000
           264               0.0466553               0.0769629              -0.0010000
           265               0.0302912               0.0684284              -0.0110000
           266               0.0364305               0.0822971              -0.0010000
           267               0.0346132               0.0663470              -0.0110000
           268               0.0416285               0.0797939              -0.0010000
           269               0.0258448               0.0702285              -0.0110000
           270               0.0310828               0.0844622              -0.0010000
           271               0.0302912               0.0684284              -0.0110000
           272               0.0364305               0.0822971              -0.0010000
           273               0.0212921               0.0717401              -0.0110000
           274               0.0256075               0.0862801              -0.0010000
           275               0.0258448               0.0702285              -0.0110000
           276               0.0310828               0.0844622              -0.0010000
           277               0.0166519               0.0729569              -0.0110000
           278               0.0200269               0.0877435              -0.0010000
           279               0.0212921               0.0717401              -0.0110000
           280               0.0256075               0.0862801              -0.0010000
           281               0.0119434               0.0738739              -0.0110000
           282               0.0143640               0.0888464              -0.0010000
           283               0.0166519               0.0729569              -0.0110000
           284               0.0200269               0.0877435              -0.0010000
           285               0.0071857               0.0744874              -0.0110000
           286               0.0086421               0.0895841              -0.0010000
           287               0.0119434               0.0738739              -0.0110000
           288               0.0143640               0.0888464              -0.0010000
           289               0.0023985               0.0747947              -0.0110000
           290               0.0028846               0.0899538              -0.0010000
           291               0.0071857               0.0744874              -0.0110000
           292               0.0086421               0.0895841              -0.0010000
           293              -0.0023985               0.0747947              -0.0110000
           294              -0.0028846               0.0899538              -0.0010000
           295               0.0023985               0.0747947              -0.0110000
           296               0.0028846               0.0899538              -0.0010000
           297              -0.0071857               0.0744874              -0.0110000
           298              -0.0086421               0.0895841              -0.0010000
           299              -0.0023985               0.0747947              -0.0110000
           300              -0.0028846               0.0899538              -0.0010000
           301              -0.0119434               0.0738739              -0.0110000
           302              -0.0143640               0.0888464              -0.0010000
           303              -0.0071857               0.0744874              -0.0110000
           304              -0.0086421               0.0895841              -0.0010000
           305              -0.0166519               0.0729569              -0.0110000
           306              -0.0200269               0.0877435              -0.0010000
           307              -0.0119434               0.0738739              -0.0110000
           308              -0.0143640               0.0888464              -0.0010000
           309              -0.0212921               0.0717401              -0.0110000
           310              -0.0256075               0.0862801              -0.0010000
           311              -0.0166519               0.0729569              -0.0110000
           312              -0.0200269               0.0877435              -0.0010000
           313              -0.0258448               0.0702285              -0.0110000
           314              -0.0310828               0.0844622              -0.0010000
           315              -0.0212921               0.0717401              -0.0110000
           316              -0.0256075               0.0862801              -0.0010000
           317              -0.0302912               0.0684284              -0.0110000
           318              -0.0364305               0.0822971              -0.0010000
           319              -0.0258448               0.0702285              -0.0110000
           320              -0.0310828               0.0844622              -0.0010000
           321              -0.0346132               0.0663470              -0.0110000
           322              -0.0416285               0.0797939              -0.0010000
           323              -0.0302912               0.0684284              -0.0110000
           324              -0.0364305               0.0822971              -0.0010000
           325              -0.0387929               0.0639930              -0.0110000
           326              -0.0466553               0.0769629              -0.0010000
           327              -0.0346132               0.0663470              -0.0110000
           328              -0.0416285               0.0797939              -0.0010000
           329              -0.0428133               0.0613761              -0.0110000
           330              -0.0514905               0.0738155              -0.0010000
           331              -0.0387929               0.0639930              -0.0110000
           332              -0.0466553               0.0769629              -0.0010000
           333              -0.0466577               0.0585069              -0.0110000
           334              -0.0561141               0.0703648              -0.0010000
           335              -0.0428133               0.0613761              -0.0110000
           336              -0.0514905               0.0738155              -0.0010000
           337              -0.0503104               0.0553973              -0.0110000
           338              -0.0605071               0.0666250              -0.0010000
           339              -0.0466577               0.0585069              -0.0110000
           340              -0.0561141               0.0703648              -0.0010000
           341              -0.0537563               0.0520601              -0.0110000
           342              -0.0646514               0.0626114              -0.0010000
           343              -0.0503104               0.0553973              -0.0110000
           344              -0.0605071               0.0666250              -0.0010000
           345              -0.0569814               0.0485090              -0.0110000
           346              -0.0685301               0.0583406              -0.0010000
           347              -0.0537563               0.0520601              -0.0110000
           348              -0.0646514               0.0626114              -0.0010000
           349              -0.0599723               0.0447585              -0.0110000
           350              -0.0721272               0.0538299              -0.0010000
           351              -0.0569814               0.0485090              -0.0110000
           352              -0.0685301               0.0583406              -0.0010000
           353              -0.0627168               0.0408241              -0.0110000
           354              -0.0754279               0.0490981              -0.0010000
           355              -0.0599723               0.0447585              -0.0110000
           356              -0.0721272               0.0538299              -0.0010000
           357              -0.0652035               0.0367219              -0.0110000
           358              -0.0784187               0.0441646              -0.0010000
           359              -0.0627168               0.0408241              -0.0110000
           360              -0.0754279               0.0490981              -0.0010000
           361              -0.0674223               0.0324689              -0.0110000
           362              -0.0810872               0.0390495              -0.0010000
           363              -0.0652035               0.0367219              -0.0110000
           364              -0.0784187               0.0441646              -0.0010000
           365              -0.0693641               0.0280824              -0.0110000
           366              -0.0834225               0.0337740              -0.0010000
           367              -0.0674223               0.0324689              -0.0110000
           368              -0.0810872               0.0390495              -0.0010000
           369              -0.0710208               0.0235805              -0.0110000
           370              -0.0854150               0.0283597              -0.0010000
           371              -0.0693641               0.0280824              -0.0110000
           372              -0.0834225               0.0337740              -0.0010000
           373              -0.0723857               0.0189818              -0.0110000
           374              -0.0870565               0.0228289              -0.0010000
           375              -0.0710208               0.0235805              -0.0110000
           376              -0.0854150               0.0283597              -0.0010000
           377              -0.0734532               0.0143050              -0.0110000
           378              -0.0883403               0.0172043              -0.0010000
           379              -0.0723857               0.0189818              -0.0110000
           380              -0.0870565               0.0228289              -0.0010000
           381              -0.0742188               0.0095695              -0.0110000
           382              -0.0892611               0.0115089              -0.0010000
           383              -0.0734532               0.0143050              -0.0110000
           384              -0.0883403               0.0172043              -0.0010000
           385              -0.0746794               0.0047946              -0.0110000
           386              -0.0898151               0.0057663              -0.0010000
           387              -0.0742188               0.0095695              -0.0110000
           388              -0.0892611               0.0115089              -0.0010000
           389              -0.0748331               0.0000000              -0.0110000
           390              -0.0900000               0.0000000              -0.0010000
           391              -0.0746794               0.0047946              -0.0110000
           392              -0.0898151               0.0057663              -0.0010000
           393               0.0537410               0.0034503              -0.0210000
           394               0.0746794               0.0047946              -0.0110000
           395               0.0538516               0.0000000              -0.0210000
           396               0.0748331               0.0000000              -0.0110000
           397               0.0534095               0.0068864              -0.0210000
           398               0.0742188               0.0095695              -0.0110000
           399               0.0537410               0.0034503              -0.0210000
           400               0.0746794               0.0047946              -0.0110000
           401               0.0528586               0.0102942              -0.0210000
           402               0.0734532               0.0143050              -0.0110000
           403               0.0534095               0.0068864              -0.0210000
           404               0.0742188               0.0095695              -0.0110000
           405               0.0520904               0.0136597              -0.0210000
           406               0.0723857               0.0189818              -0.0110000
           407               0.0528586               0.0102942              -0.0210000
           408               0.0734532               0.0143050              -0.0110000
           409               0.0511082               0.0169691              -0.0210000
           410               0.0710208               0.0235805              -0.0110000
           411               0.0520904               0.0136597              -0.0210000
           412               0.0723857               0.0189818              -0.0110000
           413               0.0499160               0.0202087              -0.0210000
           414               0.0693641               0.0280824              -0.0110000
           415               0.0511082               0.0169691              -0.0210000
           416               0.0710208               0.0235805              -0.0110000
           417               0.0485187               0.0233654              -0.0210000
           418               0.0674223               0.0324689              -0.0110000
           419               0.0499160               0.0202087              -0.0210000
           420               0.0693641               0.0280824              -0.0110000
           421               0.0469219               0.0264260              -0.0210000
           422               0.0652035               0.0367219              -0.0110000
           423               0.0485187               0.0233654              -0.0210000
           424               0.0674223               0.0324689              -0.0110000
           425               0.0451324               0.0293780              -0.0210000
           426               0.0627168               0.0408241              -0.0110000
           427               0.0469219               0.0264260              -0.0210000
           428               0.0652035               0.0367219              -0.0110000
           429               0.0431574               0.0322092              -0.0210000
           430               0.0599723               0.0447585              -0.0110000
           431               0.0451324               0.0293780              -0.0210000
           432               0.0627168               0.0408241              -0.0110000
           433               0.0410051               0.0349082              -0.0210000
           434               0.0569814               0.0485090              -0.0110000
           435               0.0431574               0.0322092              -0.0210000
           436               0.0599723               0.0447585              -0.0110000
           437               0.0386843               0.0374637              -0.0210000
           438               0.0537563               0.0520601              -0.0110000
           439               0.0410051               0.0349082              -0.0210000
           440               0.0569814               0.0485090              -0.0110000
           441               0.0362045               0.0398652              -0.0210000
           442               0.0503104               0.0553973              -0.0110000
           443               0.0386843               0.0374637              -0.0210000
           444               0.0537563               0.0520601              -0.0110000
           445               0.0335759               0.0421029              -0.0210000
           446               0.0466577               0.0585069              -0.0110000
           447               0.0362045               0.0398652              -0.0210000
           448               0.0503104               0.0553973              -0.0110000
           449               0.0308094               0.0441676              -0.0210000
           450               0.0428133               0.0613761              -0.0110000
           451               0.0335759               0.0421029              -0.0210000
           452               0.0466577               0.0585069              -0.0110000
           453               0.0279163               0.0460509              -0.0210000
           454               0.0387929               0.0639930              -0.0110000
           455               0.0308094               0.0441676              -0.0210000
           456               0.0428133               0.0613761              -0.0110000
           457               0.0249084               0.0477448              -0.0210000
           458               0.0346132               0.0663470              -0.0110000
           459               0.0279163               0.0460509              -0.0210000
           460               0.0387929               0.0639930              -0.0110000
           461               0.0217982               0.0492426              -0.0210000
           462               0.0302912               0.0684284              -0.0110000
           463               0.0249084               0.0477448              -0.0210000
           464               0.0346132               0.0663470              -0.0110000
           465               0.0185985               0.0505381              -0.0210000
           466               0.0258448               0.0702285              -0.0110000
           467               0.0217982               0.0492426              -0.0210000
           468               0.0302912               0.0684284              -0.0110000
           469               0.0153223               0.0516258              -0.0210000
           470               0.0212921               0.0717401              -0.0110000
           471               0.0185985               0.0505381              -0.0210000
           472               0.0258448               0.0702285              -0.0110000
           473               0.0119831               0.0525015              -0.0210000
           474               0.0166519               0.0729569              -0.0110000
           475               0.0153223               0.0516258              -0.0210000
           476               0.0212921               0.0717401              -0.0110000
           477               0.0085947               0.0531614              -0.0210000
           478               0.0119434               0.0738739              -0.0110000
           479               0.0119831               0.0525015              -0.0210000
           480               0.0166519               0.0729569              -0.0110000
           481               0.0051710               0.0536028              -0.0210000
           482               0.0071857               0.0744874              -0.0110000
           483               0.0085947               0.0531614              -0.0210000
           484               0.0119434               0.0738739              -0.0110000
           485               0.0017260               0.0538240              -0.0210000
           486               0.0023985               0.0747947              -0.0110000
           487               0.0051710               0.0536028              -0.0210000
           488               0.0071857               0.0744874              -0.0110000
           489              -0.0017260               0.0538240              -0.0210000
           490              -0.0023985               0.0747947              -0.0110000
           491               0.0017260               0.0538240              -0.0210000
           492               0.0023985               0.0747947              -0.0110000
           493              -0.0051710               0.0536028              -0.0210000
           494              -0.0071857               0.0744874              -0.0110000
           495              -0.0017260               0.0538240              -0.0210000
           496              -0.0023985               0.0747947              -0.0110000
           497              -0.0085947               0.0531614              -0.0210000
           498              -0.0119434               0.0738739              -0.0110000
           499              -0.0051710               0.0536028              -0.0210000
           500              -0.0071857               0.0744874              -0.0110000
           501              -0.0119831               0.0525015              -0.0210000
           502              -0.0166519               0.0729569              -0.0110000
           503              -0.0085947               0.0531614              -0.0210000
           504              -0.0119434               0.0738739              -0.0110000
           505              -0.0153223               0.0516258              -0.0210000
           506              -0.0212921               0.0717401              -0.0110000
           507              -0.0119831               0.0525015              -0.0210000
           508              -0.0166519               0.0729569              -0.0110000
           509              -0.0185985               0.0505381              -0.0210000
           510              -0.0258448               0.0702285              -0.0110000
           511              -0.0153223               0.0516258              -0.0210000
           512              -0.0212921               0.0717401              -0.0110000
           513              -0.0217982               0.0492426              -0.0210000
           514              -0.0302912               0.0684284              -0.0110000
           515              -0.0185985               0.0505381              -0.0210000
           516              -0.0258448               0.0702285              -0.0110000
           517              -0.0249084               0.0477448              -0.0210000
           518              -0.0346132               0.0663470              -0.0110000
           519              -0.0217982               0.0492426              -0.0210000
           520              -0.0302912               0.0684284              -0.0110000
           521              -0.0279163               0.0460509              -0.0210000
           522              -0.0387929               0.0639930              -0.0110000
           523              -0.0249084               0.0477448              -0.0210000
           524              -0.0346132               0.0663470              -0.0110000
           525              -0.0308094               0.0441676              -0.0210000
           526              -0.0428133               0.0613761              -0.0110000
           527              -0.0279163               0.0460509              -0.0210000
           528              -0.0387929               0.0639930              -0.0110000
           529              -0.0335759               0.0421029              -0.0210000
           530              -0.0466577               0.0585069              -0.0110000
           531              -0.0308094               0.0441676              -0.0210000
           532              -0.0428133               0.0613761              -0.0110000
           533              -0.0362045               0.0398652              -0.0210000
           534              -0.0503104               0.0553973              -0.0110000
           535              -0.0335759               0.0421029              -0.0210000
           536              -0.0466577               0.0585069              -0.0110000
           537              -0.0386843               0.0374637              -0.0210000
           538              -0.0537563               0.0520601              -0.0110000
           539              -0.0362045               0.0398652              -0.0210000
           540              -0.0503104               0.0553973              -0.0110000
           541              -0.0410051               0.0349082              -0.0210000
           542              -0.0569814               0.0485090              -0.0110000
           543              -0.0386843               0.0374637              -0.0210000
           544              -0.0537563               0.0520601              -0.0110000
           545              -0.0431574               0.0322092              -0.0210000
           546              -0.0599723               0.0447585              -0.0110000
           547              -0.0410051               0.0349082              -0.0210000
           548              -0.0569814               0.0485090              -0.0110000
           549              -0.0451324               0.0293780              -0.0210000
           550              -0.0627168               0.0408241              -0.0110000
           551              -0.0431574               0.0322092              -0.0210000
           552              -0.0599723               0.0447585              -0.0110000
           553              -0.0469219               0.0264260              -0.0210000
           554              -0.0652035               0.0367219              -0.0110000
           555              -0.0451324               0.0293780              -0.0210000
           556              -0.0627168               0.0408241              -0.0110000
           557              -0.0485187               0.0233654              -0.0210000
           558              -0.0674223               0.0324689              -0.0110000
           559              -0.0469219               0.0264260              -0.0210000
           560              -0.0652035               0.0367219              -0.0110000
           561              -0.0499160               0.0202087              -0.0210000
           562              -0.0693641               0.0280824              -0.0110000
           563              -0.0485187               0.0233654              -0.0210000
           564              -0.0674223               0.0324689              -0.0110000
           565              -0.0511082               0.0169691              -0.0210000
           566              -0.0710208               0.0235805              -0.0110000
           567              -0.0499160               0.0202087              -0.0210000
           568              -0.0693641               0.0280824              -0.0110000
           569              -0.0520904               0.0136597              -0.0210000
           570              -0.0723857               0.0189818              -0.0110000
           571              -0.0511082               0.0169691              -0.0210000
           572              -0.0710208               0.0235805              -0.0110000
           573              -0.0528586               0.0102942              -0.0210000
           574              -0.0734532               0.0143050              -0.0110000
           575              -0.0520904               0.0136597              -0.0210000
           576              -0.0723857               0.0189818              -0.0110000
           577              -0.0534095               0.0068864              -0.0210000
           578              -0.0742188               0.0095695              -0.0110000
           579              -0.0528586               0.0102942              -0.0210000
           580              -0.0734532               0.0143050              -0.0110000
           581              -0.0537410               0.0034503              -0.0210000
           582              -0.0746794               0.0047946              -0.0110000
           583              -0.0534095               0.0068864              -0.0210000
           584              -0.0742188               0.0095695              -0.0110000
           585              -0.0538516               0.0000000              -0.0210000
           586              -0.0748331               0.0000000              -0.0110000
           587              -0.0537410               0.0034503              -0.0210000
           588              -0.0746794               0.0047946              -0.0110000
           589               0.0000000               0.0000000              -0.0310000
           590               0.0537410               0.0034503              -0.0210000
           591               0.0000000               0.0000000              -0.0310000
           592               0.0538516               0.0000000              -0.0210000
           593               0.0000000               0.0000000              -0.0310000
           594               0.0534095               0.0068864              -0.0210000
           595               0.0000000               0.0000000              -0.0310000
           596               0.0537410               0.0034503              -0.0210000
           597               0.0000000               0.0000000              -0.0310000
           598               0.0528586               0.0102942              -0.0210000
           599               0.0000000               0.0000000              -0.0310000
           600               0.0534095               0.0068864              -0.0210000
           601               0.0000000               0.0000000              -0.0310000
           602               0.0520904               0.0136597              -0.0210000
           603               0.0000000               0.0000000              -0.0310000
           604               0.0528586               0.0102942              -0.0210000
           605               0.0000000               0.0000000              -0.0310000
           606               0.0511082               0.0169691              -0.0210000
           607               0.0000000               0.0000000              -0.0310000
           608               0.0520904               0.0136597              -0.0210000
           609               0.0000000               0.0000000              -0.0310000
           610               0.0499160               0.0202087              -0.0210000
           611               0.0000000               0.0000000              -0.0310000
           612               0.0511082               0.0169691              -0.0210000
           613               0.0000000               0.0000000              -0.0310000
           614               0.0485187               0.0233654              -0.0210000
           615               0.0000000               0.0000000              -0.0310000
           616               0.0499160               0.0202087              -0.0210000
           617               0.0000000               0.0000000              -0.0310000
           618               0.0469219               0.0264260              -0.0210000
           619               0.0000000               0.0000000              -0.0310000
           620               0.0485187               0.0233654              -0.0210000
           621               0.0000000               0.0000000              -0.0310000
           622               0.0451324               0.0293780              -0.0210000
           623               0.0000000               0.0000000              -0.0310000
           624               0.0469219               0.0264260              -0.0210000
           625               0.0000000               0.0000000              -0.0310000
           626               0.0431574               0.0322092              -0.0210000
           627               0.0000000               0.0000000              -0.0310000
           628               0.0451324               0.0293780              -0.0210000
           629               0.0000000               0.0000000              -0.0310000
           630               0.0410051               0.0349082              -0.0210000
           631               0.0000000               0.0000000              -0.0310000
           632               0.0431574               0.0322092              -0.0210000
           633               0.0000000               0.0000000              -0.0310000
           634               0.0386843               0.0374637              -0.0210000
           635               0.0000000               0.0000000              -0.0310000
           636               0.0410051               0.0349082              -0.0210000
           637               0.0000000               0.0000000              -0.0310000
           638               0.0362045               0.0398652              -0.0210000
           639               0.0000000               0.0000000              -0.0310000
           640               0.0386843               0.0374637              -0.0210000
           641               0.0000000               0.0000000              -0.0310000
           642               0.0335759               0.0421029              -0.0210000
           643               0.0000000               0.0000000              -0.0310000
           644               0.0362045               0.0398652              -0.0210000
           645               0.0000000               0.0000000              -0.0310000
           646               0.0308094               0.0441676              -0.0210000
           647               0.0000000               0.0000000              -0.0310000
           648               0.0335759               0.0421029              -0.0210000
           649               0.0000000               0.0000000              -0.0310000
           650               0.0279163               0.0460509              -0.0210000
           651               0.0000000               0.0000000              -0.0310000
           652               0.0308094               0.0441676              -0.0210000
           653               0.0000000               0.0000000              -0.0310000
           654               0.0249084               0.0477448              -0.0210000
           655               0.0000000               0.0000000              -0.0310000
           656               0.0279163               0.0460509              -0.0210000
           657               0.0000000               0.0000000              -0.0310000
           658               0.0217982               0.0492426              -0.0210000
           659               0.0000000               0.0000000              -0.0310000
           660               0.0249084               0.0477448              -0.0210000
           661               0.0000000               0.0000000              -0.0310000
           662               0.0185985               0.0505381              -0.0210000
           663               0.0000000               0.0000000              -0.0310000
           664               0.0217982               0.0492426              -0.0210000
           665               0.0000000               0.0000000              -0.0310000
           666               0.0153223               0.0516258              -0.0210000
           667               0.0000000               0.0000000              -0.0310000
           668               0.0185985               0.0505381              -0.0210000
           669               0.0000000               0.0000000              -0.0310000
           670               0.0119831               0.0525015              -0.0210000
           671               0.0000000               0.0000000              -0.0310000
           672               0.0153223               0.0516258              -0.0210000
           673               0.0000000               0.0000000              -0.0310000
           674               0.0085947               0.0531614              -0.0210000
           675               0.0000000               0.0000000              -0.0310000
           676               0.0119831               0.0525015              -0.0210000
           677               0.0000000               0.0000000              -0.0310000
           678               0.0051710               0.0536028              -0.0210000
           679               0.0000000               0.0000000              -0.0310000
           680               0.0085947               0.0531614              -0.0210000
           681               0.0000000               0.0000000              -0.0310000
           682               0.0017260               0.0538240              -0.0210000
           683               0.0000000               0.0000000              -0.0310000
           684               0.0051710               0.0536028              -0.0210000
           685               0.0000000               0.0000000              -0.0310000
           686              -0.0017260               0.0538240              -0.0210000
           687               0.0000000               0.0000000              -0.0310000
           688               0.0017260               0.0538240              -0.0210000
           689               0.0000000               0.0000000              -0.0310000
           690              -0.0051710               0.0536028              -0.0210000
           691               0.0000000               0.0000000              -0.0310000
           692              -0.0017260               0.0538240              -0.0210000
           693               0.0000000               0.0000000              -0.0310000
           694              -0.0085947               0.0531614              -0.0210000
           695               0.0000000               0.0000000              -0.0310000
           696              -0.0051710               0.0536028              -0.0210000
           697               0.0000000               0.0000000              -0.0310000
           698              -0.0119831               0.0525015              -0.0210000
           699               0.0000000               0.0000000              -0.0310000
           700              -0.0085947               0.0531614              -0.0210000
           701               0.0000000               0.0000000              -0.0310000
           702              -0.0153223               0.0516258              -0.0210000
           703               0.0000000               0.0000000              -0.0310000
           704              -0.0119831               0.0525015              -0.0210000
           705               0.0000000               0.0000000              -0.0310000
           706              -0.0185985               0.0505381              -0.0210000
           707               0.0000000               0.0000000              -0.0310000
           708              -0.0153223               0.0516258              -0.0210000
           709               0.0000000               0.0000000              -0.0310000
           710              -0.0217982               0.0492426              -0.0210000
           711               0.0000000               0.0000000              -0.0310000
           712              -0.0185985               0.0505381              -0.0210000
           713               0.0000000               0.0000000              -0.0310000
           714              -0.0249084               0.0477448              -0.0210000
           715               0.0000000               0.0000000              -0.0310000
           716              -0.0217982               0.0492426              -0.0210000
           717               0.0000000               0.0000000              -0.0310000
           718              -0.0279163               0.0460509              -0.0210000
           719               0.0000000               0.0000000              -0.0310000
           720              -0.0249084               0.0477448              -0.0210000
           721               0.0000000               0.0000000              -0.0310000
           722              -0.0308094               0.0441676              -0.0210000
           723               0.0000000               0.0000000              -0.0310000
           724              -0.0279163               0.0460509              -0.0210000
           725               0.0000000               0.0000000              -0.0310000
           726              -0.0335759               0.0421029              -0.0210000
           727               0.0000000               0.0000000              -0.0310000
           728              -0.0308094               0.0441676              -0.0210000
           729               0.0000000               0.0000000              -0.0310000
           730              -0.0362045               0.0398652              -0.0210000
           731               0.0000000               0.0000000              -0.0310000
           732              -0.0335759               0.0421029              -0.0210000
           733               0.0000000               0.0000000              -0.0310000
           734              -0.0386843               0.0374637              -0.0210000
           735               0.0000000               0.0000000              -0.0310000
           736              -0.0362045               0.0398652              -0.0210000
           737               0.0000000               0.0000000              -0.0310000
           738              -0.0410051               0.0349082              -0.0210000
           739               0.0000000               0.0000000              -0.0310000
           740              -0.0386843               0.0374637              -0.0210000
           741               0.0000000               0.0000000              -0.0310000
           742              -0.0431574               0.0322092              -0.0210000
           743               0.0000000               0.0000000              -0.0310000
           744              -0.0410051               0.0349082              -0.0210000
           745               0.0000000               0.0000000              -0.0310000
           746              -0.0451324               0.0293780              -0.0210000
           747               0.0000000               0.0000000              -0.0310000
           748              -0.0431574               0.0322092              -0.0210000
           749               0.0000000               0.0000000              -0.0310000
           750              -0.0469219               0.0264260              -0.0210000
           751               0.0000000               0.0000000              -0.0310000
           752              -0.0451324               0.0293780              -0.0210000
           753               0.0000000               0.0000000              -0.0310000
           754              -0.0485187               0.0233654              -0.0210000
           755               0.0000000               0.0000000              -0.0310000
           756              -0.0469219               0.0264260              -0.0210000
           757               0.0000000               0.0000000              -0.0310000
           758              -0.0499160               0.0202087              -0.0210000
           759               0.0000000               0.0000000              -0.0310000
           760              -0.0485187               0.0233654              -0.0210000
           761               0.0000000               0.0000000              -0.0310000
           762              -0.0511082               0.0169691              -0.0210000
           763               0.0000000               0.0000000              -0.0310000
           764              -0.0499160               0.0202087              -0.0210000
           765               0.0000000               0.0000000              -0.0310000
           766              -0.0520904               0.0136597              -0.0210000
           767               0.0000000               0.0000000              -0.0310000
           768              -0.0511082               0.0169691              -0.0210000
           769               0.0000000               0.0000000              -0.0310000
           770              -0.0528586               0.0102942              -0.0210000
           771               0.0000000               0.0000000              -0.0310000
           772              -0.0520904               0.0136597              -0.0210000
           773               0.0000000               0.0000000              -0.0310000
           774              -0.0534095               0.0068864              -0.0210000
           775               0.0000000               0.0000000              -0.0310000
           776              -0.0528586               0.0102942              -0.0210000
           777               0.0000000               0.0000000              -0.0310000
           778              -0.0537410               0.0034503              -0.0210000
           779               0.0000000               0.0000000              -0.0310000
           780              -0.0534095               0.0068864              -0.0210000
           781               0.0000000               0.0000000              -0.0310000
           782              -0.0538516               0.0000000              -0.0210000
           783               0.0000000               0.0000000              -0.0310000
           784              -0.0537410               0.0034503              -0.0210000
             0          0.00          0.00          0.00
             1             2             4             3
             5             6             8             7
             9            10            12            11
            13            14            16            15
            17            18            20            19
            21            22            24            23
            25            26            28            27
            29            30            32            31
            33            34            36            35
            37            38            40            39
            41            42            44            43
            45            46            48            47
            49            50            52            51
            53            54            56            55
            57            58            60            59
            61            62            64            63
            65            66            68            67
            69            70            72            71
            73            74            76            75
            77            78            80            79
            81            82            84            83
            85            86            88            87
            89            90            92            91
            93            94            96            95
            97            98           100            99
           101           102           104           103
           105           106           108           107
           109           110           112           111
           113           114           116           115
           117           118           120           119
           121           122           124           123
           125           126           128           127
           129           130           132           131
           133           134           136           135
           137           138           140           139
           141           142           144           143
           145           146           148           147
           149           150           152           151
           153           154           156           155
           157           158           160           159
           161           162           164           163
           165           166           168           167
           169           170           172           171
           173           174           176           175
           177           178           180           179
           181           182           184           183
           185           186           188           187
           189           190           192           191
           193           194           196           195
           197           198           200           199
           201           202           204           203
           205           206           208           207
           209           210           212           211
           213           214           216           215
           217           218           220           219
           221           222           224           223
           225           226           228           227
           229           230           232           231
           233           234           236           235
           237           238           240           239
           241           242           244           243
           245           246           248           247
           249           250           252           251
           253           254           256           255
           257           258           260           259
           261           262           264           263
           265           266           268           267
           269           270           272           271
           273           274           276           275
           277           278           280           279
           281           282           284           283
           285           286           288           287
           289           290           292           291
           293           294           296           295
           297           298           300           299
           301           302           304           303
           305           306           308           307
           309           310           312           311
           313           314           316           315
           317           318           320           319
           321           322           324           323
           325           326           328           327
           329           330           332           331
           333           334           336           335
           337           338           340           339
           341           342           344           343
           345           346           348           347
           349           350           352           351
           353           354           356           355
           357           358           360           359
           361           362           364           363
           365           366           368           367
           369           370           372           371
           373           374           376           375
           377           378           380           379
           381           382           384           383
           385           386           388           387
           389           390           392           391
           393           394           396           395
           397           398           400           399
           401           402           404           403
           405           406           408           407
           409           410           412           411
           413           414           416           415
           417           418           420           419
           421           422           424           423
           425           426           428           427
           429           430           432           431
           433           434           436           435
           437           438           440           439
           441           442           444           443
           445           446           448           447
           449           450           452           451
           453           454           456           455
           457           458           460           459
           461           462           464           463
           465           466           468           467
           469           470           472           471
           473           474           476           475
           477           478           480           479
           481           482           484           483
           485           486           488           487
           489           490           492           491
           493           494           496           495
           497           498           500           499
           501           502           504           503
           505           506           508           507
           509           510           512           511
           513           514           516           515
           517           518           520           519
           521           522           524           523
           525           526           528           527
           529           530           532           531
           533           534           536           535
           537           538           540           539
           541           542           544           543
           545           546           548           547
           549           550           552           551
           553           554           556           555
           557           558           560           559
           561           562           564           563
           565           566           568           567
           569           570           572           571
           573           574           576           575
           577           578           580           579
           581           582           584           583
           585           586           588           587
           589           590           592           591
           593           594           596           595
           597           598           600           599
           601           602           604           603
           605           606           608           607
           609           610           612           611
           613           614           616           615
           617           618           620           619
           621           622           624           623
           625           626           628           627
           629           630           632           631
           633           634           636           635
           637           638           640           639
           641           642           644           643
           645           646           648           647
           649           650           652           651
           653           654           656           655
           657           658           660           659
           661           662           664           663
           665           666           668           667
           669           670           672           671
           673           674           676           675
           677           678           680           679
           681           682           684           683
           685           686           688           687
           689           690           692           691
           693           694           696           695
           697           698           700           699
           701           702           704           703
           705           706           708           707
           709           710           712           711
           713           714           716           715
           717           718           720           719
           721           722           724           723
           725           726           728           727
           729           730           732           731
           733           734           736           735
           737           738           740           739
           741           742           744           743
           745           746           748           747
           749           750           752           751
           753           754           756           755
           757           758           760           759
           761           762           764           763
           765           766           768           767
           769           770           772           771
           773           774           776           775
           777           778           780           779
           781           782           784           783
          0          0          0          0
