Nb de periode :   100
 0.1000
 -0.867659E-12 -0.114898E-10 -0.261990E-11
 -0.623857E-11  0.255773E-03 -0.139835E-10
 -0.300472E-11 -0.930265E-11 -0.907309E-11
 0.3010
  0.298627E-08  0.729258E-10  0.901902E-08
 -0.150067E-10  0.695656E-02  0.773070E-11
  0.897317E-08  0.380818E-10  0.271005E-07
 0.5020
  0.153930E-06 -0.578758E-10  0.464916E-06
 -0.207365E-09  0.320915E-01 -0.370346E-08
  0.464509E-06 -0.993228E-11  0.140297E-05
 0.7030
  0.159025E-05  0.329577E-08  0.480304E-05
  0.440195E-09  0.873909E-01 -0.873115E-10
  0.480281E-05  0.185455E-07  0.145059E-04
 0.9040
  0.924033E-05 -0.103802E-08  0.279086E-04
 -0.188084E-08  0.183712E+00  0.392902E-08
  0.279087E-04 -0.891660E-08  0.842927E-04
 1.1051
  0.375135E-04 -0.127531E-08  0.113302E-03
  0.356522E-08  0.330709E+00 -0.131258E-07
  0.113303E-03 -0.458311E-08  0.342207E-03
 1.3061
  0.120165E-03  0.269364E-07  0.362934E-03
  0.272121E-08  0.536503E+00  0.281143E-07
  0.362940E-03  0.722527E-07  0.109619E-02
 1.5071
  0.325239E-03  0.257190E-07  0.982319E-03
  0.117871E-08  0.807438E+00 -0.450527E-07
  0.982321E-03  0.635687E-07  0.296690E-02
 1.7081
  0.776667E-03  0.199744E-07  0.234576E-02
  0.299478E-07  0.114785E+01 -0.121072E-07
  0.234576E-02 -0.282353E-08  0.708491E-02
 1.9091
  0.167763E-02  0.146727E-06  0.506692E-02
  0.634464E-08  0.155991E+01  0.670552E-07
  0.506694E-02  0.513225E-06  0.153036E-01
 2.1101
  0.335371E-02  0.282782E-07  0.101292E-01
 -0.209548E-07  0.204365E+01 -0.206055E-06
  0.101292E-01  0.872583E-07  0.305932E-01
 2.3111
  0.628047E-02 -0.563757E-07  0.189689E-01
  0.144355E-07  0.259699E+01 -0.188127E-06
  0.189688E-01 -0.560985E-07  0.572914E-01
 2.5121
  0.111356E-01 -0.116149E-06  0.336329E-01
 -0.291038E-08  0.321564E+01 -0.528526E-07
  0.336329E-01 -0.286311E-06  0.101581E+00
 2.7131
  0.188865E-01 -0.639811E-07  0.570425E-01
  0.629807E-07  0.389388E+01 -0.547152E-07
  0.570425E-01 -0.150918E-06  0.172285E+00
 2.9141
  0.307645E-01  0.358674E-06  0.929176E-01
  0.122702E-06  0.462417E+01  0.112690E-06
  0.929176E-01  0.993234E-06  0.280638E+00
 3.1152
  0.484010E-01  0.503860E-08  0.146184E+00
 -0.103610E-07  0.539747E+01 -0.344589E-06
  0.146185E+00  0.405060E-06  0.441517E+00
 3.3162
  0.739699E-01 -0.397275E-06  0.223409E+00
  0.545988E-07  0.620487E+01  0.158325E-07
  0.223410E+00 -0.620210E-06  0.674758E+00
 3.5172
  0.110056E+00  0.194330E-06  0.332398E+00
  0.626314E-07  0.703622E+01  0.236090E-06
  0.332398E+00  0.439162E-06  0.100393E+01
 3.7182
  0.159742E+00 -0.110174E-05  0.482462E+00
  0.768341E-08  0.788039E+01 -0.176951E-07
  0.482462E+00 -0.395445E-05  0.145717E+01
 3.9192
  0.226886E+00 -0.149810E-05  0.685254E+00
  0.353903E-07  0.872824E+01 -0.113156E-06
  0.685255E+00 -0.502320E-05  0.206965E+01
 4.1202
  0.316144E+00 -0.362433E-05  0.954836E+00
 -0.128057E-07  0.956964E+01 -0.153668E-07
  0.954837E+00 -0.104535E-04  0.288386E+01
 4.3212
  0.432729E+00 -0.105906E-04  0.130695E+01
  0.345521E-06  0.103958E+02  0.665896E-06
  0.130695E+01 -0.293413E-04  0.394734E+01
 4.5222
  0.582394E+00 -0.114295E-04  0.175897E+01
 -0.738073E-07  0.111985E+02 -0.490807E-06
  0.175898E+01 -0.332628E-04  0.531255E+01
 4.7232
  0.771449E+00 -0.145432E-04  0.232997E+01
 -0.518048E-06  0.119685E+02 -0.719912E-06
  0.232997E+01 -0.430879E-04  0.703708E+01
 4.9242
  0.100690E+01 -0.198017E-05  0.304107E+01
  0.267057E-06  0.126999E+02  0.667758E-06
  0.304107E+01 -0.774569E-05  0.918479E+01
 5.1253
  0.129610E+01  0.107156E-04  0.391454E+01
  0.919681E-07  0.133894E+02  0.143889E-05
  0.391454E+01  0.311387E-04  0.118229E+02
 5.3263
  0.164659E+01  0.979617E-05  0.497309E+01
  0.360655E-06  0.140320E+02  0.156555E-05
  0.497310E+01  0.286989E-04  0.150199E+02
 5.5273
  0.206578E+01  0.859634E-05  0.623913E+01
  0.366010E-06  0.146217E+02 -0.739470E-06
  0.623914E+01  0.281932E-04  0.188437E+02
 5.7283
  0.256051E+01  0.397768E-05  0.773333E+01
  0.159256E-06  0.151570E+02  0.969507E-06
  0.773333E+01  0.906759E-05  0.233564E+02
 5.9293
  0.313565E+01  0.454439E-05  0.947034E+01
  0.490341E-06  0.156362E+02  0.171084E-05
  0.947036E+01  0.101961E-04  0.286026E+02
 6.1303
  0.379346E+01  0.131014E-05  0.114571E+02
  0.840751E-06  0.160579E+02  0.102352E-05
  0.114571E+02  0.233063E-05  0.346029E+02
 6.3313
  0.453505E+01  0.231469E-05  0.136968E+02
  0.135740E-06  0.164214E+02  0.960194E-06
  0.136968E+02  0.291923E-05  0.413673E+02
 6.5323
  0.535975E+01  0.259536E-05  0.161876E+02
  0.236323E-06  0.167284E+02  0.887550E-06
  0.161876E+02  0.153668E-05  0.488899E+02
 6.7333
  0.626383E+01  0.261469E-05  0.189180E+02
  0.116415E-07  0.169814E+02 -0.569969E-06
  0.189180E+02  0.631995E-05  0.571363E+02
 6.9343
  0.723781E+01 -0.775140E-05  0.218596E+02
 -0.187522E-05  0.171806E+02 -0.619516E-05
  0.218596E+02 -0.212593E-04  0.660204E+02
 7.1354
  0.826879E+01  0.654487E-05  0.249733E+02
  0.758329E-06  0.173256E+02  0.283960E-05
  0.249734E+02  0.208858E-04  0.754245E+02
 7.3364
  0.934341E+01 -0.103160E-04  0.282188E+02
 -0.222982E-05  0.174194E+02 -0.705384E-05
  0.282188E+02 -0.307411E-04  0.852264E+02
 7.5374
  0.104463E+02  0.768225E-05  0.315496E+02
  0.997912E-06  0.174641E+02  0.442844E-05
  0.315497E+02  0.271043E-04  0.952859E+02
 7.7384
  0.115583E+02 -0.564754E-05  0.349083E+02
 -0.216346E-05  0.174640E+02 -0.754837E-05
  0.349083E+02 -0.198064E-04  0.105429E+03
 7.9394
  0.126600E+02 -0.129035E-05  0.382355E+02
 -0.122283E-05  0.174206E+02 -0.283308E-05
  0.382355E+02 -0.184588E-05  0.115478E+03
 8.1404
  0.137345E+02  0.911998E-05  0.414805E+02
  0.167126E-05  0.173358E+02  0.402424E-05
  0.414805E+02  0.292342E-04  0.125279E+03
 8.3414
  0.147660E+02 -0.672508E-05  0.445958E+02
 -0.159303E-05  0.172129E+02 -0.648852E-05
  0.445958E+02 -0.231350E-04  0.134687E+03
 8.5424
  0.157392E+02  0.909949E-05  0.475351E+02
  0.200258E-05  0.170555E+02  0.428781E-05
  0.475351E+02  0.284780E-04  0.143564E+03
 8.7434
  0.166425E+02  0.376254E-05  0.502631E+02
  0.207452E-06  0.168652E+02 -0.949949E-06
  0.502631E+02  0.116415E-04  0.151802E+03
 8.9444
  0.174678E+02  0.397349E-05  0.527554E+02
  0.214484E-05  0.166466E+02  0.722706E-05
  0.527553E+02  0.610761E-05  0.159329E+03
 9.1455
  0.182095E+02  0.155903E-05  0.549953E+02
  0.937143E-06  0.164008E+02  0.168476E-05
  0.549953E+02  0.417791E-05  0.166094E+03
 9.3465
  0.188640E+02  0.111898E-05  0.569720E+02
  0.169035E-06  0.161314E+02 -0.243261E-05
  0.569720E+02  0.374578E-05  0.172064E+03
 9.5475
  0.194306E+02 -0.127591E-06  0.586828E+02
 -0.283122E-06  0.158403E+02 -0.861473E-06
  0.586829E+02  0.498630E-05  0.177231E+03
 9.7485
  0.199120E+02 -0.246754E-05  0.601369E+02
 -0.109617E-05  0.155308E+02 -0.257418E-05
  0.601370E+02 -0.854209E-05  0.181622E+03
 9.9495
  0.203101E+02 -0.309525E-05  0.613392E+02
 -0.108103E-05  0.152039E+02 -0.200327E-05
  0.613393E+02 -0.757724E-05  0.185253E+03
10.1505
  0.206292E+02 -0.119489E-05  0.623027E+02
 -0.191526E-05  0.148629E+02 -0.523916E-05
  0.623029E+02 -0.619516E-05  0.188163E+03
10.3515
  0.208746E+02 -0.342680E-05  0.630441E+02
 -0.217534E-05  0.145091E+02 -0.672601E-05
  0.630441E+02 -0.789948E-05  0.190401E+03
10.5525
  0.210526E+02  0.217510E-05  0.635814E+02
  0.284053E-07  0.141450E+02 -0.712462E-07
  0.635814E+02  0.424497E-05  0.192024E+03
10.7535
  0.211688E+02 -0.167266E-05  0.639322E+02
 -0.801636E-06  0.137722E+02 -0.162795E-05
  0.639322E+02 -0.642426E-05  0.193083E+03
10.9545
  0.212273E+02 -0.393949E-05  0.641090E+02
 -0.302051E-05  0.133882E+02 -0.843545E-05
  0.641090E+02 -0.104103E-04  0.193616E+03
11.1556
  0.212354E+02  0.825152E-06  0.641333E+02
 -0.120897E-05  0.129977E+02 -0.381842E-05
  0.641333E+02  0.189152E-05  0.193689E+03
11.3566
  0.211988E+02  0.947155E-06  0.640227E+02
 -0.592088E-06  0.126002E+02 -0.216393E-05
  0.640227E+02  0.408012E-05  0.193355E+03
11.5576
  0.211210E+02 -0.446569E-06  0.637876E+02
 -0.271911E-05  0.121910E+02 -0.719167E-05
  0.637877E+02 -0.120886E-05  0.192645E+03
11.7586
  0.210065E+02  0.644475E-05  0.634415E+02
  0.104774E-07  0.117722E+02  0.148267E-05
  0.634416E+02  0.167359E-04  0.191600E+03
11.9596
  0.208604E+02  0.472646E-06  0.630003E+02
 -0.106951E-05  0.113353E+02 -0.426034E-05
  0.630004E+02 -0.219792E-06  0.190267E+03
12.1606
  0.206878E+02  0.599306E-06  0.624790E+02
 -0.225031E-06  0.108759E+02 -0.125892E-05
  0.624790E+02  0.223611E-05  0.188692E+03
12.3616
  0.204938E+02 -0.681262E-06  0.618930E+02
 -0.342971E-05  0.103808E+02 -0.876002E-05
  0.618930E+02 -0.312645E-05  0.186922E+03
12.5626
  0.202764E+02  0.742730E-06  0.612364E+02
 -0.160735E-05  0.979910E+01 -0.606570E-05
  0.612365E+02  0.222120E-05  0.184939E+03
12.7636
  0.200402E+02 -0.114227E-05  0.605228E+02
 -0.562868E-06  0.904796E+01 -0.232342E-05
  0.605228E+02 -0.329223E-05  0.182784E+03
12.9647
  0.197919E+02 -0.355300E-06  0.597730E+02
 -0.198511E-05  0.783353E+01 -0.672566E-05
  0.597730E+02  0.428408E-07  0.180519E+03
13.1657
  0.195287E+02 -0.423775E-05  0.589781E+02
 -0.858156E-05  0.433582E+01 -0.261205E-04
  0.589782E+02 -0.121705E-04  0.178119E+03
13.3667
  0.192542E+02  0.705710E-06  0.581489E+02
 -0.288989E-05  0.209468E+02 -0.115577E-04
  0.581489E+02 -0.930391E-06  0.175614E+03
13.5677
  0.189674E+02 -0.356929E-06  0.572827E+02
  0.260584E-05  0.123736E+02  0.768574E-05
  0.572828E+02 -0.717118E-07  0.172998E+03
13.7687
  0.186740E+02 -0.456348E-06  0.563966E+02
  0.997097E-06  0.107221E+02  0.204006E-05
  0.563966E+02  0.810251E-07  0.170322E+03
13.9697
  0.183741E+02  0.107102E-07  0.554909E+02
  0.212947E-05  0.990692E+01  0.664615E-05
  0.554910E+02  0.961125E-06  0.167586E+03
14.1707
  0.180745E+02 -0.709435E-06  0.545860E+02
  0.123889E-05  0.930851E+01  0.301492E-05
  0.545861E+02 -0.136718E-05  0.164854E+03
14.3717
  0.177681E+02 -0.682194E-07  0.536607E+02
  0.147079E-05  0.885026E+01  0.430224E-05
  0.536608E+02  0.280328E-06  0.162058E+03
14.5727
  0.174517E+02  0.684522E-07  0.527049E+02
  0.264228E-05  0.845495E+01  0.800053E-05
  0.527050E+02 -0.807922E-06  0.159172E+03
14.7737
  0.171259E+02 -0.183005E-06  0.517210E+02
 -0.965723E-06  0.808315E+01 -0.362634E-05
  0.517212E+02 -0.279397E-07  0.156200E+03
14.9747
  0.168031E+02  0.646221E-06  0.507462E+02
  0.175828E-05  0.773960E+01  0.432460E-05
  0.507463E+02 -0.520609E-06  0.153256E+03
15.1758
  0.164627E+02 -0.841683E-06  0.497182E+02
  0.159413E-05  0.740909E+01  0.425708E-05
  0.497183E+02 -0.261888E-05  0.150151E+03
15.3768
  0.161012E+02 -0.137207E-05  0.486261E+02
  0.206812E-06  0.710567E+01  0.248430E-05
  0.486263E+02 -0.451645E-05  0.146853E+03
15.5778
  0.156976E+02 -0.157021E-05  0.474072E+02
  0.622997E-06  0.681463E+01  0.161445E-05
  0.474073E+02 -0.519818E-05  0.143172E+03
15.7788
  0.152059E+02 -0.785338E-06  0.459223E+02
 -0.260770E-07  0.653312E+01 -0.459841E-07
  0.459226E+02 -0.472553E-05  0.138687E+03
15.9798
  0.144752E+02 -0.474975E-06  0.437152E+02
  0.465778E-06  0.627828E+01  0.950880E-06
  0.437156E+02 -0.333285E-05  0.132022E+03
16.1808
  0.121356E+02 -0.869052E-05  0.366487E+02
 -0.238128E-06  0.603952E+01 -0.150618E-05
  0.366496E+02 -0.303616E-04  0.110679E+03
16.3818
  0.178755E+02 -0.120746E-05  0.539874E+02
  0.814907E-09  0.580407E+01  0.942382E-06
  0.539859E+02 -0.497326E-06  0.163047E+03
16.5828
  0.157850E+02  0.204495E-05  0.476719E+02
  0.343018E-06  0.559298E+01 -0.148197E-06
  0.476715E+02  0.830274E-05  0.143972E+03
16.7838
  0.151014E+02  0.583706E-06  0.456073E+02
  0.181608E-07  0.537815E+01 -0.120350E-05
  0.456071E+02 -0.193669E-05  0.137736E+03
16.9848
  0.146452E+02  0.954606E-06  0.442294E+02
  0.100874E-06  0.516683E+01 -0.519096E-06
  0.442294E+02  0.131177E-05  0.133575E+03
17.1859
  0.142637E+02  0.102690E-05  0.430772E+02
  0.164466E-06  0.496424E+01  0.142201E-05
  0.430772E+02  0.386219E-05  0.130095E+03
17.3869
  0.139198E+02 -0.408967E-06  0.420382E+02
 -0.241533E-06  0.476120E+01 -0.654953E-06
  0.420382E+02 -0.392087E-06  0.126957E+03
17.5879
  0.136116E+02  0.111992E-06  0.411077E+02
 -0.341737E-06  0.457392E+01 -0.118313E-05
  0.411078E+02 -0.160513E-05  0.124147E+03
17.7889
  0.133145E+02  0.648899E-06  0.402102E+02
 -0.378932E-06  0.439547E+01 -0.479748E-06
  0.402103E+02  0.273529E-05  0.121437E+03
17.9899
  0.130254E+02  0.365777E-06  0.393373E+02
  0.573345E-08  0.423321E+01 -0.486383E-06
  0.393375E+02  0.110059E-05  0.118800E+03
18.1909
  0.127484E+02 -0.109547E-06  0.385006E+02
 -0.198081E-06  0.407522E+01 -0.707398E-06
  0.385007E+02 -0.513159E-06  0.116273E+03
18.3919
  0.124830E+02  0.528758E-06  0.376989E+02
 -0.473956E-06  0.392388E+01 -0.181695E-05
  0.376991E+02  0.515021E-06  0.113852E+03
18.5929
  0.122318E+02 -0.302214E-06  0.369404E+02
 -0.198605E-06  0.377154E+01 -0.575907E-06
  0.369405E+02 -0.100979E-05  0.111562E+03
18.7939
  0.119620E+02 -0.654953E-06  0.361255E+02
 -0.185260E-05  0.360628E+01 -0.534020E-05
  0.361256E+02 -0.302447E-05  0.109100E+03
18.9949
  0.117101E+02  0.534521E-06  0.353647E+02
 -0.920438E-06  0.337381E+01 -0.264030E-05
  0.353648E+02  0.158092E-05  0.106803E+03
19.1960
  0.114762E+02  0.407745E-06  0.346586E+02
 -0.299132E-05  0.286207E+01 -0.860530E-05
  0.346587E+02  0.114948E-05  0.104670E+03
19.3970
  0.112508E+02  0.136194E-05  0.339776E+02
  0.169233E-05  0.544018E+01  0.398420E-05
  0.339776E+02  0.345241E-05  0.102613E+03
19.5980
  0.110223E+02 -0.235857E-06  0.332875E+02
  0.190281E-06  0.378562E+01 -0.949251E-06
  0.332876E+02 -0.237953E-06  0.100529E+03
19.7990
  0.108043E+02 -0.207685E-06  0.326293E+02
  0.818371E-06  0.344769E+01  0.260747E-05
  0.326293E+02 -0.117952E-05  0.985412E+02
20.0000
  0.105886E+02  0.202330E-06  0.319778E+02
  0.410422E-06  0.322710E+01  0.162481E-05
  0.319779E+02  0.462867E-06  0.965737E+02
