           3
  6.9190331E-02  6.8633258E-02  6.7523591E-02  6.5870188E-02  6.3686624E-02
  6.0990132E-02  5.7802614E-02  5.4149631E-02  5.0060999E-02  4.5568764E-02
  4.0710121E-02  3.5523504E-02  3.0050755E-02  2.4336219E-02  1.8425761E-02
  1.2366741E-02  6.2085092E-03  0.0000000E+00 -6.2085092E-03 -1.2366741E-02
 -1.8425761E-02 -2.4336219E-02 -3.0050755E-02 -3.5523500E-02 -4.0710121E-02
 -4.5568764E-02 -5.0060999E-02 -5.4149635E-02 -5.7802614E-02 -6.0990132E-02
 -6.3686624E-02 -6.5870188E-02 -6.7523591E-02 -6.8633258E-02 -6.9190331E-02
  7.3112056E-02  7.2523393E-02  7.1350843E-02  6.9603831E-02  6.7296371E-02
  6.4447001E-02  6.1078876E-02  5.7218853E-02  5.2898403E-02  4.8151612E-02
  4.3017510E-02  3.7537005E-02  3.1754136E-02  2.5715472E-02  1.9470276E-02
  1.3067722E-02  6.5603852E-03  0.0000000E+00 -6.5603848E-03 -1.3067722E-02
 -1.9470276E-02 -2.5715472E-02 -3.1754136E-02 -3.7537005E-02 -4.3017507E-02
 -4.8151612E-02 -5.2898403E-02 -5.7218853E-02 -6.1078876E-02 -6.4447001E-02
 -6.7296371E-02 -6.9603831E-02 -7.1350843E-02 -7.2523393E-02 -7.3112056E-02
  7.7033781E-02  7.6413557E-02  7.5178072E-02  7.3337331E-02  7.0906132E-02
  6.7903996E-02  6.4355135E-02  6.0288087E-02  5.5735789E-02  5.0734460E-02
  4.5325011E-02  3.9550394E-02  3.3457372E-02  2.7094990E-02  2.0514639E-02
  1.3768733E-02  6.9122608E-03  0.0000000E+00 -6.9122608E-03 -1.3768733E-02
 -2.0514639E-02 -2.7094990E-02 -3.3457372E-02 -3.9550394E-02 -4.5325011E-02
 -5.0734460E-02 -5.5735793E-02 -6.0288094E-02 -6.4355142E-02 -6.7903996E-02
 -7.0906125E-02 -7.3337331E-02 -7.5178072E-02 -7.6413549E-02 -7.7033781E-02
  8.0955505E-02  8.0303706E-02  7.9005323E-02  7.7070840E-02  7.4515894E-02
  7.1360864E-02  6.7631371E-02  6.3357353E-02  5.8573276E-02  5.3317368E-02
  4.7632486E-02  4.1563779E-02  3.5160720E-02  2.8474391E-02  2.1558881E-02
  1.4469743E-02  7.2641373E-03  0.0000000E+00 -7.2641368E-03 -1.4469743E-02
 -2.1558881E-02 -2.8474391E-02 -3.5160720E-02 -4.1563779E-02 -4.7632486E-02
 -5.3317368E-02 -5.8573276E-02 -6.3357346E-02 -6.7631371E-02 -7.1360864E-02
 -7.4515894E-02 -7.7070840E-02 -7.9005323E-02 -8.0303699E-02 -8.0955498E-02
  8.3756737E-02  8.3082363E-02  8.1739068E-02  7.9737701E-02  7.7094257E-02
  7.3830128E-02  6.9971487E-02  6.5549761E-02  6.0599983E-02  5.5162281E-02
  4.9280588E-02  4.3002039E-02  3.6377344E-02  2.9459659E-02  2.2304865E-02
  1.4970362E-02  7.5155199E-03  0.0000000E+00 -7.5155199E-03 -1.4970362E-02
 -2.2304861E-02 -2.9459657E-02 -3.6377344E-02 -4.3002039E-02 -4.9280588E-02
 -5.5162281E-02 -6.0599983E-02 -6.5549761E-02 -6.9971487E-02 -7.3830128E-02
 -7.7094257E-02 -7.9737701E-02 -8.1739068E-02 -8.3082370E-02 -8.3756737E-02
  8.5437462E-02  8.4749565E-02  8.3379351E-02  8.1337735E-02  7.8641243E-02
  7.5311750E-02  7.1375638E-02  6.6865124E-02  6.1815985E-02  5.6269288E-02
  5.0269477E-02  4.3864995E-02  3.7107259E-02  3.0050874E-02  2.2752373E-02
  1.5270861E-02  7.6662595E-03  0.0000000E+00 -7.6662595E-03 -1.5270859E-02
 -2.2752373E-02 -3.0050874E-02 -3.7107259E-02 -4.3864995E-02 -5.0269477E-02
 -5.6269288E-02 -6.1815981E-02 -6.6865124E-02 -7.1375638E-02 -7.5311750E-02
 -7.8641243E-02 -8.1337735E-02 -8.3379351E-02 -8.4749565E-02 -8.5437462E-02
  8.7118201E-02  8.6416773E-02  8.5019663E-02  8.2937740E-02  8.0188371E-02
  7.6793239E-02  7.2779767E-02  6.8180352E-02  6.3032150E-02  5.7376273E-02
  5.1258389E-02  4.4727832E-02  3.7837416E-02  3.0641973E-02  2.3199884E-02
  1.5571355E-02  7.8169992E-03  0.0000000E+00 -7.8169992E-03 -1.5571356E-02
 -2.3199884E-02 -3.0641973E-02 -3.7837416E-02 -4.4727832E-02 -5.1258385E-02
 -5.7376273E-02 -6.3032150E-02 -6.8180352E-02 -7.2779767E-02 -7.6793239E-02
 -8.0188371E-02 -8.2937732E-02 -8.5019663E-02 -8.6416773E-02 -8.7118201E-02
  8.8798925E-02  8.8083997E-02  8.6659826E-02  8.4537864E-02  8.1735507E-02
  7.8274764E-02  7.4183851E-02  6.9495767E-02  6.4248145E-02  5.8483243E-02
  5.2247260E-02  4.5590729E-02  3.8567394E-02  3.1233100E-02  2.3647636E-02
  1.5871616E-02  7.9678604E-03  0.0000000E+00 -7.9678604E-03 -1.5871616E-02
 -2.3647636E-02 -3.1233098E-02 -3.8567394E-02 -4.5590729E-02 -5.2247260E-02
 -5.8483247E-02 -6.4248152E-02 -6.9495767E-02 -7.4183851E-02 -7.8274757E-02
 -8.1735507E-02 -8.4537856E-02 -8.6659826E-02 -8.8083997E-02 -8.8798925E-02
  8.8798925E-02  8.8083997E-02  8.6659826E-02  8.4537856E-02  8.1735507E-02
  7.8274757E-02  7.4183851E-02  6.9495767E-02  6.4248152E-02  5.8483247E-02
  5.2247260E-02  4.5590729E-02  3.8567394E-02  3.1233098E-02  2.3647636E-02
  1.5871614E-02  7.9678604E-03  0.0000000E+00 -7.9678604E-03 -1.5871614E-02
 -2.3647636E-02 -3.1233100E-02 -3.8567394E-02 -4.5590729E-02 -5.2247260E-02
 -5.8483243E-02 -6.4248145E-02 -6.9495767E-02 -7.4183851E-02 -7.8274764E-02
 -8.1735507E-02 -8.4537864E-02 -8.6659826E-02 -8.8083997E-02 -8.8798925E-02
  8.7118201E-02  8.6416773E-02  8.5019663E-02  8.2937732E-02  8.0188371E-02
  7.6793239E-02  7.2779767E-02  6.8180352E-02  6.3032150E-02  5.7376266E-02
  5.1258385E-02  4.4727832E-02  3.7837416E-02  3.0641973E-02  2.3199884E-02
  1.5571356E-02  7.8169992E-03  0.0000000E+00 -7.8169992E-03 -1.5571355E-02
 -2.3199884E-02 -3.0641973E-02 -3.7837416E-02 -4.4727832E-02 -5.1258389E-02
 -5.7376273E-02 -6.3032150E-02 -6.8180352E-02 -7.2779767E-02 -7.6793239E-02
 -8.0188371E-02 -8.2937732E-02 -8.5019663E-02 -8.6416773E-02 -8.7118201E-02
  8.5437469E-02  8.4749565E-02  8.3379351E-02  8.1337735E-02  7.8641243E-02
  7.5311750E-02  7.1375638E-02  6.6865124E-02  6.1815981E-02  5.6269288E-02
  5.0269477E-02  4.3864995E-02  3.7107259E-02  3.0050874E-02  2.2752373E-02
  1.5270859E-02  7.6662595E-03  0.0000000E+00 -7.6662595E-03 -1.5270859E-02
 -2.2752373E-02 -3.0050874E-02 -3.7107259E-02 -4.3864995E-02 -5.0269477E-02
 -5.6269288E-02 -6.1815985E-02 -6.6865124E-02 -7.1375638E-02 -7.5311750E-02
 -7.8641243E-02 -8.1337735E-02 -8.3379351E-02 -8.4749565E-02 -8.5437462E-02
  8.3756737E-02  8.3082370E-02  8.1739068E-02  7.9737701E-02  7.7094257E-02
  7.3830128E-02  6.9971487E-02  6.5549754E-02  6.0599983E-02  5.5162281E-02
  4.9280588E-02  4.3002039E-02  3.6377344E-02  2.9459657E-02  2.2304865E-02
  1.4970362E-02  7.5155199E-03  0.0000000E+00 -7.5155199E-03 -1.4970362E-02
 -2.2304865E-02 -2.9459659E-02 -3.6377344E-02 -4.3002039E-02 -4.9280588E-02
 -5.5162281E-02 -6.0599983E-02 -6.5549761E-02 -6.9971487E-02 -7.3830128E-02
 -7.7094257E-02 -7.9737701E-02 -8.1739068E-02 -8.3082363E-02 -8.3756737E-02
  8.0955498E-02  8.0303699E-02  7.9005323E-02  7.7070840E-02  7.4515894E-02
  7.1360864E-02  6.7631371E-02  6.3357353E-02  5.8573276E-02  5.3317368E-02
  4.7632486E-02  4.1563779E-02  3.5160720E-02  2.8474391E-02  2.1558881E-02
  1.4469743E-02  7.2641373E-03  0.0000000E+00 -7.2641377E-03 -1.4469743E-02
 -2.1558881E-02 -2.8474391E-02 -3.5160720E-02 -4.1563779E-02 -4.7632486E-02
 -5.3317368E-02 -5.8573276E-02 -6.3357353E-02 -6.7631371E-02 -7.1360864E-02
 -7.4515894E-02 -7.7070840E-02 -7.9005323E-02 -8.0303706E-02 -8.0955505E-02
  7.7033781E-02  7.6413549E-02  7.5178072E-02  7.3337331E-02  7.0906125E-02
  6.7903996E-02  6.4355135E-02  6.0288087E-02  5.5735793E-02  5.0734460E-02
  4.5325011E-02  3.9550394E-02  3.3457372E-02  2.7094990E-02  2.0514639E-02
  1.3768733E-02  6.9122608E-03  0.0000000E+00 -6.9122608E-03 -1.3768733E-02
 -2.0514639E-02 -2.7094990E-02 -3.3457372E-02 -3.9550394E-02 -4.5325007E-02
 -5.0734460E-02 -5.5735789E-02 -6.0288087E-02 -6.4355135E-02 -6.7903996E-02
 -7.0906132E-02 -7.3337331E-02 -7.5178072E-02 -7.6413557E-02 -7.7033781E-02
  7.3112056E-02  7.2523393E-02  7.1350843E-02  6.9603831E-02  6.7296371E-02
  6.4447001E-02  6.1078873E-02  5.7218853E-02  5.2898403E-02  4.8151612E-02
  4.3017507E-02  3.7537005E-02  3.1754136E-02  2.5715472E-02  1.9470276E-02
  1.3067722E-02  6.5603852E-03  0.0000000E+00 -6.5603852E-03 -1.3067722E-02
 -1.9470274E-02 -2.5715472E-02 -3.1754136E-02 -3.7537009E-02 -4.3017507E-02
 -4.8151612E-02 -5.2898403E-02 -5.7218853E-02 -6.1078873E-02 -6.4447001E-02
 -6.7296371E-02 -6.9603823E-02 -7.1350843E-02 -7.2523393E-02 -7.3112056E-02
  6.9190331E-02  6.8633258E-02  6.7523591E-02  6.5870188E-02  6.3686624E-02
  6.0990132E-02  5.7802614E-02  5.4149631E-02  5.0060999E-02  4.5568764E-02
  4.0710121E-02  3.5523500E-02  3.0050755E-02  2.4336219E-02  1.8425761E-02
  1.2366741E-02  6.2085092E-03  0.0000000E+00 -6.2085092E-03 -1.2366741E-02
 -1.8425761E-02 -2.4336219E-02 -3.0050755E-02 -3.5523504E-02 -4.0710121E-02
 -4.5568764E-02 -5.0060999E-02 -5.4149631E-02 -5.7802614E-02 -6.0990132E-02
 -6.3686624E-02 -6.5870188E-02 -6.7523591E-02 -6.8633258E-02 -6.9190331E-02
  6.3867994E-02  6.3353792E-02  6.2329460E-02  6.0803246E-02  5.8787629E-02
  5.6298617E-02  5.3356260E-02  4.9984381E-02  4.6209991E-02  4.2063501E-02
  3.7578646E-02  3.2790869E-02  2.7739108E-02  2.2464367E-02  1.7008245E-02
  1.1415511E-02  5.7308674E-03  0.0000000E+00 -5.7308674E-03 -1.1415511E-02
 -1.7008245E-02 -2.2464365E-02 -2.7739108E-02 -3.2790869E-02 -3.7578642E-02
 -4.2063504E-02 -4.6209995E-02 -4.9984381E-02 -5.3356260E-02 -5.6298614E-02
 -5.8787629E-02 -6.0803249E-02 -6.2329471E-02 -6.3353784E-02 -6.3867994E-02
  5.7145048E-02  5.6684956E-02  5.5768479E-02  5.4402962E-02  5.2599430E-02
  5.0372358E-02  4.7739878E-02  4.4722889E-02  4.1345730E-02  3.7635881E-02
  3.3622891E-02  2.9339135E-02  2.4819344E-02  2.0099640E-02  1.5217871E-02
  1.0213882E-02  5.1276088E-03  0.0000000E+00 -5.1276092E-03 -1.0213882E-02
 -1.5217871E-02 -2.0099640E-02 -2.4819344E-02 -2.9339135E-02 -3.3622891E-02
 -3.7635881E-02 -4.1345734E-02 -4.4722889E-02 -4.7739875E-02 -5.0372358E-02
 -5.2599430E-02 -5.4402962E-02 -5.5768479E-02 -5.6684956E-02 -5.7145048E-02
  5.0422102E-02  5.0016154E-02  4.9207471E-02  4.8002616E-02  4.6411276E-02
  4.4446137E-02  4.2123500E-02  3.9461251E-02  3.6481619E-02  3.3208117E-02
  2.9667258E-02  2.5887519E-02  2.1899357E-02  1.7735004E-02  1.3427631E-02
  9.0121031E-03  4.5243800E-03  0.0000000E+00 -4.5243800E-03 -9.0121031E-03
 -1.3427631E-02 -1.7735004E-02 -2.1899357E-02 -2.5887519E-02 -2.9667256E-02
 -3.3208117E-02 -3.6481619E-02 -3.9461251E-02 -4.2123497E-02 -4.4446137E-02
 -4.6411276E-02 -4.8002612E-02 -4.9207471E-02 -5.0016157E-02 -5.0422102E-02
  4.3699160E-02  4.3347329E-02  4.2646471E-02  4.1602265E-02  4.0223099E-02
  3.8520020E-02  3.6506914E-02  3.4199882E-02  3.1617373E-02  2.8780369E-02
  2.5711622E-02  2.2435892E-02  1.8979371E-02  1.5370370E-02  1.1637256E-02
  7.8106071E-03  3.9211214E-03  0.0000000E+00 -3.9211209E-03 -7.8106071E-03
 -1.1637256E-02 -1.5370370E-02 -1.8979371E-02 -2.2435889E-02 -2.5711622E-02
 -2.8780371E-02 -3.1617373E-02 -3.4199882E-02 -3.6506910E-02 -3.8520016E-02
 -4.0223099E-02 -4.1602269E-02 -4.2646471E-02 -4.3347329E-02 -4.3699160E-02
  3.6976222E-02  3.6678486E-02  3.6085494E-02  3.5201911E-02  3.4034930E-02
  3.2593913E-02  3.0890401E-02  2.8938405E-02  2.6753113E-02  2.4352623E-02
  2.1755995E-02  1.8984139E-02  1.6059622E-02  1.3005614E-02  9.8468810E-03
  6.6091265E-03  3.3178625E-03  0.0000000E+00 -3.3178627E-03 -6.6091265E-03
 -9.8468801E-03 -1.3005614E-02 -1.6059622E-02 -1.8984139E-02 -2.1755993E-02
 -2.4352623E-02 -2.6753113E-02 -2.8938405E-02 -3.0890403E-02 -3.2593913E-02
 -3.4034934E-02 -3.5201915E-02 -3.6085490E-02 -3.6678486E-02 -3.6976226E-02
  3.0253276E-02  3.0009674E-02  2.9524492E-02  2.8801557E-02  2.7846768E-02
  2.6667738E-02  2.5274022E-02  2.3676798E-02  2.1888904E-02  1.9924872E-02
  1.7800400E-02  1.5532509E-02  1.3139620E-02  1.0640995E-02  8.0565074E-03
  5.4074968E-03  2.7146188E-03  0.0000000E+00 -2.7146190E-03 -5.4074968E-03
 -8.0565065E-03 -1.0640995E-02 -1.3139620E-02 -1.5532509E-02 -1.7800398E-02
 -1.9924873E-02 -2.1888904E-02 -2.3676798E-02 -2.5274022E-02 -2.6667738E-02
 -2.7846768E-02 -2.8801560E-02 -2.9524492E-02 -3.0009672E-02 -3.0253276E-02
  2.3530327E-02  2.3340862E-02  2.2963488E-02  2.2401212E-02  2.1658598E-02
  2.0741563E-02  1.9657575E-02  1.8415304E-02  1.7024720E-02  1.5497119E-02
  1.3844721E-02  1.2080892E-02  1.0219626E-02  8.2763582E-03  6.2661543E-03
  4.2058309E-03  2.1113756E-03  0.0000000E+00 -2.1113753E-03 -4.2058304E-03
 -6.2661543E-03 -8.2763582E-03 -1.0219627E-02 -1.2080893E-02 -1.3844721E-02
 -1.5497118E-02 -1.7024720E-02 -1.8415304E-02 -1.9657575E-02 -2.0741563E-02
 -2.1658603E-02 -2.2401216E-02 -2.2963488E-02 -2.3340862E-02 -2.3530323E-02
  1.6807374E-02  1.6672038E-02  1.6402500E-02  1.6000861E-02  1.5470424E-02
  1.4815412E-02  1.4041130E-02  1.3153773E-02  1.2160521E-02  1.1069369E-02
  9.8890848E-03  8.6291805E-03  7.2997953E-03  5.9116334E-03  4.4758762E-03
  3.0041190E-03  1.5081093E-03  0.0000000E+00 -1.5081093E-03 -3.0041188E-03
 -4.4758767E-03 -5.9116334E-03 -7.2997953E-03 -8.6291805E-03 -9.8890848E-03
 -1.1069369E-02 -1.2160521E-02 -1.3153773E-02 -1.4041130E-02 -1.4815411E-02
 -1.5470424E-02 -1.6000861E-02 -1.6402500E-02 -1.6672038E-02 -1.6807375E-02
  1.0084425E-02  1.0003225E-02  9.8414999E-03  9.6005136E-03  9.2822490E-03
  8.8892607E-03  8.4246788E-03  7.8922492E-03  7.2963238E-03  6.6416115E-03
  5.9334608E-03  5.1775044E-03  4.3798722E-03  3.5469867E-03  2.6855282E-03
  1.8024633E-03  9.0486184E-04  0.0000000E+00 -9.0486184E-04 -1.8024631E-03
 -2.6855282E-03 -3.5469867E-03 -4.3798718E-03 -5.1775053E-03 -5.9334598E-03
 -6.6416133E-03 -7.2963228E-03 -7.8922492E-03 -8.4246788E-03 -8.8892598E-03
 -9.2822490E-03 -9.6005127E-03 -9.8415017E-03 -1.0003225E-02 -1.0084425E-02
  3.3614747E-03  3.3344124E-03  3.2805002E-03  3.2001620E-03  3.0940874E-03
  2.9630868E-03  2.8082265E-03  2.6307497E-03  2.4321117E-03  2.2138637E-03
  1.9778237E-03  1.7258376E-03  1.4599524E-03  1.1823364E-03  8.9517608E-04
  6.0081109E-04  3.0162558E-04  0.0000000E+00 -3.0162558E-04 -6.0081109E-04
 -8.9517608E-04 -1.1823364E-03 -1.4599524E-03 -1.7258376E-03 -1.9778237E-03
 -2.2138637E-03 -2.4321117E-03 -2.6307497E-03 -2.8082265E-03 -2.9630868E-03
 -3.0940874E-03 -3.2001620E-03 -3.2805002E-03 -3.3344128E-03 -3.3614747E-03
  6.9190331E-02  6.8633258E-02  6.7523591E-02  6.5870188E-02  6.3686624E-02
  6.0990132E-02  5.7802614E-02  5.4149631E-02  5.0060999E-02  4.5568764E-02
  4.0710121E-02  3.5523504E-02  3.0050755E-02  2.4336219E-02  1.8425761E-02
  1.2366741E-02  6.2085092E-03  0.0000000E+00 -6.2085092E-03 -1.2366741E-02
 -1.8425761E-02 -2.4336219E-02 -3.0050755E-02 -3.5523500E-02 -4.0710121E-02
 -4.5568764E-02 -5.0060999E-02 -5.4149635E-02 -5.7802614E-02 -6.0990132E-02
 -6.3686624E-02 -6.5870188E-02 -6.7523591E-02 -6.8633258E-02 -6.9190331E-02
  7.3112056E-02  7.2523393E-02  7.1350843E-02  6.9603831E-02  6.7296371E-02
  6.4447001E-02  6.1078876E-02  5.7218853E-02  5.2898403E-02  4.8151612E-02
  4.3017510E-02  3.7537005E-02  3.1754136E-02  2.5715472E-02  1.9470276E-02
  1.3067722E-02  6.5603852E-03  0.0000000E+00 -6.5603848E-03 -1.3067722E-02
 -1.9470276E-02 -2.5715472E-02 -3.1754136E-02 -3.7537005E-02 -4.3017507E-02
 -4.8151612E-02 -5.2898403E-02 -5.7218853E-02 -6.1078876E-02 -6.4447001E-02
 -6.7296371E-02 -6.9603831E-02 -7.1350843E-02 -7.2523393E-02 -7.3112056E-02
  7.7033781E-02  7.6413557E-02  7.5178072E-02  7.3337331E-02  7.0906132E-02
  6.7903996E-02  6.4355135E-02  6.0288087E-02  5.5735789E-02  5.0734460E-02
  4.5325011E-02  3.9550394E-02  3.3457372E-02  2.7094990E-02  2.0514639E-02
  1.3768733E-02  6.9122608E-03  0.0000000E+00 -6.9122608E-03 -1.3768733E-02
 -2.0514639E-02 -2.7094990E-02 -3.3457372E-02 -3.9550394E-02 -4.5325011E-02
 -5.0734460E-02 -5.5735793E-02 -6.0288094E-02 -6.4355142E-02 -6.7903996E-02
 -7.0906125E-02 -7.3337331E-02 -7.5178072E-02 -7.6413549E-02 -7.7033781E-02
  8.0955505E-02  8.0303706E-02  7.9005323E-02  7.7070840E-02  7.4515894E-02
  7.1360864E-02  6.7631371E-02  6.3357353E-02  5.8573276E-02  5.3317368E-02
  4.7632486E-02  4.1563779E-02  3.5160720E-02  2.8474391E-02  2.1558881E-02
  1.4469743E-02  7.2641373E-03  0.0000000E+00 -7.2641368E-03 -1.4469743E-02
 -2.1558881E-02 -2.8474391E-02 -3.5160720E-02 -4.1563779E-02 -4.7632486E-02
 -5.3317368E-02 -5.8573276E-02 -6.3357346E-02 -6.7631371E-02 -7.1360864E-02
 -7.4515894E-02 -7.7070840E-02 -7.9005323E-02 -8.0303699E-02 -8.0955498E-02
  8.3756737E-02  8.3082363E-02  8.1739068E-02  7.9737701E-02  7.7094257E-02
  7.3830128E-02  6.9971487E-02  6.5549761E-02  6.0599983E-02  5.5162281E-02
  4.9280588E-02  4.3002039E-02  3.6377344E-02  2.9459659E-02  2.2304865E-02
  1.4970362E-02  7.5155199E-03  0.0000000E+00 -7.5155199E-03 -1.4970362E-02
 -2.2304861E-02 -2.9459657E-02 -3.6377344E-02 -4.3002039E-02 -4.9280588E-02
 -5.5162281E-02 -6.0599983E-02 -6.5549761E-02 -6.9971487E-02 -7.3830128E-02
 -7.7094257E-02 -7.9737701E-02 -8.1739068E-02 -8.3082370E-02 -8.3756737E-02
  8.5437462E-02  8.4749565E-02  8.3379351E-02  8.1337735E-02  7.8641243E-02
  7.5311750E-02  7.1375638E-02  6.6865124E-02  6.1815985E-02  5.6269288E-02
  5.0269477E-02  4.3864995E-02  3.7107259E-02  3.0050874E-02  2.2752373E-02
  1.5270861E-02  7.6662595E-03  0.0000000E+00 -7.6662595E-03 -1.5270859E-02
 -2.2752373E-02 -3.0050874E-02 -3.7107259E-02 -4.3864995E-02 -5.0269477E-02
 -5.6269288E-02 -6.1815981E-02 -6.6865124E-02 -7.1375638E-02 -7.5311750E-02
 -7.8641243E-02 -8.1337735E-02 -8.3379351E-02 -8.4749565E-02 -8.5437462E-02
  8.7118201E-02  8.6416773E-02  8.5019663E-02  8.2937740E-02  8.0188371E-02
  7.6793239E-02  7.2779767E-02  6.8180352E-02  6.3032150E-02  5.7376273E-02
  5.1258389E-02  4.4727832E-02  3.7837416E-02  3.0641973E-02  2.3199884E-02
  1.5571355E-02  7.8169992E-03  0.0000000E+00 -7.8169992E-03 -1.5571356E-02
 -2.3199884E-02 -3.0641973E-02 -3.7837416E-02 -4.4727832E-02 -5.1258385E-02
 -5.7376273E-02 -6.3032150E-02 -6.8180352E-02 -7.2779767E-02 -7.6793239E-02
 -8.0188371E-02 -8.2937732E-02 -8.5019663E-02 -8.6416773E-02 -8.7118201E-02
  8.8798925E-02  8.8083997E-02  8.6659826E-02  8.4537864E-02  8.1735507E-02
  7.8274764E-02  7.4183851E-02  6.9495767E-02  6.4248145E-02  5.8483243E-02
  5.2247260E-02  4.5590729E-02  3.8567394E-02  3.1233100E-02  2.3647636E-02
  1.5871616E-02  7.9678604E-03  0.0000000E+00 -7.9678604E-03 -1.5871616E-02
 -2.3647636E-02 -3.1233098E-02 -3.8567394E-02 -4.5590729E-02 -5.2247260E-02
 -5.8483247E-02 -6.4248152E-02 -6.9495767E-02 -7.4183851E-02 -7.8274757E-02
 -8.1735507E-02 -8.4537856E-02 -8.6659826E-02 -8.8083997E-02 -8.8798925E-02
  8.8798925E-02  8.8083997E-02  8.6659826E-02  8.4537856E-02  8.1735507E-02
  7.8274757E-02  7.4183851E-02  6.9495767E-02  6.4248152E-02  5.8483247E-02
  5.2247260E-02  4.5590729E-02  3.8567394E-02  3.1233098E-02  2.3647636E-02
  1.5871614E-02  7.9678604E-03  0.0000000E+00 -7.9678604E-03 -1.5871614E-02
 -2.3647636E-02 -3.1233100E-02 -3.8567394E-02 -4.5590729E-02 -5.2247260E-02
 -5.8483243E-02 -6.4248145E-02 -6.9495767E-02 -7.4183851E-02 -7.8274764E-02
 -8.1735507E-02 -8.4537864E-02 -8.6659826E-02 -8.8083997E-02 -8.8798925E-02
  8.7118201E-02  8.6416773E-02  8.5019663E-02  8.2937732E-02  8.0188371E-02
  7.6793239E-02  7.2779767E-02  6.8180352E-02  6.3032150E-02  5.7376266E-02
  5.1258385E-02  4.4727832E-02  3.7837416E-02  3.0641973E-02  2.3199884E-02
  1.5571356E-02  7.8169992E-03  0.0000000E+00 -7.8169992E-03 -1.5571355E-02
 -2.3199884E-02 -3.0641973E-02 -3.7837416E-02 -4.4727832E-02 -5.1258389E-02
 -5.7376273E-02 -6.3032150E-02 -6.8180352E-02 -7.2779767E-02 -7.6793239E-02
 -8.0188371E-02 -8.2937732E-02 -8.5019663E-02 -8.6416773E-02 -8.7118201E-02
  8.5437469E-02  8.4749565E-02  8.3379351E-02  8.1337735E-02  7.8641243E-02
  7.5311750E-02  7.1375638E-02  6.6865124E-02  6.1815981E-02  5.6269288E-02
  5.0269477E-02  4.3864995E-02  3.7107259E-02  3.0050874E-02  2.2752373E-02
  1.5270859E-02  7.6662595E-03  0.0000000E+00 -7.6662595E-03 -1.5270859E-02
 -2.2752373E-02 -3.0050874E-02 -3.7107259E-02 -4.3864995E-02 -5.0269477E-02
 -5.6269288E-02 -6.1815985E-02 -6.6865124E-02 -7.1375638E-02 -7.5311750E-02
 -7.8641243E-02 -8.1337735E-02 -8.3379351E-02 -8.4749565E-02 -8.5437462E-02
  8.3756737E-02  8.3082370E-02  8.1739068E-02  7.9737701E-02  7.7094257E-02
  7.3830128E-02  6.9971487E-02  6.5549754E-02  6.0599983E-02  5.5162281E-02
  4.9280588E-02  4.3002039E-02  3.6377344E-02  2.9459657E-02  2.2304865E-02
  1.4970362E-02  7.5155199E-03  0.0000000E+00 -7.5155199E-03 -1.4970362E-02
 -2.2304865E-02 -2.9459659E-02 -3.6377344E-02 -4.3002039E-02 -4.9280588E-02
 -5.5162281E-02 -6.0599983E-02 -6.5549761E-02 -6.9971487E-02 -7.3830128E-02
 -7.7094257E-02 -7.9737701E-02 -8.1739068E-02 -8.3082363E-02 -8.3756737E-02
  8.0955498E-02  8.0303699E-02  7.9005323E-02  7.7070840E-02  7.4515894E-02
  7.1360864E-02  6.7631371E-02  6.3357353E-02  5.8573276E-02  5.3317368E-02
  4.7632486E-02  4.1563779E-02  3.5160720E-02  2.8474391E-02  2.1558881E-02
  1.4469743E-02  7.2641373E-03  0.0000000E+00 -7.2641377E-03 -1.4469743E-02
 -2.1558881E-02 -2.8474391E-02 -3.5160720E-02 -4.1563779E-02 -4.7632486E-02
 -5.3317368E-02 -5.8573276E-02 -6.3357353E-02 -6.7631371E-02 -7.1360864E-02
 -7.4515894E-02 -7.7070840E-02 -7.9005323E-02 -8.0303706E-02 -8.0955505E-02
  7.7033781E-02  7.6413549E-02  7.5178072E-02  7.3337331E-02  7.0906125E-02
  6.7903996E-02  6.4355135E-02  6.0288087E-02  5.5735793E-02  5.0734460E-02
  4.5325011E-02  3.9550394E-02  3.3457372E-02  2.7094990E-02  2.0514639E-02
  1.3768733E-02  6.9122608E-03  0.0000000E+00 -6.9122608E-03 -1.3768733E-02
 -2.0514639E-02 -2.7094990E-02 -3.3457372E-02 -3.9550394E-02 -4.5325007E-02
 -5.0734460E-02 -5.5735789E-02 -6.0288087E-02 -6.4355135E-02 -6.7903996E-02
 -7.0906132E-02 -7.3337331E-02 -7.5178072E-02 -7.6413557E-02 -7.7033781E-02
  7.3112056E-02  7.2523393E-02  7.1350843E-02  6.9603831E-02  6.7296371E-02
  6.4447001E-02  6.1078873E-02  5.7218853E-02  5.2898403E-02  4.8151612E-02
  4.3017507E-02  3.7537005E-02  3.1754136E-02  2.5715472E-02  1.9470276E-02
  1.3067722E-02  6.5603852E-03  0.0000000E+00 -6.5603852E-03 -1.3067722E-02
 -1.9470274E-02 -2.5715472E-02 -3.1754136E-02 -3.7537009E-02 -4.3017507E-02
 -4.8151612E-02 -5.2898403E-02 -5.7218853E-02 -6.1078873E-02 -6.4447001E-02
 -6.7296371E-02 -6.9603823E-02 -7.1350843E-02 -7.2523393E-02 -7.3112056E-02
  6.9190331E-02  6.8633258E-02  6.7523591E-02  6.5870188E-02  6.3686624E-02
  6.0990132E-02  5.7802614E-02  5.4149631E-02  5.0060999E-02  4.5568764E-02
  4.0710121E-02  3.5523500E-02  3.0050755E-02  2.4336219E-02  1.8425761E-02
  1.2366741E-02  6.2085092E-03  0.0000000E+00 -6.2085092E-03 -1.2366741E-02
 -1.8425761E-02 -2.4336219E-02 -3.0050755E-02 -3.5523504E-02 -4.0710121E-02
 -4.5568764E-02 -5.0060999E-02 -5.4149631E-02 -5.7802614E-02 -6.0990132E-02
 -6.3686624E-02 -6.5870188E-02 -6.7523591E-02 -6.8633258E-02 -6.9190331E-02
  6.3867994E-02  6.3353792E-02  6.2329460E-02  6.0803246E-02  5.8787629E-02
  5.6298617E-02  5.3356260E-02  4.9984381E-02  4.6209991E-02  4.2063501E-02
  3.7578646E-02  3.2790869E-02  2.7739108E-02  2.2464367E-02  1.7008245E-02
  1.1415511E-02  5.7308674E-03  0.0000000E+00 -5.7308674E-03 -1.1415511E-02
 -1.7008245E-02 -2.2464365E-02 -2.7739108E-02 -3.2790869E-02 -3.7578642E-02
 -4.2063504E-02 -4.6209995E-02 -4.9984381E-02 -5.3356260E-02 -5.6298614E-02
 -5.8787629E-02 -6.0803249E-02 -6.2329471E-02 -6.3353784E-02 -6.3867994E-02
  5.7145048E-02  5.6684956E-02  5.5768479E-02  5.4402962E-02  5.2599430E-02
  5.0372358E-02  4.7739878E-02  4.4722889E-02  4.1345730E-02  3.7635881E-02
  3.3622891E-02  2.9339135E-02  2.4819344E-02  2.0099640E-02  1.5217871E-02
  1.0213882E-02  5.1276088E-03  0.0000000E+00 -5.1276092E-03 -1.0213882E-02
 -1.5217871E-02 -2.0099640E-02 -2.4819344E-02 -2.9339135E-02 -3.3622891E-02
 -3.7635881E-02 -4.1345734E-02 -4.4722889E-02 -4.7739875E-02 -5.0372358E-02
 -5.2599430E-02 -5.4402962E-02 -5.5768479E-02 -5.6684956E-02 -5.7145048E-02
  5.0422102E-02  5.0016154E-02  4.9207471E-02  4.8002616E-02  4.6411276E-02
  4.4446137E-02  4.2123500E-02  3.9461251E-02  3.6481619E-02  3.3208117E-02
  2.9667258E-02  2.5887519E-02  2.1899357E-02  1.7735004E-02  1.3427631E-02
  9.0121031E-03  4.5243800E-03  0.0000000E+00 -4.5243800E-03 -9.0121031E-03
 -1.3427631E-02 -1.7735004E-02 -2.1899357E-02 -2.5887519E-02 -2.9667256E-02
 -3.3208117E-02 -3.6481619E-02 -3.9461251E-02 -4.2123497E-02 -4.4446137E-02
 -4.6411276E-02 -4.8002612E-02 -4.9207471E-02 -5.0016157E-02 -5.0422102E-02
  4.3699160E-02  4.3347329E-02  4.2646471E-02  4.1602265E-02  4.0223099E-02
  3.8520020E-02  3.6506914E-02  3.4199882E-02  3.1617373E-02  2.8780369E-02
  2.5711622E-02  2.2435892E-02  1.8979371E-02  1.5370370E-02  1.1637256E-02
  7.8106071E-03  3.9211214E-03  0.0000000E+00 -3.9211209E-03 -7.8106071E-03
 -1.1637256E-02 -1.5370370E-02 -1.8979371E-02 -2.2435889E-02 -2.5711622E-02
 -2.8780371E-02 -3.1617373E-02 -3.4199882E-02 -3.6506910E-02 -3.8520016E-02
 -4.0223099E-02 -4.1602269E-02 -4.2646471E-02 -4.3347329E-02 -4.3699160E-02
  3.6976222E-02  3.6678486E-02  3.6085494E-02  3.5201911E-02  3.4034930E-02
  3.2593913E-02  3.0890401E-02  2.8938405E-02  2.6753113E-02  2.4352623E-02
  2.1755995E-02  1.8984139E-02  1.6059622E-02  1.3005614E-02  9.8468810E-03
  6.6091265E-03  3.3178625E-03  0.0000000E+00 -3.3178627E-03 -6.6091265E-03
 -9.8468801E-03 -1.3005614E-02 -1.6059622E-02 -1.8984139E-02 -2.1755993E-02
 -2.4352623E-02 -2.6753113E-02 -2.8938405E-02 -3.0890403E-02 -3.2593913E-02
 -3.4034934E-02 -3.5201915E-02 -3.6085490E-02 -3.6678486E-02 -3.6976226E-02
  3.0253276E-02  3.0009674E-02  2.9524492E-02  2.8801557E-02  2.7846768E-02
  2.6667738E-02  2.5274022E-02  2.3676798E-02  2.1888904E-02  1.9924872E-02
  1.7800400E-02  1.5532509E-02  1.3139620E-02  1.0640995E-02  8.0565074E-03
  5.4074968E-03  2.7146188E-03  0.0000000E+00 -2.7146190E-03 -5.4074968E-03
 -8.0565065E-03 -1.0640995E-02 -1.3139620E-02 -1.5532509E-02 -1.7800398E-02
 -1.9924873E-02 -2.1888904E-02 -2.3676798E-02 -2.5274022E-02 -2.6667738E-02
 -2.7846768E-02 -2.8801560E-02 -2.9524492E-02 -3.0009672E-02 -3.0253276E-02
  2.3530327E-02  2.3340862E-02  2.2963488E-02  2.2401212E-02  2.1658598E-02
  2.0741563E-02  1.9657575E-02  1.8415304E-02  1.7024720E-02  1.5497119E-02
  1.3844721E-02  1.2080892E-02  1.0219626E-02  8.2763582E-03  6.2661543E-03
  4.2058309E-03  2.1113756E-03  0.0000000E+00 -2.1113753E-03 -4.2058304E-03
 -6.2661543E-03 -8.2763582E-03 -1.0219627E-02 -1.2080893E-02 -1.3844721E-02
 -1.5497118E-02 -1.7024720E-02 -1.8415304E-02 -1.9657575E-02 -2.0741563E-02
 -2.1658603E-02 -2.2401216E-02 -2.2963488E-02 -2.3340862E-02 -2.3530323E-02
  1.6807374E-02  1.6672038E-02  1.6402500E-02  1.6000861E-02  1.5470424E-02
  1.4815412E-02  1.4041130E-02  1.3153773E-02  1.2160521E-02  1.1069369E-02
  9.8890848E-03  8.6291805E-03  7.2997953E-03  5.9116334E-03  4.4758762E-03
  3.0041190E-03  1.5081093E-03  0.0000000E+00 -1.5081093E-03 -3.0041188E-03
 -4.4758767E-03 -5.9116334E-03 -7.2997953E-03 -8.6291805E-03 -9.8890848E-03
 -1.1069369E-02 -1.2160521E-02 -1.3153773E-02 -1.4041130E-02 -1.4815411E-02
 -1.5470424E-02 -1.6000861E-02 -1.6402500E-02 -1.6672038E-02 -1.6807375E-02
  1.0084425E-02  1.0003225E-02  9.8414999E-03  9.6005136E-03  9.2822490E-03
  8.8892607E-03  8.4246788E-03  7.8922492E-03  7.2963238E-03  6.6416115E-03
  5.9334608E-03  5.1775044E-03  4.3798722E-03  3.5469867E-03  2.6855282E-03
  1.8024633E-03  9.0486184E-04  0.0000000E+00 -9.0486184E-04 -1.8024631E-03
 -2.6855282E-03 -3.5469867E-03 -4.3798718E-03 -5.1775053E-03 -5.9334598E-03
 -6.6416133E-03 -7.2963228E-03 -7.8922492E-03 -8.4246788E-03 -8.8892598E-03
 -9.2822490E-03 -9.6005127E-03 -9.8415017E-03 -1.0003225E-02 -1.0084425E-02
  3.3614747E-03  3.3344124E-03  3.2805002E-03  3.2001620E-03  3.0940874E-03
  2.9630868E-03  2.8082265E-03  2.6307497E-03  2.4321117E-03  2.2138637E-03
  1.9778237E-03  1.7258376E-03  1.4599524E-03  1.1823364E-03  8.9517608E-04
  6.0081109E-04  3.0162558E-04  0.0000000E+00 -3.0162558E-04 -6.0081109E-04
 -8.9517608E-04 -1.1823364E-03 -1.4599524E-03 -1.7258376E-03 -1.9778237E-03
 -2.2138637E-03 -2.4321117E-03 -2.6307497E-03 -2.8082265E-03 -2.9630868E-03
 -3.0940874E-03 -3.2001620E-03 -3.2805002E-03 -3.3344128E-03 -3.3614747E-03
  4.8433177E-02  4.8433114E-02  4.8433058E-02  4.8433103E-02  4.8433237E-02
  4.8433241E-02  4.8433207E-02  4.8433207E-02  4.8433278E-02  4.8433293E-02
  4.8433270E-02  4.8433203E-02  4.8433296E-02  4.8433136E-02  4.8433099E-02
  4.8433173E-02  4.8433267E-02  4.8433289E-02  4.8433267E-02  4.8433173E-02
  4.8433099E-02  4.8433136E-02  4.8433296E-02  4.8433192E-02  4.8433270E-02
  4.8433289E-02  4.8433281E-02  4.8433218E-02  4.8433214E-02  4.8433241E-02
  4.8433233E-02  4.8433103E-02  4.8433058E-02  4.8433114E-02  4.8433177E-02
  5.1178493E-02  5.1178548E-02  5.1178556E-02  5.1178526E-02  5.1178586E-02
  5.1178481E-02  5.1178444E-02  5.1178496E-02  5.1178500E-02  5.1178340E-02
  5.1178347E-02  5.1178411E-02  5.1178444E-02  5.1178385E-02  5.1178601E-02
  5.1178623E-02  5.1178571E-02  5.1178500E-02  5.1178571E-02  5.1178623E-02
  5.1178601E-02  5.1178385E-02  5.1178444E-02  5.1178411E-02  5.1178347E-02
  5.1178340E-02  5.1178500E-02  5.1178496E-02  5.1178444E-02  5.1178481E-02
  5.1178582E-02  5.1178526E-02  5.1178563E-02  5.1178548E-02  5.1178493E-02
  5.3923588E-02  5.3923614E-02  5.3923637E-02  5.3923536E-02  5.3923529E-02
  5.3923607E-02  5.3923614E-02  5.3923637E-02  5.3923666E-02  5.3923652E-02
  5.3923875E-02  5.3923726E-02  5.3923510E-02  5.3923544E-02  5.3923640E-02
  5.3923544E-02  5.3923670E-02  5.3923707E-02  5.3923670E-02  5.3923544E-02
  5.3923644E-02  5.3923544E-02  5.3923510E-02  5.3923726E-02  5.3923875E-02
  5.3923652E-02  5.3923670E-02  5.3923637E-02  5.3923618E-02  5.3923614E-02
  5.3923521E-02  5.3923544E-02  5.3923637E-02  5.3923611E-02  5.3923588E-02
  5.6668952E-02  5.6668822E-02  5.6668784E-02  5.6668893E-02  5.6668948E-02
  5.6668933E-02  5.6668825E-02  5.6668729E-02  5.6668743E-02  5.6668665E-02
  5.6668695E-02  5.6668781E-02  5.6668945E-02  5.6668997E-02  5.6668848E-02
  5.6668755E-02  5.6668688E-02  5.6668609E-02  5.6668691E-02  5.6668755E-02
  5.6668848E-02  5.6668989E-02  5.6668945E-02  5.6668781E-02  5.6668695E-02
  5.6668658E-02  5.6668743E-02  5.6668717E-02  5.6668822E-02  5.6668933E-02
  5.6668948E-02  5.6668893E-02  5.6668784E-02  5.6668818E-02  5.6668948E-02
  2.5127010E-02  2.5127066E-02  2.5127007E-02  2.5127040E-02  2.5126945E-02
  2.5126811E-02  2.5126956E-02  2.5127193E-02  2.5127150E-02  2.5127109E-02
  2.5127094E-02  2.5127044E-02  2.5126919E-02  2.5126843E-02  2.5127027E-02
  2.5127027E-02  2.5127066E-02  2.5127174E-02  2.5127068E-02  2.5127027E-02
  2.5127027E-02  2.5126839E-02  2.5126919E-02  2.5127044E-02  2.5127092E-02
  2.5127109E-02  2.5127150E-02  2.5127193E-02  2.5126956E-02  2.5126811E-02
  2.5126945E-02  2.5127040E-02  2.5127007E-02  2.5127068E-02  2.5127010E-02
  2.5631189E-02  2.5631279E-02  2.5631292E-02  2.5631143E-02  2.5631201E-02
  2.5631292E-02  2.5631223E-02  2.5631124E-02  2.5631066E-02  2.5631122E-02
  2.5631214E-02  2.5631264E-02  2.5631355E-02  2.5631428E-02  2.5631232E-02
  2.5631296E-02  2.5631286E-02  2.5631070E-02  2.5631286E-02  2.5631294E-02
  2.5631234E-02  2.5631424E-02  2.5631355E-02  2.5631264E-02  2.5631214E-02
  2.5631122E-02  2.5631065E-02  2.5631124E-02  2.5631223E-02  2.5631292E-02
  2.5631199E-02  2.5631143E-02  2.5631292E-02  2.5631279E-02  2.5631189E-02
  2.6135452E-02  2.6135463E-02  2.6135506E-02  2.6135454E-02  2.6135607E-02
  2.6135672E-02  2.6135638E-02  2.6135568E-02  2.6135657E-02  2.6135609E-02
  2.6135545E-02  2.6135501E-02  2.6135551E-02  2.6135536E-02  2.6135512E-02
  2.6135482E-02  2.6135501E-02  2.6135627E-02  2.6135501E-02  2.6135484E-02
  2.6135512E-02  2.6135536E-02  2.6135551E-02  2.6135501E-02  2.6135543E-02
  2.6135609E-02  2.6135659E-02  2.6135566E-02  2.6135638E-02  2.6135672E-02
  2.6135607E-02  2.6135452E-02  2.6135506E-02  2.6135463E-02  2.6135452E-02
  2.6639668E-02  2.6639562E-02  2.6639491E-02  2.6639465E-02  2.6639480E-02
  2.6639406E-02  2.6639538E-02  2.6639692E-02  2.6639707E-02  2.6639661E-02
  2.6639562E-02  2.6639666E-02  2.6639709E-02  2.6639484E-02  2.6639706E-02
  2.6639733E-02  2.6639562E-02  2.6639510E-02  2.6639564E-02  2.6639733E-02
  2.6639706E-02  2.6639482E-02  2.6639709E-02  2.6639666E-02  2.6639564E-02
  2.6639665E-02  2.6639709E-02  2.6639694E-02  2.6639538E-02  2.6639404E-02
  2.6639480E-02  2.6639463E-02  2.6639491E-02  2.6639562E-02  2.6639668E-02
 -2.6639665E-02 -2.6639562E-02 -2.6639491E-02 -2.6639463E-02 -2.6639480E-02
 -2.6639404E-02 -2.6639538E-02 -2.6639694E-02 -2.6639707E-02 -2.6639665E-02
 -2.6639562E-02 -2.6639666E-02 -2.6639709E-02 -2.6639482E-02 -2.6639709E-02
 -2.6639732E-02 -2.6639562E-02 -2.6639510E-02 -2.6639564E-02 -2.6639732E-02
 -2.6639706E-02 -2.6639484E-02 -2.6639709E-02 -2.6639666E-02 -2.6639564E-02
 -2.6639661E-02 -2.6639707E-02 -2.6639694E-02 -2.6639538E-02 -2.6639406E-02
 -2.6639480E-02 -2.6639465E-02 -2.6639491E-02 -2.6639562E-02 -2.6639665E-02
 -2.6135452E-02 -2.6135463E-02 -2.6135506E-02 -2.6135452E-02 -2.6135607E-02
 -2.6135672E-02 -2.6135638E-02 -2.6135566E-02 -2.6135657E-02 -2.6135607E-02
 -2.6135543E-02 -2.6135501E-02 -2.6135551E-02 -2.6135540E-02 -2.6135512E-02
 -2.6135484E-02 -2.6135501E-02 -2.6135629E-02 -2.6135501E-02 -2.6135482E-02
 -2.6135512E-02 -2.6135540E-02 -2.6135551E-02 -2.6135501E-02 -2.6135545E-02
 -2.6135609E-02 -2.6135657E-02 -2.6135566E-02 -2.6135638E-02 -2.6135674E-02
 -2.6135607E-02 -2.6135452E-02 -2.6135506E-02 -2.6135463E-02 -2.6135452E-02
 -2.5631191E-02 -2.5631279E-02 -2.5631292E-02 -2.5631143E-02 -2.5631199E-02
 -2.5631292E-02 -2.5631223E-02 -2.5631124E-02 -2.5631065E-02 -2.5631122E-02
 -2.5631214E-02 -2.5631264E-02 -2.5631355E-02 -2.5631424E-02 -2.5631234E-02
 -2.5631294E-02 -2.5631286E-02 -2.5631070E-02 -2.5631286E-02 -2.5631294E-02
 -2.5631234E-02 -2.5631424E-02 -2.5631355E-02 -2.5631266E-02 -2.5631214E-02
 -2.5631122E-02 -2.5631066E-02 -2.5631124E-02 -2.5631223E-02 -2.5631292E-02
 -2.5631199E-02 -2.5631143E-02 -2.5631292E-02 -2.5631279E-02 -2.5631189E-02
 -2.5127010E-02 -2.5127068E-02 -2.5127007E-02 -2.5127040E-02 -2.5126945E-02
 -2.5126811E-02 -2.5126956E-02 -2.5127193E-02 -2.5127150E-02 -2.5127107E-02
 -2.5127089E-02 -2.5127044E-02 -2.5126919E-02 -2.5126839E-02 -2.5127027E-02
 -2.5127027E-02 -2.5127066E-02 -2.5127174E-02 -2.5127068E-02 -2.5127027E-02
 -2.5127027E-02 -2.5126843E-02 -2.5126919E-02 -2.5127044E-02 -2.5127092E-02
 -2.5127109E-02 -2.5127150E-02 -2.5127193E-02 -2.5126956E-02 -2.5126811E-02
 -2.5126943E-02 -2.5127040E-02 -2.5127007E-02 -2.5127066E-02 -2.5127010E-02
 -5.6668948E-02 -5.6668818E-02 -5.6668784E-02 -5.6668893E-02 -5.6668948E-02
 -5.6668933E-02 -5.6668822E-02 -5.6668729E-02 -5.6668743E-02 -5.6668658E-02
 -5.6668688E-02 -5.6668781E-02 -5.6668945E-02 -5.6668997E-02 -5.6668848E-02
 -5.6668755E-02 -5.6668695E-02 -5.6668609E-02 -5.6668699E-02 -5.6668755E-02
 -5.6668848E-02 -5.6668997E-02 -5.6668945E-02 -5.6668781E-02 -5.6668680E-02
 -5.6668665E-02 -5.6668743E-02 -5.6668729E-02 -5.6668825E-02 -5.6668933E-02
 -5.6668948E-02 -5.6668893E-02 -5.6668784E-02 -5.6668822E-02 -5.6668952E-02
 -5.3923588E-02 -5.3923611E-02 -5.3923637E-02 -5.3923544E-02 -5.3923525E-02
 -5.3923603E-02 -5.3923614E-02 -5.3923637E-02 -5.3923670E-02 -5.3923652E-02
 -5.3923875E-02 -5.3923726E-02 -5.3923510E-02 -5.3923544E-02 -5.3923640E-02
 -5.3923551E-02 -5.3923670E-02 -5.3923707E-02 -5.3923670E-02 -5.3923551E-02
 -5.3923640E-02 -5.3923544E-02 -5.3923510E-02 -5.3923726E-02 -5.3923871E-02
 -5.3923652E-02 -5.3923674E-02 -5.3923637E-02 -5.3923607E-02 -5.3923607E-02
 -5.3923529E-02 -5.3923544E-02 -5.3923637E-02 -5.3923622E-02 -5.3923588E-02
 -5.1178493E-02 -5.1178548E-02 -5.1178563E-02 -5.1178526E-02 -5.1178586E-02
 -5.1178481E-02 -5.1178444E-02 -5.1178496E-02 -5.1178496E-02 -5.1178340E-02
 -5.1178347E-02 -5.1178411E-02 -5.1178444E-02 -5.1178385E-02 -5.1178601E-02
 -5.1178623E-02 -5.1178571E-02 -5.1178500E-02 -5.1178571E-02 -5.1178623E-02
 -5.1178597E-02 -5.1178385E-02 -5.1178444E-02 -5.1178411E-02 -5.1178347E-02
 -5.1178340E-02 -5.1178500E-02 -5.1178496E-02 -5.1178444E-02 -5.1178481E-02
 -5.1178582E-02 -5.1178522E-02 -5.1178563E-02 -5.1178548E-02 -5.1178493E-02
 -4.8433177E-02 -4.8433114E-02 -4.8433058E-02 -4.8433103E-02 -4.8433233E-02
 -4.8433241E-02 -4.8433214E-02 -4.8433207E-02 -4.8433281E-02 -4.8433289E-02
 -4.8433270E-02 -4.8433203E-02 -4.8433296E-02 -4.8433132E-02 -4.8433099E-02
 -4.8433173E-02 -4.8433263E-02 -4.8433296E-02 -4.8433267E-02 -4.8433173E-02
 -4.8433099E-02 -4.8433144E-02 -4.8433296E-02 -4.8433200E-02 -4.8433270E-02
 -4.8433289E-02 -4.8433281E-02 -4.8433211E-02 -4.8433214E-02 -4.8433241E-02
 -4.8433233E-02 -4.8433103E-02 -4.8433058E-02 -4.8433114E-02 -4.8433177E-02
 -7.6641545E-02 -7.6641575E-02 -7.6641619E-02 -7.6641649E-02 -7.6641724E-02
 -7.6641694E-02 -7.6641560E-02 -7.6641619E-02 -7.6641530E-02 -7.6641686E-02
 -7.6641515E-02 -7.6641731E-02 -7.6641470E-02 -7.6641664E-02 -7.6641664E-02
 -7.6641664E-02 -7.6641627E-02 -7.6641649E-02 -7.6641627E-02 -7.6641664E-02
 -7.6641664E-02 -7.6641664E-02 -7.6641470E-02 -7.6641724E-02 -7.6641515E-02
 -7.6641694E-02 -7.6641537E-02 -7.6641619E-02 -7.6641560E-02 -7.6641694E-02
 -7.6641724E-02 -7.6641664E-02 -7.6641627E-02 -7.6641575E-02 -7.6641537E-02
 -6.8574138E-02 -6.8574183E-02 -6.8574131E-02 -6.8574056E-02 -6.8574071E-02
 -6.8574071E-02 -6.8574131E-02 -6.8574041E-02 -6.8574101E-02 -6.8573914E-02
 -6.8573937E-02 -6.8574108E-02 -6.8574011E-02 -6.8574116E-02 -6.8573974E-02
 -6.8574019E-02 -6.8574078E-02 -6.8574056E-02 -6.8574078E-02 -6.8574019E-02
 -6.8573974E-02 -6.8574116E-02 -6.8574011E-02 -6.8574101E-02 -6.8573937E-02
 -6.8573914E-02 -6.8574108E-02 -6.8574041E-02 -6.8574123E-02 -6.8574071E-02
 -6.8574071E-02 -6.8574056E-02 -6.8574131E-02 -6.8574183E-02 -6.8574138E-02
 -6.0506500E-02 -6.0506508E-02 -6.0506519E-02 -6.0506593E-02 -6.0506534E-02
 -6.0506437E-02 -6.0506642E-02 -6.0506560E-02 -6.0506657E-02 -6.0506489E-02
 -6.0506638E-02 -6.0506508E-02 -6.0506552E-02 -6.0506646E-02 -6.0506504E-02
 -6.0506485E-02 -6.0506575E-02 -6.0506567E-02 -6.0506575E-02 -6.0506485E-02
 -6.0506504E-02 -6.0506646E-02 -6.0506556E-02 -6.0506508E-02 -6.0506627E-02
 -6.0506482E-02 -6.0506657E-02 -6.0506560E-02 -6.0506627E-02 -6.0506437E-02
 -6.0506534E-02 -6.0506590E-02 -6.0506523E-02 -6.0506511E-02 -6.0506500E-02
 -5.2438963E-02 -5.2439004E-02 -5.2439000E-02 -5.2438967E-02 -5.2438948E-02
 -5.2438952E-02 -5.2438859E-02 -5.2439056E-02 -5.2438863E-02 -5.2438937E-02
 -5.2439049E-02 -5.2439094E-02 -5.2438937E-02 -5.2439015E-02 -5.2439019E-02
 -5.2438948E-02 -5.2438833E-02 -5.2438814E-02 -5.2438829E-02 -5.2438945E-02
 -5.2439015E-02 -5.2439019E-02 -5.2438937E-02 -5.2439090E-02 -5.2439049E-02
 -5.2438941E-02 -5.2438863E-02 -5.2439056E-02 -5.2438851E-02 -5.2438945E-02
 -5.2438952E-02 -5.2438967E-02 -5.2439000E-02 -5.2439004E-02 -5.2438963E-02
 -4.4371527E-02 -4.4371516E-02 -4.4371489E-02 -4.4371497E-02 -4.4371538E-02
 -4.4371493E-02 -4.4371445E-02 -4.4371612E-02 -4.4371478E-02 -4.4371549E-02
 -4.4371556E-02 -4.4371448E-02 -4.4371508E-02 -4.4371441E-02 -4.4371426E-02
 -4.4371460E-02 -4.4371452E-02 -4.4371493E-02 -4.4371460E-02 -4.4371460E-02
 -4.4371422E-02 -4.4371445E-02 -4.4371508E-02 -4.4371448E-02 -4.4371556E-02
 -4.4371549E-02 -4.4371478E-02 -4.4371612E-02 -4.4371448E-02 -4.4371493E-02
 -4.4371542E-02 -4.4371497E-02 -4.4371493E-02 -4.4371516E-02 -4.4371523E-02
 -3.6303915E-02 -3.6303818E-02 -3.6303911E-02 -3.6303859E-02 -3.6303841E-02
 -3.6303826E-02 -3.6303926E-02 -3.6303863E-02 -3.6303833E-02 -3.6303915E-02
 -3.6303945E-02 -3.6303900E-02 -3.6303923E-02 -3.6303964E-02 -3.6303934E-02
 -3.6303986E-02 -3.6303926E-02 -3.6303949E-02 -3.6303923E-02 -3.6303986E-02
 -3.6303930E-02 -3.6303964E-02 -3.6303923E-02 -3.6303900E-02 -3.6303941E-02
 -3.6303919E-02 -3.6303833E-02 -3.6303863E-02 -3.6303923E-02 -3.6303826E-02
 -3.6303841E-02 -3.6303863E-02 -3.6303911E-02 -3.6303815E-02 -3.6303915E-02
 -2.8236384E-02 -2.8236382E-02 -2.8236419E-02 -2.8236333E-02 -2.8236395E-02
 -2.8236398E-02 -2.8236436E-02 -2.8236402E-02 -2.8236371E-02 -2.8236397E-02
 -2.8236382E-02 -2.8236430E-02 -2.8236341E-02 -2.8236391E-02 -2.8236352E-02
 -2.8236400E-02 -2.8236389E-02 -2.8236423E-02 -2.8236402E-02 -2.8236395E-02
 -2.8236354E-02 -2.8236393E-02 -2.8236344E-02 -2.8236434E-02 -2.8236385E-02
 -2.8236395E-02 -2.8236369E-02 -2.8236402E-02 -2.8236438E-02 -2.8236398E-02
 -2.8236400E-02 -2.8236333E-02 -2.8236419E-02 -2.8236380E-02 -2.8236382E-02
 -2.0168846E-02 -2.0168833E-02 -2.0168852E-02 -2.0168841E-02 -2.0168846E-02
 -2.0168843E-02 -2.0168852E-02 -2.0168846E-02 -2.0168837E-02 -2.0168854E-02
 -2.0168835E-02 -2.0168848E-02 -2.0168852E-02 -2.0168837E-02 -2.0168843E-02
 -2.0168850E-02 -2.0168837E-02 -2.0168865E-02 -2.0168852E-02 -2.0168848E-02
 -2.0168843E-02 -2.0168839E-02 -2.0168852E-02 -2.0168848E-02 -2.0168835E-02
 -2.0168854E-02 -2.0168837E-02 -2.0168846E-02 -2.0168852E-02 -2.0168841E-02
 -2.0168846E-02 -2.0168841E-02 -2.0168854E-02 -2.0168833E-02 -2.0168848E-02
 -1.2101310E-02 -1.2101304E-02 -1.2101314E-02 -1.2101298E-02 -1.2101299E-02
 -1.2101321E-02 -1.2101312E-02 -1.2101295E-02 -1.2101313E-02 -1.2101306E-02
 -1.2101311E-02 -1.2101312E-02 -1.2101307E-02 -1.2101303E-02 -1.2101294E-02
 -1.2101309E-02 -1.2101324E-02 -1.2101293E-02 -1.2101324E-02 -1.2101308E-02
 -1.2101295E-02 -1.2101301E-02 -1.2101307E-02 -1.2101314E-02 -1.2101309E-02
 -1.2101307E-02 -1.2101312E-02 -1.2101296E-02 -1.2101310E-02 -1.2101321E-02
 -1.2101298E-02 -1.2101295E-02 -1.2101313E-02 -1.2101303E-02 -1.2101309E-02
 -4.0337699E-03 -4.0337727E-03 -4.0337713E-03 -4.0337555E-03 -4.0337723E-03
 -4.0337793E-03 -4.0337667E-03 -4.0337676E-03 -4.0337704E-03 -4.0337658E-03
 -4.0337676E-03 -4.0337727E-03 -4.0337662E-03 -4.0337713E-03 -4.0337667E-03
 -4.0337672E-03 -4.0337793E-03 -4.0337541E-03 -4.0337797E-03 -4.0337672E-03
 -4.0337667E-03 -4.0337713E-03 -4.0337662E-03 -4.0337727E-03 -4.0337676E-03
 -4.0337658E-03 -4.0337709E-03 -4.0337676E-03 -4.0337667E-03 -4.0337793E-03
 -4.0337723E-03 -4.0337555E-03 -4.0337713E-03 -4.0337732E-03 -4.0337699E-03
  4.8433177E-02  4.8433114E-02  4.8433058E-02  4.8433103E-02  4.8433237E-02
  4.8433241E-02  4.8433207E-02  4.8433207E-02  4.8433278E-02  4.8433293E-02
  4.8433270E-02  4.8433203E-02  4.8433296E-02  4.8433136E-02  4.8433099E-02
  4.8433173E-02  4.8433267E-02  4.8433289E-02  4.8433267E-02  4.8433173E-02
  4.8433099E-02  4.8433136E-02  4.8433296E-02  4.8433192E-02  4.8433270E-02
  4.8433289E-02  4.8433281E-02  4.8433218E-02  4.8433214E-02  4.8433241E-02
  4.8433233E-02  4.8433103E-02  4.8433058E-02  4.8433114E-02  4.8433177E-02
  5.1178493E-02  5.1178548E-02  5.1178556E-02  5.1178526E-02  5.1178586E-02
  5.1178481E-02  5.1178444E-02  5.1178496E-02  5.1178500E-02  5.1178340E-02
  5.1178347E-02  5.1178411E-02  5.1178444E-02  5.1178385E-02  5.1178601E-02
  5.1178623E-02  5.1178571E-02  5.1178500E-02  5.1178571E-02  5.1178623E-02
  5.1178601E-02  5.1178385E-02  5.1178444E-02  5.1178411E-02  5.1178347E-02
  5.1178340E-02  5.1178500E-02  5.1178496E-02  5.1178444E-02  5.1178481E-02
  5.1178582E-02  5.1178526E-02  5.1178563E-02  5.1178548E-02  5.1178493E-02
  5.3923588E-02  5.3923614E-02  5.3923637E-02  5.3923536E-02  5.3923529E-02
  5.3923607E-02  5.3923614E-02  5.3923637E-02  5.3923666E-02  5.3923652E-02
  5.3923875E-02  5.3923726E-02  5.3923510E-02  5.3923544E-02  5.3923640E-02
  5.3923544E-02  5.3923670E-02  5.3923707E-02  5.3923670E-02  5.3923544E-02
  5.3923644E-02  5.3923544E-02  5.3923510E-02  5.3923726E-02  5.3923875E-02
  5.3923652E-02  5.3923670E-02  5.3923637E-02  5.3923618E-02  5.3923614E-02
  5.3923521E-02  5.3923544E-02  5.3923637E-02  5.3923611E-02  5.3923588E-02
  5.6668952E-02  5.6668822E-02  5.6668784E-02  5.6668893E-02  5.6668948E-02
  5.6668933E-02  5.6668825E-02  5.6668729E-02  5.6668743E-02  5.6668665E-02
  5.6668695E-02  5.6668781E-02  5.6668945E-02  5.6668997E-02  5.6668848E-02
  5.6668755E-02  5.6668688E-02  5.6668609E-02  5.6668691E-02  5.6668755E-02
  5.6668848E-02  5.6668989E-02  5.6668945E-02  5.6668781E-02  5.6668695E-02
  5.6668658E-02  5.6668743E-02  5.6668717E-02  5.6668822E-02  5.6668933E-02
  5.6668948E-02  5.6668893E-02  5.6668784E-02  5.6668818E-02  5.6668948E-02
  2.5127010E-02  2.5127066E-02  2.5127007E-02  2.5127040E-02  2.5126945E-02
  2.5126811E-02  2.5126956E-02  2.5127193E-02  2.5127150E-02  2.5127109E-02
  2.5127094E-02  2.5127044E-02  2.5126919E-02  2.5126843E-02  2.5127027E-02
  2.5127027E-02  2.5127066E-02  2.5127174E-02  2.5127068E-02  2.5127027E-02
  2.5127027E-02  2.5126839E-02  2.5126919E-02  2.5127044E-02  2.5127092E-02
  2.5127109E-02  2.5127150E-02  2.5127193E-02  2.5126956E-02  2.5126811E-02
  2.5126945E-02  2.5127040E-02  2.5127007E-02  2.5127068E-02  2.5127010E-02
  2.5631189E-02  2.5631279E-02  2.5631292E-02  2.5631143E-02  2.5631201E-02
  2.5631292E-02  2.5631223E-02  2.5631124E-02  2.5631066E-02  2.5631122E-02
  2.5631214E-02  2.5631264E-02  2.5631355E-02  2.5631428E-02  2.5631232E-02
  2.5631296E-02  2.5631286E-02  2.5631070E-02  2.5631286E-02  2.5631294E-02
  2.5631234E-02  2.5631424E-02  2.5631355E-02  2.5631264E-02  2.5631214E-02
  2.5631122E-02  2.5631065E-02  2.5631124E-02  2.5631223E-02  2.5631292E-02
  2.5631199E-02  2.5631143E-02  2.5631292E-02  2.5631279E-02  2.5631189E-02
  2.6135452E-02  2.6135463E-02  2.6135506E-02  2.6135454E-02  2.6135607E-02
  2.6135672E-02  2.6135638E-02  2.6135568E-02  2.6135657E-02  2.6135609E-02
  2.6135545E-02  2.6135501E-02  2.6135551E-02  2.6135536E-02  2.6135512E-02
  2.6135482E-02  2.6135501E-02  2.6135627E-02  2.6135501E-02  2.6135484E-02
  2.6135512E-02  2.6135536E-02  2.6135551E-02  2.6135501E-02  2.6135543E-02
  2.6135609E-02  2.6135659E-02  2.6135566E-02  2.6135638E-02  2.6135672E-02
  2.6135607E-02  2.6135452E-02  2.6135506E-02  2.6135463E-02  2.6135452E-02
  2.6639668E-02  2.6639562E-02  2.6639491E-02  2.6639465E-02  2.6639480E-02
  2.6639406E-02  2.6639538E-02  2.6639692E-02  2.6639707E-02  2.6639661E-02
  2.6639562E-02  2.6639666E-02  2.6639709E-02  2.6639484E-02  2.6639706E-02
  2.6639733E-02  2.6639562E-02  2.6639510E-02  2.6639564E-02  2.6639733E-02
  2.6639706E-02  2.6639482E-02  2.6639709E-02  2.6639666E-02  2.6639564E-02
  2.6639665E-02  2.6639709E-02  2.6639694E-02  2.6639538E-02  2.6639404E-02
  2.6639480E-02  2.6639463E-02  2.6639491E-02  2.6639562E-02  2.6639668E-02
 -2.6639665E-02 -2.6639562E-02 -2.6639491E-02 -2.6639463E-02 -2.6639480E-02
 -2.6639404E-02 -2.6639538E-02 -2.6639694E-02 -2.6639707E-02 -2.6639665E-02
 -2.6639562E-02 -2.6639666E-02 -2.6639709E-02 -2.6639482E-02 -2.6639709E-02
 -2.6639732E-02 -2.6639562E-02 -2.6639510E-02 -2.6639564E-02 -2.6639732E-02
 -2.6639706E-02 -2.6639484E-02 -2.6639709E-02 -2.6639666E-02 -2.6639564E-02
 -2.6639661E-02 -2.6639707E-02 -2.6639694E-02 -2.6639538E-02 -2.6639406E-02
 -2.6639480E-02 -2.6639465E-02 -2.6639491E-02 -2.6639562E-02 -2.6639665E-02
 -2.6135452E-02 -2.6135463E-02 -2.6135506E-02 -2.6135452E-02 -2.6135607E-02
 -2.6135672E-02 -2.6135638E-02 -2.6135566E-02 -2.6135657E-02 -2.6135607E-02
 -2.6135543E-02 -2.6135501E-02 -2.6135551E-02 -2.6135540E-02 -2.6135512E-02
 -2.6135484E-02 -2.6135501E-02 -2.6135629E-02 -2.6135501E-02 -2.6135482E-02
 -2.6135512E-02 -2.6135540E-02 -2.6135551E-02 -2.6135501E-02 -2.6135545E-02
 -2.6135609E-02 -2.6135657E-02 -2.6135566E-02 -2.6135638E-02 -2.6135674E-02
 -2.6135607E-02 -2.6135452E-02 -2.6135506E-02 -2.6135463E-02 -2.6135452E-02
 -2.5631191E-02 -2.5631279E-02 -2.5631292E-02 -2.5631143E-02 -2.5631199E-02
 -2.5631292E-02 -2.5631223E-02 -2.5631124E-02 -2.5631065E-02 -2.5631122E-02
 -2.5631214E-02 -2.5631264E-02 -2.5631355E-02 -2.5631424E-02 -2.5631234E-02
 -2.5631294E-02 -2.5631286E-02 -2.5631070E-02 -2.5631286E-02 -2.5631294E-02
 -2.5631234E-02 -2.5631424E-02 -2.5631355E-02 -2.5631266E-02 -2.5631214E-02
 -2.5631122E-02 -2.5631066E-02 -2.5631124E-02 -2.5631223E-02 -2.5631292E-02
 -2.5631199E-02 -2.5631143E-02 -2.5631292E-02 -2.5631279E-02 -2.5631189E-02
 -2.5127010E-02 -2.5127068E-02 -2.5127007E-02 -2.5127040E-02 -2.5126945E-02
 -2.5126811E-02 -2.5126956E-02 -2.5127193E-02 -2.5127150E-02 -2.5127107E-02
 -2.5127089E-02 -2.5127044E-02 -2.5126919E-02 -2.5126839E-02 -2.5127027E-02
 -2.5127027E-02 -2.5127066E-02 -2.5127174E-02 -2.5127068E-02 -2.5127027E-02
 -2.5127027E-02 -2.5126843E-02 -2.5126919E-02 -2.5127044E-02 -2.5127092E-02
 -2.5127109E-02 -2.5127150E-02 -2.5127193E-02 -2.5126956E-02 -2.5126811E-02
 -2.5126943E-02 -2.5127040E-02 -2.5127007E-02 -2.5127066E-02 -2.5127010E-02
 -5.6668948E-02 -5.6668818E-02 -5.6668784E-02 -5.6668893E-02 -5.6668948E-02
 -5.6668933E-02 -5.6668822E-02 -5.6668729E-02 -5.6668743E-02 -5.6668658E-02
 -5.6668688E-02 -5.6668781E-02 -5.6668945E-02 -5.6668997E-02 -5.6668848E-02
 -5.6668755E-02 -5.6668695E-02 -5.6668609E-02 -5.6668699E-02 -5.6668755E-02
 -5.6668848E-02 -5.6668997E-02 -5.6668945E-02 -5.6668781E-02 -5.6668680E-02
 -5.6668665E-02 -5.6668743E-02 -5.6668729E-02 -5.6668825E-02 -5.6668933E-02
 -5.6668948E-02 -5.6668893E-02 -5.6668784E-02 -5.6668822E-02 -5.6668952E-02
 -5.3923588E-02 -5.3923611E-02 -5.3923637E-02 -5.3923544E-02 -5.3923525E-02
 -5.3923603E-02 -5.3923614E-02 -5.3923637E-02 -5.3923670E-02 -5.3923652E-02
 -5.3923875E-02 -5.3923726E-02 -5.3923510E-02 -5.3923544E-02 -5.3923640E-02
 -5.3923551E-02 -5.3923670E-02 -5.3923707E-02 -5.3923670E-02 -5.3923551E-02
 -5.3923640E-02 -5.3923544E-02 -5.3923510E-02 -5.3923726E-02 -5.3923871E-02
 -5.3923652E-02 -5.3923674E-02 -5.3923637E-02 -5.3923607E-02 -5.3923607E-02
 -5.3923529E-02 -5.3923544E-02 -5.3923637E-02 -5.3923622E-02 -5.3923588E-02
 -5.1178493E-02 -5.1178548E-02 -5.1178563E-02 -5.1178526E-02 -5.1178586E-02
 -5.1178481E-02 -5.1178444E-02 -5.1178496E-02 -5.1178496E-02 -5.1178340E-02
 -5.1178347E-02 -5.1178411E-02 -5.1178444E-02 -5.1178385E-02 -5.1178601E-02
 -5.1178623E-02 -5.1178571E-02 -5.1178500E-02 -5.1178571E-02 -5.1178623E-02
 -5.1178597E-02 -5.1178385E-02 -5.1178444E-02 -5.1178411E-02 -5.1178347E-02
 -5.1178340E-02 -5.1178500E-02 -5.1178496E-02 -5.1178444E-02 -5.1178481E-02
 -5.1178582E-02 -5.1178522E-02 -5.1178563E-02 -5.1178548E-02 -5.1178493E-02
 -4.8433177E-02 -4.8433114E-02 -4.8433058E-02 -4.8433103E-02 -4.8433233E-02
 -4.8433241E-02 -4.8433214E-02 -4.8433207E-02 -4.8433281E-02 -4.8433289E-02
 -4.8433270E-02 -4.8433203E-02 -4.8433296E-02 -4.8433132E-02 -4.8433099E-02
 -4.8433173E-02 -4.8433263E-02 -4.8433296E-02 -4.8433267E-02 -4.8433173E-02
 -4.8433099E-02 -4.8433144E-02 -4.8433296E-02 -4.8433200E-02 -4.8433270E-02
 -4.8433289E-02 -4.8433281E-02 -4.8433211E-02 -4.8433214E-02 -4.8433241E-02
 -4.8433233E-02 -4.8433103E-02 -4.8433058E-02 -4.8433114E-02 -4.8433177E-02
 -7.6641545E-02 -7.6641575E-02 -7.6641619E-02 -7.6641649E-02 -7.6641724E-02
 -7.6641694E-02 -7.6641560E-02 -7.6641619E-02 -7.6641530E-02 -7.6641686E-02
 -7.6641515E-02 -7.6641731E-02 -7.6641470E-02 -7.6641664E-02 -7.6641664E-02
 -7.6641664E-02 -7.6641627E-02 -7.6641649E-02 -7.6641627E-02 -7.6641664E-02
 -7.6641664E-02 -7.6641664E-02 -7.6641470E-02 -7.6641724E-02 -7.6641515E-02
 -7.6641694E-02 -7.6641537E-02 -7.6641619E-02 -7.6641560E-02 -7.6641694E-02
 -7.6641724E-02 -7.6641664E-02 -7.6641627E-02 -7.6641575E-02 -7.6641537E-02
 -6.8574138E-02 -6.8574183E-02 -6.8574131E-02 -6.8574056E-02 -6.8574071E-02
 -6.8574071E-02 -6.8574131E-02 -6.8574041E-02 -6.8574101E-02 -6.8573914E-02
 -6.8573937E-02 -6.8574108E-02 -6.8574011E-02 -6.8574116E-02 -6.8573974E-02
 -6.8574019E-02 -6.8574078E-02 -6.8574056E-02 -6.8574078E-02 -6.8574019E-02
 -6.8573974E-02 -6.8574116E-02 -6.8574011E-02 -6.8574101E-02 -6.8573937E-02
 -6.8573914E-02 -6.8574108E-02 -6.8574041E-02 -6.8574123E-02 -6.8574071E-02
 -6.8574071E-02 -6.8574056E-02 -6.8574131E-02 -6.8574183E-02 -6.8574138E-02
 -6.0506500E-02 -6.0506508E-02 -6.0506519E-02 -6.0506593E-02 -6.0506534E-02
 -6.0506437E-02 -6.0506642E-02 -6.0506560E-02 -6.0506657E-02 -6.0506489E-02
 -6.0506638E-02 -6.0506508E-02 -6.0506552E-02 -6.0506646E-02 -6.0506504E-02
 -6.0506485E-02 -6.0506575E-02 -6.0506567E-02 -6.0506575E-02 -6.0506485E-02
 -6.0506504E-02 -6.0506646E-02 -6.0506556E-02 -6.0506508E-02 -6.0506627E-02
 -6.0506482E-02 -6.0506657E-02 -6.0506560E-02 -6.0506627E-02 -6.0506437E-02
 -6.0506534E-02 -6.0506590E-02 -6.0506523E-02 -6.0506511E-02 -6.0506500E-02
 -5.2438963E-02 -5.2439004E-02 -5.2439000E-02 -5.2438967E-02 -5.2438948E-02
 -5.2438952E-02 -5.2438859E-02 -5.2439056E-02 -5.2438863E-02 -5.2438937E-02
 -5.2439049E-02 -5.2439094E-02 -5.2438937E-02 -5.2439015E-02 -5.2439019E-02
 -5.2438948E-02 -5.2438833E-02 -5.2438814E-02 -5.2438829E-02 -5.2438945E-02
 -5.2439015E-02 -5.2439019E-02 -5.2438937E-02 -5.2439090E-02 -5.2439049E-02
 -5.2438941E-02 -5.2438863E-02 -5.2439056E-02 -5.2438851E-02 -5.2438945E-02
 -5.2438952E-02 -5.2438967E-02 -5.2439000E-02 -5.2439004E-02 -5.2438963E-02
 -4.4371527E-02 -4.4371516E-02 -4.4371489E-02 -4.4371497E-02 -4.4371538E-02
 -4.4371493E-02 -4.4371445E-02 -4.4371612E-02 -4.4371478E-02 -4.4371549E-02
 -4.4371556E-02 -4.4371448E-02 -4.4371508E-02 -4.4371441E-02 -4.4371426E-02
 -4.4371460E-02 -4.4371452E-02 -4.4371493E-02 -4.4371460E-02 -4.4371460E-02
 -4.4371422E-02 -4.4371445E-02 -4.4371508E-02 -4.4371448E-02 -4.4371556E-02
 -4.4371549E-02 -4.4371478E-02 -4.4371612E-02 -4.4371448E-02 -4.4371493E-02
 -4.4371542E-02 -4.4371497E-02 -4.4371493E-02 -4.4371516E-02 -4.4371523E-02
 -3.6303915E-02 -3.6303818E-02 -3.6303911E-02 -3.6303859E-02 -3.6303841E-02
 -3.6303826E-02 -3.6303926E-02 -3.6303863E-02 -3.6303833E-02 -3.6303915E-02
 -3.6303945E-02 -3.6303900E-02 -3.6303923E-02 -3.6303964E-02 -3.6303934E-02
 -3.6303986E-02 -3.6303926E-02 -3.6303949E-02 -3.6303923E-02 -3.6303986E-02
 -3.6303930E-02 -3.6303964E-02 -3.6303923E-02 -3.6303900E-02 -3.6303941E-02
 -3.6303919E-02 -3.6303833E-02 -3.6303863E-02 -3.6303923E-02 -3.6303826E-02
 -3.6303841E-02 -3.6303863E-02 -3.6303911E-02 -3.6303815E-02 -3.6303915E-02
 -2.8236384E-02 -2.8236382E-02 -2.8236419E-02 -2.8236333E-02 -2.8236395E-02
 -2.8236398E-02 -2.8236436E-02 -2.8236402E-02 -2.8236371E-02 -2.8236397E-02
 -2.8236382E-02 -2.8236430E-02 -2.8236341E-02 -2.8236391E-02 -2.8236352E-02
 -2.8236400E-02 -2.8236389E-02 -2.8236423E-02 -2.8236402E-02 -2.8236395E-02
 -2.8236354E-02 -2.8236393E-02 -2.8236344E-02 -2.8236434E-02 -2.8236385E-02
 -2.8236395E-02 -2.8236369E-02 -2.8236402E-02 -2.8236438E-02 -2.8236398E-02
 -2.8236400E-02 -2.8236333E-02 -2.8236419E-02 -2.8236380E-02 -2.8236382E-02
 -2.0168846E-02 -2.0168833E-02 -2.0168852E-02 -2.0168841E-02 -2.0168846E-02
 -2.0168843E-02 -2.0168852E-02 -2.0168846E-02 -2.0168837E-02 -2.0168854E-02
 -2.0168835E-02 -2.0168848E-02 -2.0168852E-02 -2.0168837E-02 -2.0168843E-02
 -2.0168850E-02 -2.0168837E-02 -2.0168865E-02 -2.0168852E-02 -2.0168848E-02
 -2.0168843E-02 -2.0168839E-02 -2.0168852E-02 -2.0168848E-02 -2.0168835E-02
 -2.0168854E-02 -2.0168837E-02 -2.0168846E-02 -2.0168852E-02 -2.0168841E-02
 -2.0168846E-02 -2.0168841E-02 -2.0168854E-02 -2.0168833E-02 -2.0168848E-02
 -1.2101310E-02 -1.2101304E-02 -1.2101314E-02 -1.2101298E-02 -1.2101299E-02
 -1.2101321E-02 -1.2101312E-02 -1.2101295E-02 -1.2101313E-02 -1.2101306E-02
 -1.2101311E-02 -1.2101312E-02 -1.2101307E-02 -1.2101303E-02 -1.2101294E-02
 -1.2101309E-02 -1.2101324E-02 -1.2101293E-02 -1.2101324E-02 -1.2101308E-02
 -1.2101295E-02 -1.2101301E-02 -1.2101307E-02 -1.2101314E-02 -1.2101309E-02
 -1.2101307E-02 -1.2101312E-02 -1.2101296E-02 -1.2101310E-02 -1.2101321E-02
 -1.2101298E-02 -1.2101295E-02 -1.2101313E-02 -1.2101303E-02 -1.2101309E-02
 -4.0337699E-03 -4.0337727E-03 -4.0337713E-03 -4.0337555E-03 -4.0337723E-03
 -4.0337793E-03 -4.0337667E-03 -4.0337676E-03 -4.0337704E-03 -4.0337658E-03
 -4.0337676E-03 -4.0337727E-03 -4.0337662E-03 -4.0337713E-03 -4.0337667E-03
 -4.0337672E-03 -4.0337793E-03 -4.0337541E-03 -4.0337797E-03 -4.0337672E-03
 -4.0337667E-03 -4.0337713E-03 -4.0337662E-03 -4.0337727E-03 -4.0337676E-03
 -4.0337658E-03 -4.0337709E-03 -4.0337676E-03 -4.0337667E-03 -4.0337793E-03
 -4.0337723E-03 -4.0337555E-03 -4.0337713E-03 -4.0337732E-03 -4.0337699E-03
  4.9564105E-02  4.9165253E-02  4.8370536E-02  4.7185816E-02  4.5621496E-02
  4.3689821E-02  4.1406520E-02  3.8789541E-02  3.5861064E-02  3.2642439E-02
  2.9162478E-02  2.5447154E-02  2.1526394E-02  1.7433105E-02  1.3199315E-02
  8.8585839E-03  4.4475892E-03 -9.0214031E-11 -4.4475882E-03 -8.8585783E-03
 -1.3199314E-02 -1.7433105E-02 -2.1526394E-02 -2.5447162E-02 -2.9162468E-02
 -3.2642469E-02 -3.5861056E-02 -3.8789552E-02 -4.1406512E-02 -4.3689821E-02
 -4.5621525E-02 -4.7185827E-02 -4.8370536E-02 -4.9165253E-02 -4.9564105E-02
  2.5163760E-02  2.4960954E-02  2.4557404E-02  2.3956262E-02  2.3161916E-02
  2.2181336E-02  2.1022309E-02  1.9693432E-02  1.8206859E-02  1.6572883E-02
  1.4806081E-02  1.2919826E-02  1.0929305E-02  8.8505307E-03  6.7015807E-03
  4.4973567E-03  2.2580840E-03  0.0000000E+00 -2.2580826E-03 -4.4973595E-03
 -6.7015807E-03 -8.8505363E-03 -1.0929305E-02 -1.2919826E-02 -1.4806069E-02
 -1.6572895E-02 -1.8206859E-02 -1.9693432E-02 -2.1022318E-02 -2.2181293E-02
 -2.3161916E-02 -2.3956262E-02 -2.4557393E-02 -2.4960954E-02 -2.5163760E-02
 -2.1556560E-03 -2.1383706E-03 -2.1039122E-03 -2.0520436E-03 -1.9839234E-03
 -1.9001778E-03 -1.8009393E-03 -1.6873003E-03 -1.5597516E-03 -1.4202100E-03
 -1.2688178E-03 -1.1069990E-03 -9.3617308E-04 -7.5822056E-04 -5.7372940E-04
 -3.8537785E-04 -1.9334110E-04  1.0044073E-10  1.9334251E-04  3.8537785E-04
  5.7374063E-04  7.5821497E-04  9.3618990E-04  1.1069990E-03  1.2688178E-03
  1.4202100E-03  1.5597517E-03  1.6872890E-03  1.8009283E-03  1.9001665E-03
  1.9839231E-03  2.0520661E-03  2.1039234E-03  2.1383818E-03  2.1556672E-03
 -3.2395769E-02 -3.2134421E-02 -3.1614780E-02 -3.0841107E-02 -2.9818721E-02
 -2.8556345E-02 -2.7063558E-02 -2.5352919E-02 -2.3438368E-02 -2.1335406E-02
 -1.9060235E-02 -1.6632384E-02 -1.4070061E-02 -1.1394598E-02 -8.6269993E-03
 -5.7901694E-03 -2.9067174E-03  2.1110702E-10  2.9067229E-03  5.7901661E-03
  8.6269993E-03  1.1394603E-02  1.4070061E-02  1.6632384E-02  1.9060235E-02
  2.1335360E-02  2.3438368E-02  2.5352918E-02  2.7063545E-02  2.8556345E-02
  2.9818734E-02  3.0841129E-02  3.1614792E-02  3.2134429E-02  3.2395743E-02
  6.3282534E-02  6.2772796E-02  6.1758079E-02  6.0245860E-02  5.8248885E-02
  5.5783097E-02  5.2867129E-02  4.9525809E-02  4.5786064E-02  4.1677643E-02
  3.7233833E-02  3.2490164E-02  2.7485153E-02  2.2258501E-02  1.6852492E-02
  1.1310809E-02  5.6784083E-03  0.0000000E+00 -5.6784078E-03 -1.1310809E-02
 -1.6852485E-02 -2.2258501E-02 -2.7485145E-02 -3.2490157E-02 -3.7233833E-02
 -4.1677628E-02 -4.5786064E-02 -4.9525820E-02 -5.2867129E-02 -5.5783086E-02
 -5.8248889E-02 -6.0245879E-02 -6.1758079E-02 -6.2772796E-02 -6.3282534E-02
  4.1275494E-02  4.0942818E-02  4.0280856E-02  3.9295040E-02  3.7992090E-02
  3.6383413E-02  3.4481976E-02  3.2303371E-02  2.9864097E-02  2.7184317E-02
  2.4285497E-02  2.1191388E-02  1.7926503E-02  1.4517548E-02  1.0991748E-02
  7.3774392E-03  3.7035774E-03  9.5483177E-11 -3.7035795E-03 -7.3774387E-03
 -1.0991740E-02 -1.4517552E-02 -1.7926505E-02 -2.1191377E-02 -2.4285497E-02
 -2.7184317E-02 -2.9864095E-02 -3.2303363E-02 -3.4481958E-02 -3.6383424E-02
 -3.7992090E-02 -3.9295040E-02 -4.0280856E-02 -4.0942829E-02 -4.1275494E-02
  1.8352294E-02  1.8204469E-02  1.7910119E-02  1.7471522E-02  1.6891927E-02
  1.6176509E-02  1.5331116E-02  1.4362447E-02  1.3277872E-02  1.2086539E-02
  1.0797849E-02  9.4221784E-03  7.9708155E-03  6.4548915E-03  4.8870696E-03
  3.2803735E-03  1.6466096E-03 -4.8681399E-11 -1.6466070E-03 -3.2803738E-03
 -4.8870747E-03 -6.4548915E-03 -7.9708155E-03 -9.4221784E-03 -1.0797848E-02
 -1.2086549E-02 -1.3277845E-02 -1.4362440E-02 -1.5331132E-02 -1.6176509E-02
 -1.6891927E-02 -1.7471509E-02 -1.7910108E-02 -1.8204469E-02 -1.8352306E-02
 -5.4865936E-03 -5.4419469E-03 -5.3537046E-03 -5.2226149E-03 -5.0493223E-03
 -4.8353868E-03 -4.5832135E-03 -4.2939903E-03 -3.9697452E-03 -3.6133442E-03
 -3.2279931E-03 -2.8170000E-03 -2.3828424E-03 -1.9295947E-03 -1.4611023E-03
 -9.8072819E-04 -4.9231364E-04  0.0000000E+00  4.9231498E-04  9.8073098E-04
  1.4610995E-03  1.9296001E-03  2.3828396E-03  2.8169944E-03  3.2279985E-03
  3.6133388E-03  3.9697182E-03  4.2940066E-03  4.5832023E-03  4.8354086E-03
  5.0493223E-03  5.2226367E-03  5.3537157E-03  5.4419357E-03  5.4865936E-03
  0.1830844      0.1816099      0.1786734      0.1742983      0.1685203    
  0.1613849      0.1529509      0.1432855      0.1324660      0.1205798    
  0.1077225      9.3998455E-02  7.9517618E-02  6.4395800E-02  4.8756372E-02
  3.2723956E-02  1.6428033E-02  0.0000000E+00 -1.6428037E-02 -3.2723963E-02
 -4.8756372E-02 -6.4395793E-02 -7.9517633E-02 -9.3998455E-02 -0.1077225    
 -0.1205798     -0.1324660     -0.1432855     -0.1529509     -0.1613849    
 -0.1685203     -0.1742983     -0.1786733     -0.1816099     -0.1830844    
  0.1558841      0.1546291      0.1521292      0.1484039      0.1434848    
  0.1374100      0.1302284      0.1219983      0.1127864      0.1026660    
  9.1718890E-02  8.0033489E-02  6.7704000E-02  5.4829057E-02  4.1512702E-02
  2.7862335E-02  1.3987388E-02  9.7362805E-11 -1.3987388E-02 -2.7862333E-02
 -4.1512694E-02 -5.4829050E-02 -6.7704000E-02 -8.0033489E-02 -9.1718912E-02
 -0.1026660     -0.1127864     -0.1219983     -0.1302284     -0.1374100    
 -0.1434848     -0.1484039     -0.1521292     -0.1546291     -0.1558841    
  0.1295994      0.1285563      0.1264779      0.1233804      0.1192904    
  0.1142401      0.1082693      0.1014269      9.3767844E-02  8.5354246E-02
  7.6253444E-02  6.6538587E-02  5.6288011E-02  4.5584198E-02  3.4512993E-02
  2.3164274E-02  1.1628939E-02  9.5483177E-11 -1.1628941E-02 -2.3164278E-02
 -3.4512997E-02 -4.5584198E-02 -5.6288011E-02 -6.6538587E-02 -7.6253444E-02
 -8.5354246E-02 -9.3767866E-02 -0.1014269     -0.1082693     -0.1142401    
 -0.1192904     -0.1233804     -0.1264778     -0.1285563     -0.1295994    
  0.1042309      0.1033919      0.1017201      9.9229522E-02  9.5939614E-02
  9.1877125E-02  8.7075815E-02  8.1573680E-02  7.5413883E-02  6.8646900E-02
  6.1327327E-02  5.3513899E-02  4.5269538E-02  3.6660809E-02  2.7757227E-02
  1.8629916E-02  9.3526300E-03  0.0000000E+00 -9.3526309E-03 -1.8629909E-02
 -2.7757233E-02 -3.6660817E-02 -4.5269545E-02 -5.3513907E-02 -6.1327334E-02
 -6.8646923E-02 -7.5413883E-02 -8.1573680E-02 -8.7075837E-02 -9.1877140E-02
 -9.5939569E-02 -9.9229507E-02 -0.1017200     -0.1033919     -0.1042309    
  0.1943067      0.1927418      0.1896254      0.1849828      0.1788505    
  0.1712781      0.1623263      0.1520676      0.1405849      0.1279701    
  0.1143252      9.9759959E-02  8.4391497E-02  6.8343386E-02  5.1744759E-02
  3.4729645E-02  1.7434994E-02 -2.1110702E-10 -1.7434996E-02 -3.4729648E-02
 -5.1744755E-02 -6.8343371E-02 -8.4391490E-02 -9.9759936E-02 -0.1143252    
 -0.1279701     -0.1405849     -0.1520676     -0.1623263     -0.1712781    
 -0.1788505     -0.1849828     -0.1896254     -0.1927418     -0.1943068    
  0.1562232      0.1549655      0.1524601      0.1487267      0.1437962    
  0.1377082      0.1305112      0.1222635      0.1130313      0.1028891    
  9.1918841E-02  8.0207787E-02  6.7850925E-02  5.4948196E-02  4.1603014E-02
  2.7922839E-02  1.4017863E-02  1.0044073E-10 -1.4017864E-02 -2.7922839E-02
 -4.1603014E-02 -5.4948177E-02 -6.7850918E-02 -8.0207787E-02 -9.1918834E-02
 -0.1028891     -0.1130313     -0.1222635     -0.1305112     -0.1377082    
 -0.1437962     -0.1487267     -0.1524601     -0.1549655     -0.1562232    
  0.1210603      0.1200858      0.1181443      0.1152514      0.1114309    
  0.1067127      0.1011354      9.4744280E-02  8.7589912E-02  7.9730339E-02
  7.1228951E-02  6.2154185E-02  5.2578978E-02  4.2580415E-02  3.2238968E-02
  2.1638082E-02  1.0862685E-02  1.9065477E-10 -1.0862688E-02 -2.1638086E-02
 -3.2238957E-02 -4.2580422E-02 -5.2578971E-02 -6.2154185E-02 -7.1228951E-02
 -7.9730339E-02 -8.7589934E-02 -9.4744273E-02 -0.1011354     -0.1067127    
 -0.1114308     -0.1152514     -0.1181443     -0.1200859     -0.1210603    
  8.8816546E-02  8.8101245E-02  8.6676635E-02  8.4554531E-02  8.1751741E-02
  7.8290440E-02  7.4198708E-02  6.9509707E-02  6.4260945E-02  5.8495071E-02
  5.2257787E-02  4.5599848E-02  3.8575120E-02  3.1239321E-02  2.3652200E-02
  1.5874900E-02  7.9694279E-03  0.0000000E+00 -7.9694297E-03 -1.5874896E-02
 -2.3652200E-02 -3.1239336E-02 -3.8575109E-02 -4.5599837E-02 -5.2257776E-02
 -5.8495071E-02 -6.4260937E-02 -6.9509722E-02 -7.4198708E-02 -7.8290425E-02
 -8.1751719E-02 -8.4554538E-02 -8.6676620E-02 -8.8101245E-02 -8.8816531E-02
  0.1464786      0.1452993      0.1429502      0.1394502      0.1348273    
  0.1291187      0.1223703      0.1146371      0.1059806      9.6471384E-02
  8.6184502E-02  7.5204730E-02  6.3618757E-02  5.1520739E-02  3.9008196E-02
  2.6181240E-02  1.3143476E-02  0.0000000E+00 -1.3143476E-02 -2.6181240E-02
 -3.9008196E-02 -5.1520735E-02 -6.3618772E-02 -7.5204730E-02 -8.6184509E-02
 -9.6471399E-02 -0.1059806     -0.1146371     -0.1223703     -0.1291187    
 -0.1348273     -0.1394502     -0.1429502     -0.1452993     -0.1464785    
  9.6278980E-02  9.5503889E-02  9.3959659E-02  9.1658831E-02  8.8620223E-02
  8.4868200E-02  8.0432743E-02  7.5349569E-02  6.9660068E-02  6.3409083E-02
  5.6648076E-02  4.9431249E-02  4.1815784E-02  3.3863999E-02  2.5639661E-02
  1.7208608E-02  8.6390609E-03  1.2772913E-10 -8.6390618E-03 -1.7208608E-02
 -2.5639661E-02 -3.3864003E-02 -4.1815784E-02 -4.9431235E-02 -5.6648094E-02
 -6.3409068E-02 -6.9660105E-02 -7.5349569E-02 -8.0432713E-02 -8.4868200E-02
 -8.8620275E-02 -9.1658846E-02 -9.3959615E-02 -9.5503889E-02 -9.6278958E-02
  5.4271013E-02  5.3834047E-02  5.2963685E-02  5.1666994E-02  4.9954057E-02
  4.7838990E-02  4.5338836E-02  4.2473782E-02  3.9266560E-02  3.5742961E-02
  3.1932030E-02  2.7863637E-02  2.3571132E-02  1.9088648E-02  1.4452695E-02
  9.7005293E-03  4.8696958E-03  1.1270226E-10 -4.8696995E-03 -9.7005246E-03
 -1.4452697E-02 -1.9088652E-02 -2.3571150E-02 -2.7863640E-02 -3.1932022E-02
 -3.5742939E-02 -3.9266560E-02 -4.2473771E-02 -4.5338813E-02 -4.7839012E-02
 -4.9954034E-02 -5.1667016E-02 -5.2963689E-02 -5.3834047E-02 -5.4271031E-02
  2.0455582E-02  2.0290960E-02  1.9962862E-02  1.9474013E-02  1.8828388E-02
  1.8031329E-02  1.7088721E-02  1.6008958E-02  1.4799927E-02  1.3472010E-02
  1.2035691E-02  1.0502292E-02  8.8844448E-03  7.1946494E-03  5.4475376E-03
  3.6562448E-03  1.8354291E-03  4.8837451E-11 -1.8354279E-03 -3.6562376E-03
 -5.4475390E-03 -7.1946494E-03 -8.8844365E-03 -1.0502304E-02 -1.2035703E-02
 -1.3472008E-02 -1.4799936E-02 -1.6008958E-02 -1.7088719E-02 -1.8031286E-02
 -1.8828388E-02 -1.9474013E-02 -1.9962853E-02 -2.0290919E-02 -2.0455565E-02
 -5.1674983E-03 -5.1258430E-03 -5.0430731E-03 -4.9195392E-03 -4.7564167E-03
 -4.5550978E-03 -4.3169670E-03 -4.0442459E-03 -3.7387544E-03 -3.4033111E-03
 -3.0404201E-03 -2.6530272E-03 -2.2445112E-03 -1.8176212E-03 -1.3760137E-03
 -9.2387648E-04 -4.6368377E-04  8.2648346E-11  4.6368208E-04  9.2387298E-04
  1.3760240E-03  1.8176058E-03  2.2445112E-03  2.6530237E-03  3.0404064E-03
  3.4032972E-03  3.7387407E-03  4.0442459E-03  4.3169674E-03  4.5550978E-03
  4.7564236E-03  4.9195467E-03  5.0430736E-03  5.1258570E-03  5.1674913E-03
 -2.2598561E-02 -2.2416675E-02 -2.2054190E-02 -2.1514194E-02 -2.0801038E-02
 -1.9920317E-02 -1.8879147E-02 -1.7686119E-02 -1.6350554E-02 -1.4883474E-02
 -1.3296579E-02 -1.1602432E-02 -9.8149870E-03 -7.9486407E-03 -6.0178847E-03
 -4.0394673E-03 -2.0277663E-03 -3.3810687E-11  2.0277668E-03  4.0394673E-03
  6.0178842E-03  7.9486463E-03  9.8149814E-03  1.1602446E-02  1.3296564E-02
  1.4883473E-02  1.6350560E-02  1.7686119E-02  1.8879158E-02  1.9920317E-02
  2.0801054E-02  2.1514196E-02  2.2054190E-02  2.2416700E-02  2.2598572E-02
 -3.1837251E-02 -3.1580880E-02 -3.1070244E-02 -3.0309554E-02 -2.9304728E-02
 -2.8063918E-02 -2.6597235E-02 -2.4916455E-02 -2.3034940E-02 -2.0968057E-02
 -1.8732330E-02 -1.6345836E-02 -1.3827372E-02 -1.1198238E-02 -8.4781945E-03
 -5.6907325E-03 -2.8567631E-03  0.0000000E+00  2.8567633E-03  5.6907334E-03
  8.4781926E-03  1.1198237E-02  1.3827369E-02  1.6345834E-02  1.8732324E-02
  2.0968067E-02  2.3034932E-02  2.4916463E-02  2.6597226E-02  2.8063921E-02
  2.9304728E-02  3.0309567E-02  3.1070242E-02  3.1580888E-02  3.1837244E-02
 -3.2883666E-02 -3.2618884E-02 -3.2091536E-02 -3.1305723E-02 -3.0267920E-02
 -2.8986389E-02 -2.7471511E-02 -2.5735386E-02 -2.3792090E-02 -2.1657243E-02
 -1.9348023E-02 -1.6883014E-02 -1.4282070E-02 -1.1566121E-02 -8.7570529E-03
 -5.8775856E-03 -2.9506106E-03  0.0000000E+00  2.9506097E-03  5.8775847E-03
  8.7570548E-03  1.1566122E-02  1.4282067E-02  1.6883014E-02  1.9348027E-02
  2.1657243E-02  2.3792090E-02  2.5735386E-02  2.7471511E-02  2.8986385E-02
  3.0267920E-02  3.1305723E-02  3.2091539E-02  3.2618880E-02  3.2883674E-02
 -2.5737861E-02 -2.5530618E-02 -2.5117859E-02 -2.4502795E-02 -2.3690518E-02
 -2.2687517E-02 -2.1501785E-02 -2.0142900E-02 -1.8621959E-02 -1.6950969E-02
 -1.5143611E-02 -1.3214226E-02 -1.1178478E-02 -9.0527590E-03 -6.8541085E-03
 -4.6003181E-03 -2.3094174E-03  2.8175517E-12  2.3094169E-03  4.6003168E-03
  6.8541085E-03  9.0527600E-03  1.1178477E-02  1.3214227E-02  1.5143611E-02
  1.6950980E-02  1.8621961E-02  2.0142900E-02  2.1501793E-02  2.2687515E-02
  2.3690518E-02  2.4502799E-02  2.5117859E-02  2.5530616E-02  2.5737861E-02
 -1.0399787E-02 -1.0316063E-02 -1.0149265E-02 -9.9007152E-03 -9.5725385E-03
 -9.1672475E-03 -8.6881388E-03 -8.1390552E-03 -7.5245094E-03 -6.8492861E-03
 -6.1190249E-03 -5.3394260E-03 -4.5168237E-03 -3.6579331E-03 -2.7695103E-03
 -1.8587974E-03 -9.3317457E-04  0.0000000E+00  9.3317428E-04  1.8587974E-03
  2.7695103E-03  3.6579331E-03  4.5168237E-03  5.3394260E-03  6.1190249E-03
  6.8492861E-03  7.5245094E-03  8.1390552E-03  8.6881388E-03  9.1672475E-03
  9.5725385E-03  9.9007152E-03  1.0149265E-02  1.0316060E-02  1.0399787E-02
  4.9564105E-02  4.9165253E-02  4.8370536E-02  4.7185816E-02  4.5621496E-02
  4.3689821E-02  4.1406520E-02  3.8789541E-02  3.5861064E-02  3.2642439E-02
  2.9162478E-02  2.5447154E-02  2.1526394E-02  1.7433105E-02  1.3199315E-02
  8.8585839E-03  4.4475892E-03 -9.0214031E-11 -4.4475882E-03 -8.8585783E-03
 -1.3199314E-02 -1.7433105E-02 -2.1526394E-02 -2.5447162E-02 -2.9162468E-02
 -3.2642469E-02 -3.5861056E-02 -3.8789552E-02 -4.1406512E-02 -4.3689821E-02
 -4.5621525E-02 -4.7185827E-02 -4.8370536E-02 -4.9165253E-02 -4.9564105E-02
  2.5163760E-02  2.4960954E-02  2.4557404E-02  2.3956262E-02  2.3161916E-02
  2.2181336E-02  2.1022309E-02  1.9693432E-02  1.8206859E-02  1.6572883E-02
  1.4806081E-02  1.2919826E-02  1.0929305E-02  8.8505307E-03  6.7015807E-03
  4.4973567E-03  2.2580840E-03  0.0000000E+00 -2.2580826E-03 -4.4973595E-03
 -6.7015807E-03 -8.8505363E-03 -1.0929305E-02 -1.2919826E-02 -1.4806069E-02
 -1.6572895E-02 -1.8206859E-02 -1.9693432E-02 -2.1022318E-02 -2.2181293E-02
 -2.3161916E-02 -2.3956262E-02 -2.4557393E-02 -2.4960954E-02 -2.5163760E-02
 -2.1556560E-03 -2.1383706E-03 -2.1039122E-03 -2.0520436E-03 -1.9839234E-03
 -1.9001778E-03 -1.8009393E-03 -1.6873003E-03 -1.5597516E-03 -1.4202100E-03
 -1.2688178E-03 -1.1069990E-03 -9.3617308E-04 -7.5822056E-04 -5.7372940E-04
 -3.8537785E-04 -1.9334110E-04  1.0044073E-10  1.9334251E-04  3.8537785E-04
  5.7374063E-04  7.5821497E-04  9.3618990E-04  1.1069990E-03  1.2688178E-03
  1.4202100E-03  1.5597517E-03  1.6872890E-03  1.8009283E-03  1.9001665E-03
  1.9839231E-03  2.0520661E-03  2.1039234E-03  2.1383818E-03  2.1556672E-03
 -3.2395769E-02 -3.2134421E-02 -3.1614780E-02 -3.0841107E-02 -2.9818721E-02
 -2.8556345E-02 -2.7063558E-02 -2.5352919E-02 -2.3438368E-02 -2.1335406E-02
 -1.9060235E-02 -1.6632384E-02 -1.4070061E-02 -1.1394598E-02 -8.6269993E-03
 -5.7901694E-03 -2.9067174E-03  2.1110702E-10  2.9067229E-03  5.7901661E-03
  8.6269993E-03  1.1394603E-02  1.4070061E-02  1.6632384E-02  1.9060235E-02
  2.1335360E-02  2.3438368E-02  2.5352918E-02  2.7063545E-02  2.8556345E-02
  2.9818734E-02  3.0841129E-02  3.1614792E-02  3.2134429E-02  3.2395743E-02
  6.3282534E-02  6.2772796E-02  6.1758079E-02  6.0245860E-02  5.8248885E-02
  5.5783097E-02  5.2867129E-02  4.9525809E-02  4.5786064E-02  4.1677643E-02
  3.7233833E-02  3.2490164E-02  2.7485153E-02  2.2258501E-02  1.6852492E-02
  1.1310809E-02  5.6784083E-03  0.0000000E+00 -5.6784078E-03 -1.1310809E-02
 -1.6852485E-02 -2.2258501E-02 -2.7485145E-02 -3.2490157E-02 -3.7233833E-02
 -4.1677628E-02 -4.5786064E-02 -4.9525820E-02 -5.2867129E-02 -5.5783086E-02
 -5.8248889E-02 -6.0245879E-02 -6.1758079E-02 -6.2772796E-02 -6.3282534E-02
  4.1275494E-02  4.0942818E-02  4.0280856E-02  3.9295040E-02  3.7992090E-02
  3.6383413E-02  3.4481976E-02  3.2303371E-02  2.9864097E-02  2.7184317E-02
  2.4285497E-02  2.1191388E-02  1.7926503E-02  1.4517548E-02  1.0991748E-02
  7.3774392E-03  3.7035774E-03  9.5483177E-11 -3.7035795E-03 -7.3774387E-03
 -1.0991740E-02 -1.4517552E-02 -1.7926505E-02 -2.1191377E-02 -2.4285497E-02
 -2.7184317E-02 -2.9864095E-02 -3.2303363E-02 -3.4481958E-02 -3.6383424E-02
 -3.7992090E-02 -3.9295040E-02 -4.0280856E-02 -4.0942829E-02 -4.1275494E-02
  1.8352294E-02  1.8204469E-02  1.7910119E-02  1.7471522E-02  1.6891927E-02
  1.6176509E-02  1.5331116E-02  1.4362447E-02  1.3277872E-02  1.2086539E-02
  1.0797849E-02  9.4221784E-03  7.9708155E-03  6.4548915E-03  4.8870696E-03
  3.2803735E-03  1.6466096E-03 -4.8681399E-11 -1.6466070E-03 -3.2803738E-03
 -4.8870747E-03 -6.4548915E-03 -7.9708155E-03 -9.4221784E-03 -1.0797848E-02
 -1.2086549E-02 -1.3277845E-02 -1.4362440E-02 -1.5331132E-02 -1.6176509E-02
 -1.6891927E-02 -1.7471509E-02 -1.7910108E-02 -1.8204469E-02 -1.8352306E-02
 -5.4865936E-03 -5.4419469E-03 -5.3537046E-03 -5.2226149E-03 -5.0493223E-03
 -4.8353868E-03 -4.5832135E-03 -4.2939903E-03 -3.9697452E-03 -3.6133442E-03
 -3.2279931E-03 -2.8170000E-03 -2.3828424E-03 -1.9295947E-03 -1.4611023E-03
 -9.8072819E-04 -4.9231364E-04  0.0000000E+00  4.9231498E-04  9.8073098E-04
  1.4610995E-03  1.9296001E-03  2.3828396E-03  2.8169944E-03  3.2279985E-03
  3.6133388E-03  3.9697182E-03  4.2940066E-03  4.5832023E-03  4.8354086E-03
  5.0493223E-03  5.2226367E-03  5.3537157E-03  5.4419357E-03  5.4865936E-03
  0.1830844      0.1816099      0.1786734      0.1742983      0.1685203    
  0.1613849      0.1529509      0.1432855      0.1324660      0.1205798    
  0.1077225      9.3998455E-02  7.9517618E-02  6.4395800E-02  4.8756372E-02
  3.2723956E-02  1.6428033E-02  0.0000000E+00 -1.6428037E-02 -3.2723963E-02
 -4.8756372E-02 -6.4395793E-02 -7.9517633E-02 -9.3998455E-02 -0.1077225    
 -0.1205798     -0.1324660     -0.1432855     -0.1529509     -0.1613849    
 -0.1685203     -0.1742983     -0.1786733     -0.1816099     -0.1830844    
  0.1558841      0.1546291      0.1521292      0.1484039      0.1434848    
  0.1374100      0.1302284      0.1219983      0.1127864      0.1026660    
  9.1718890E-02  8.0033489E-02  6.7704000E-02  5.4829057E-02  4.1512702E-02
  2.7862335E-02  1.3987388E-02  9.7362805E-11 -1.3987388E-02 -2.7862333E-02
 -4.1512694E-02 -5.4829050E-02 -6.7704000E-02 -8.0033489E-02 -9.1718912E-02
 -0.1026660     -0.1127864     -0.1219983     -0.1302284     -0.1374100    
 -0.1434848     -0.1484039     -0.1521292     -0.1546291     -0.1558841    
  0.1295994      0.1285563      0.1264779      0.1233804      0.1192904    
  0.1142401      0.1082693      0.1014269      9.3767844E-02  8.5354246E-02
  7.6253444E-02  6.6538587E-02  5.6288011E-02  4.5584198E-02  3.4512993E-02
  2.3164274E-02  1.1628939E-02  9.5483177E-11 -1.1628941E-02 -2.3164278E-02
 -3.4512997E-02 -4.5584198E-02 -5.6288011E-02 -6.6538587E-02 -7.6253444E-02
 -8.5354246E-02 -9.3767866E-02 -0.1014269     -0.1082693     -0.1142401    
 -0.1192904     -0.1233804     -0.1264778     -0.1285563     -0.1295994    
  0.1042309      0.1033919      0.1017201      9.9229522E-02  9.5939614E-02
  9.1877125E-02  8.7075815E-02  8.1573680E-02  7.5413883E-02  6.8646900E-02
  6.1327327E-02  5.3513899E-02  4.5269538E-02  3.6660809E-02  2.7757227E-02
  1.8629916E-02  9.3526300E-03  0.0000000E+00 -9.3526309E-03 -1.8629909E-02
 -2.7757233E-02 -3.6660817E-02 -4.5269545E-02 -5.3513907E-02 -6.1327334E-02
 -6.8646923E-02 -7.5413883E-02 -8.1573680E-02 -8.7075837E-02 -9.1877140E-02
 -9.5939569E-02 -9.9229507E-02 -0.1017200     -0.1033919     -0.1042309    
  0.1943067      0.1927418      0.1896254      0.1849828      0.1788505    
  0.1712781      0.1623263      0.1520676      0.1405849      0.1279701    
  0.1143252      9.9759959E-02  8.4391497E-02  6.8343386E-02  5.1744759E-02
  3.4729645E-02  1.7434994E-02 -2.1110702E-10 -1.7434996E-02 -3.4729648E-02
 -5.1744755E-02 -6.8343371E-02 -8.4391490E-02 -9.9759936E-02 -0.1143252    
 -0.1279701     -0.1405849     -0.1520676     -0.1623263     -0.1712781    
 -0.1788505     -0.1849828     -0.1896254     -0.1927418     -0.1943068    
  0.1562232      0.1549655      0.1524601      0.1487267      0.1437962    
  0.1377082      0.1305112      0.1222635      0.1130313      0.1028891    
  9.1918841E-02  8.0207787E-02  6.7850925E-02  5.4948196E-02  4.1603014E-02
  2.7922839E-02  1.4017863E-02  1.0044073E-10 -1.4017864E-02 -2.7922839E-02
 -4.1603014E-02 -5.4948177E-02 -6.7850918E-02 -8.0207787E-02 -9.1918834E-02
 -0.1028891     -0.1130313     -0.1222635     -0.1305112     -0.1377082    
 -0.1437962     -0.1487267     -0.1524601     -0.1549655     -0.1562232    
  0.1210603      0.1200858      0.1181443      0.1152514      0.1114309    
  0.1067127      0.1011354      9.4744280E-02  8.7589912E-02  7.9730339E-02
  7.1228951E-02  6.2154185E-02  5.2578978E-02  4.2580415E-02  3.2238968E-02
  2.1638082E-02  1.0862685E-02  1.9065477E-10 -1.0862688E-02 -2.1638086E-02
 -3.2238957E-02 -4.2580422E-02 -5.2578971E-02 -6.2154185E-02 -7.1228951E-02
 -7.9730339E-02 -8.7589934E-02 -9.4744273E-02 -0.1011354     -0.1067127    
 -0.1114308     -0.1152514     -0.1181443     -0.1200859     -0.1210603    
  8.8816546E-02  8.8101245E-02  8.6676635E-02  8.4554531E-02  8.1751741E-02
  7.8290440E-02  7.4198708E-02  6.9509707E-02  6.4260945E-02  5.8495071E-02
  5.2257787E-02  4.5599848E-02  3.8575120E-02  3.1239321E-02  2.3652200E-02
  1.5874900E-02  7.9694279E-03  0.0000000E+00 -7.9694297E-03 -1.5874896E-02
 -2.3652200E-02 -3.1239336E-02 -3.8575109E-02 -4.5599837E-02 -5.2257776E-02
 -5.8495071E-02 -6.4260937E-02 -6.9509722E-02 -7.4198708E-02 -7.8290425E-02
 -8.1751719E-02 -8.4554538E-02 -8.6676620E-02 -8.8101245E-02 -8.8816531E-02
  0.1464786      0.1452993      0.1429502      0.1394502      0.1348273    
  0.1291187      0.1223703      0.1146371      0.1059806      9.6471384E-02
  8.6184502E-02  7.5204730E-02  6.3618757E-02  5.1520739E-02  3.9008196E-02
  2.6181240E-02  1.3143476E-02  0.0000000E+00 -1.3143476E-02 -2.6181240E-02
 -3.9008196E-02 -5.1520735E-02 -6.3618772E-02 -7.5204730E-02 -8.6184509E-02
 -9.6471399E-02 -0.1059806     -0.1146371     -0.1223703     -0.1291187    
 -0.1348273     -0.1394502     -0.1429502     -0.1452993     -0.1464785    
  9.6278980E-02  9.5503889E-02  9.3959659E-02  9.1658831E-02  8.8620223E-02
  8.4868200E-02  8.0432743E-02  7.5349569E-02  6.9660068E-02  6.3409083E-02
  5.6648076E-02  4.9431249E-02  4.1815784E-02  3.3863999E-02  2.5639661E-02
  1.7208608E-02  8.6390609E-03  1.2772913E-10 -8.6390618E-03 -1.7208608E-02
 -2.5639661E-02 -3.3864003E-02 -4.1815784E-02 -4.9431235E-02 -5.6648094E-02
 -6.3409068E-02 -6.9660105E-02 -7.5349569E-02 -8.0432713E-02 -8.4868200E-02
 -8.8620275E-02 -9.1658846E-02 -9.3959615E-02 -9.5503889E-02 -9.6278958E-02
  5.4271013E-02  5.3834047E-02  5.2963685E-02  5.1666994E-02  4.9954057E-02
  4.7838990E-02  4.5338836E-02  4.2473782E-02  3.9266560E-02  3.5742961E-02
  3.1932030E-02  2.7863637E-02  2.3571132E-02  1.9088648E-02  1.4452695E-02
  9.7005293E-03  4.8696958E-03  1.1270226E-10 -4.8696995E-03 -9.7005246E-03
 -1.4452697E-02 -1.9088652E-02 -2.3571150E-02 -2.7863640E-02 -3.1932022E-02
 -3.5742939E-02 -3.9266560E-02 -4.2473771E-02 -4.5338813E-02 -4.7839012E-02
 -4.9954034E-02 -5.1667016E-02 -5.2963689E-02 -5.3834047E-02 -5.4271031E-02
  2.0455582E-02  2.0290960E-02  1.9962862E-02  1.9474013E-02  1.8828388E-02
  1.8031329E-02  1.7088721E-02  1.6008958E-02  1.4799927E-02  1.3472010E-02
  1.2035691E-02  1.0502292E-02  8.8844448E-03  7.1946494E-03  5.4475376E-03
  3.6562448E-03  1.8354291E-03  4.8837451E-11 -1.8354279E-03 -3.6562376E-03
 -5.4475390E-03 -7.1946494E-03 -8.8844365E-03 -1.0502304E-02 -1.2035703E-02
 -1.3472008E-02 -1.4799936E-02 -1.6008958E-02 -1.7088719E-02 -1.8031286E-02
 -1.8828388E-02 -1.9474013E-02 -1.9962853E-02 -2.0290919E-02 -2.0455565E-02
 -5.1674983E-03 -5.1258430E-03 -5.0430731E-03 -4.9195392E-03 -4.7564167E-03
 -4.5550978E-03 -4.3169670E-03 -4.0442459E-03 -3.7387544E-03 -3.4033111E-03
 -3.0404201E-03 -2.6530272E-03 -2.2445112E-03 -1.8176212E-03 -1.3760137E-03
 -9.2387648E-04 -4.6368377E-04  8.2648346E-11  4.6368208E-04  9.2387298E-04
  1.3760240E-03  1.8176058E-03  2.2445112E-03  2.6530237E-03  3.0404064E-03
  3.4032972E-03  3.7387407E-03  4.0442459E-03  4.3169674E-03  4.5550978E-03
  4.7564236E-03  4.9195467E-03  5.0430736E-03  5.1258570E-03  5.1674913E-03
 -2.2598561E-02 -2.2416675E-02 -2.2054190E-02 -2.1514194E-02 -2.0801038E-02
 -1.9920317E-02 -1.8879147E-02 -1.7686119E-02 -1.6350554E-02 -1.4883474E-02
 -1.3296579E-02 -1.1602432E-02 -9.8149870E-03 -7.9486407E-03 -6.0178847E-03
 -4.0394673E-03 -2.0277663E-03 -3.3810687E-11  2.0277668E-03  4.0394673E-03
  6.0178842E-03  7.9486463E-03  9.8149814E-03  1.1602446E-02  1.3296564E-02
  1.4883473E-02  1.6350560E-02  1.7686119E-02  1.8879158E-02  1.9920317E-02
  2.0801054E-02  2.1514196E-02  2.2054190E-02  2.2416700E-02  2.2598572E-02
 -3.1837251E-02 -3.1580880E-02 -3.1070244E-02 -3.0309554E-02 -2.9304728E-02
 -2.8063918E-02 -2.6597235E-02 -2.4916455E-02 -2.3034940E-02 -2.0968057E-02
 -1.8732330E-02 -1.6345836E-02 -1.3827372E-02 -1.1198238E-02 -8.4781945E-03
 -5.6907325E-03 -2.8567631E-03  0.0000000E+00  2.8567633E-03  5.6907334E-03
  8.4781926E-03  1.1198237E-02  1.3827369E-02  1.6345834E-02  1.8732324E-02
  2.0968067E-02  2.3034932E-02  2.4916463E-02  2.6597226E-02  2.8063921E-02
  2.9304728E-02  3.0309567E-02  3.1070242E-02  3.1580888E-02  3.1837244E-02
 -3.2883666E-02 -3.2618884E-02 -3.2091536E-02 -3.1305723E-02 -3.0267920E-02
 -2.8986389E-02 -2.7471511E-02 -2.5735386E-02 -2.3792090E-02 -2.1657243E-02
 -1.9348023E-02 -1.6883014E-02 -1.4282070E-02 -1.1566121E-02 -8.7570529E-03
 -5.8775856E-03 -2.9506106E-03  0.0000000E+00  2.9506097E-03  5.8775847E-03
  8.7570548E-03  1.1566122E-02  1.4282067E-02  1.6883014E-02  1.9348027E-02
  2.1657243E-02  2.3792090E-02  2.5735386E-02  2.7471511E-02  2.8986385E-02
  3.0267920E-02  3.1305723E-02  3.2091539E-02  3.2618880E-02  3.2883674E-02
 -2.5737861E-02 -2.5530618E-02 -2.5117859E-02 -2.4502795E-02 -2.3690518E-02
 -2.2687517E-02 -2.1501785E-02 -2.0142900E-02 -1.8621959E-02 -1.6950969E-02
 -1.5143611E-02 -1.3214226E-02 -1.1178478E-02 -9.0527590E-03 -6.8541085E-03
 -4.6003181E-03 -2.3094174E-03  2.8175517E-12  2.3094169E-03  4.6003168E-03
  6.8541085E-03  9.0527600E-03  1.1178477E-02  1.3214227E-02  1.5143611E-02
  1.6950980E-02  1.8621961E-02  2.0142900E-02  2.1501793E-02  2.2687515E-02
  2.3690518E-02  2.4502799E-02  2.5117859E-02  2.5530616E-02  2.5737861E-02
 -1.0399787E-02 -1.0316063E-02 -1.0149265E-02 -9.9007152E-03 -9.5725385E-03
 -9.1672475E-03 -8.6881388E-03 -8.1390552E-03 -7.5245094E-03 -6.8492861E-03
 -6.1190249E-03 -5.3394260E-03 -4.5168237E-03 -3.6579331E-03 -2.7695103E-03
 -1.8587974E-03 -9.3317457E-04  0.0000000E+00  9.3317428E-04  1.8587974E-03
  2.7695103E-03  3.6579331E-03  4.5168237E-03  5.3394260E-03  6.1190249E-03
  6.8492861E-03  7.5245094E-03  8.1390552E-03  8.6881388E-03  9.1672475E-03
  9.5725385E-03  9.9007152E-03  1.0149265E-02  1.0316060E-02  1.0399787E-02
