Nb de periode :   100
 0.1000
 -0.477160E-12  0.150610E-10 -0.145978E-11
 -0.664357E-11  0.187124E-03 -0.181188E-10
 -0.129940E-11  0.501363E-10 -0.397509E-11
 0.3010
  0.902126E-09  0.233777E-09  0.276073E-08
  0.205091E-09  0.509193E-02  0.359250E-09
  0.280975E-08  0.758489E-09  0.859858E-08
 0.5020
  0.388549E-07  0.871037E-09  0.118921E-06
 -0.252840E-09  0.235128E-01 -0.345608E-10
  0.119066E-06  0.294804E-08  0.364418E-06
 0.7030
  0.409279E-06  0.226982E-08  0.125262E-05
 -0.698492E-09  0.641258E-01 -0.100408E-08
  0.125217E-05  0.804668E-08  0.383235E-05
 0.9040
  0.236960E-05  0.360042E-08  0.725240E-05
  0.130967E-09  0.135075E+00 -0.758882E-08
  0.725146E-05  0.204864E-07  0.221938E-04
 1.1051
  0.961446E-05 -0.576623E-08  0.294260E-04
 -0.727596E-11  0.243767E+00 -0.708678E-08
  0.294268E-04 -0.183985E-07  0.900637E-04
 1.3061
  0.308232E-04 -0.235332E-07  0.943374E-04
 -0.678847E-08  0.396662E+00 -0.116415E-09
  0.943379E-04 -0.314868E-07  0.288730E-03
 1.5071
  0.835821E-04 -0.206445E-07  0.255811E-03
  0.305590E-09  0.599101E+00 -0.130385E-07
  0.255811E-03 -0.996738E-07  0.782932E-03
 1.7081
  0.199368E-03  0.322155E-07  0.610183E-03
 -0.465661E-09  0.855114E+00 -0.301516E-07
  0.610178E-03  0.768698E-07  0.186750E-02
 1.9091
  0.431676E-03 -0.721177E-07  0.132118E-02
  0.235741E-08  0.116742E+01 -0.870787E-07
  0.132118E-02 -0.153580E-06  0.404359E-02
 2.1101
  0.862439E-03  0.695131E-07  0.263956E-02
 -0.710133E-08  0.153713E+01  0.848668E-07
  0.263956E-02  0.523346E-07  0.807860E-02
 2.3111
  0.161745E-02 -0.307924E-07  0.495035E-02
 -0.144937E-07  0.196414E+01 -0.535510E-07
  0.495034E-02 -0.101191E-06  0.151509E-01
 2.5121
  0.287118E-02 -0.544176E-07  0.878747E-02
  0.763102E-07  0.244658E+01  0.207219E-07
  0.878745E-02  0.619402E-07  0.268947E-01
 2.7131
  0.486859E-02 -0.168644E-06  0.149007E-01
 -0.563450E-07  0.298149E+01 -0.188360E-06
  0.149007E-01 -0.628381E-06  0.456046E-01
 2.9141
  0.794305E-02 -0.402337E-06  0.243103E-01
  0.261934E-07  0.356483E+01  0.677537E-07
  0.243103E-01 -0.639178E-06  0.744033E-01
 3.1152
  0.125136E-01 -0.185442E-06  0.382987E-01
 -0.186265E-08  0.419130E+01 -0.349479E-06
  0.382987E-01 -0.321714E-06  0.117216E+00
 3.3162
  0.191236E-01 -0.447308E-07  0.585289E-01
 -0.577420E-07  0.485423E+01  0.131782E-06
  0.585289E-01 -0.111999E-06  0.179132E+00
 3.5172
  0.284692E-01 -0.301112E-06  0.871318E-01
  0.112224E-06  0.554815E+01 -0.187196E-06
  0.871316E-01 -0.128458E-05  0.266671E+00
 3.7182
  0.413867E-01 -0.470638E-06  0.126666E+00
  0.628643E-08  0.626572E+01 -0.131782E-06
  0.126666E+00 -0.173414E-05  0.387668E+00
 3.9192
  0.588519E-01 -0.422621E-05  0.180119E+00
 -0.135042E-07  0.699926E+01  0.120606E-06
  0.180119E+00 -0.132385E-04  0.551264E+00
 4.1202
  0.820452E-01 -0.435972E-05  0.251103E+00
  0.160420E-06  0.774163E+01  0.253320E-06
  0.251103E+00 -0.133984E-04  0.768511E+00
 4.3212
  0.112364E+00 -0.562321E-05  0.343894E+00
 -0.256114E-08  0.848610E+01 -0.376720E-06
  0.343894E+00 -0.162495E-04  0.105250E+01
 4.5222
  0.151380E+00 -0.998002E-05  0.463302E+00
  0.298722E-06  0.922740E+01  0.142772E-05
  0.463303E+00 -0.297973E-04  0.141795E+01
 4.7232
  0.200854E+00  0.289266E-05  0.614719E+00
  0.295462E-06  0.995905E+01  0.581145E-06
  0.614719E+00  0.991131E-05  0.188136E+01
 4.9242
  0.262693E+00  0.727177E-05  0.803978E+00
  0.214204E-07  0.106738E+02  0.486150E-06
  0.803978E+00  0.224643E-04  0.246059E+01
 5.1253
  0.338876E+00 -0.101313E-05  0.103714E+01
 -0.149012E-07  0.113661E+02  0.856817E-07
  0.103714E+01 -0.409188E-05  0.317417E+01
 5.3263
  0.431498E+00  0.266262E-05  0.132060E+01
  0.791624E-08  0.120345E+02 -0.278465E-06
  0.132061E+01  0.844698E-05  0.404173E+01
 5.5273
  0.542754E+00  0.248139E-06  0.166110E+01
 -0.117812E-06  0.126754E+02  0.279397E-08
  0.166110E+01 -0.175089E-06  0.508381E+01
 5.7283
  0.674840E+00 -0.745233E-06  0.206535E+01
  0.245636E-06  0.132846E+02 -0.325963E-07
  0.206535E+01 -0.292459E-05  0.632099E+01
 5.9293
  0.829919E+00 -0.258267E-06  0.253995E+01
  0.234460E-06  0.138600E+02 -0.508502E-06
  0.253995E+01 -0.163936E-05  0.777352E+01
 6.1303
  0.101000E+01 -0.216567E-05  0.309108E+01
  0.248896E-06  0.143995E+02  0.181608E-06
  0.309108E+01 -0.671134E-05  0.946022E+01
 6.3313
  0.121623E+01 -0.765757E-05  0.372224E+01
 -0.590459E-06  0.149001E+02 -0.196137E-05
  0.372224E+01 -0.228230E-04  0.113918E+02
 6.5323
  0.144913E+01  0.248605E-05  0.443501E+01
  0.271015E-06  0.153601E+02 -0.372529E-08
  0.443501E+01  0.107242E-04  0.135732E+02
 6.7333
  0.170889E+01 -0.454113E-05  0.523001E+01
 -0.140164E-06  0.157802E+02 -0.179093E-05
  0.523001E+01 -0.136537E-04  0.160063E+02
 6.9343
  0.199547E+01  0.572472E-05  0.610706E+01
  0.450527E-06  0.161634E+02  0.109430E-05
  0.610706E+01  0.166390E-04  0.186904E+02
 7.1354
  0.230794E+01 -0.322296E-05  0.706333E+01
 -0.261702E-06  0.165081E+02  0.290573E-06
  0.706332E+01 -0.647642E-05  0.216169E+02
 7.3364
  0.264392E+01  0.536279E-05  0.809160E+01
  0.119722E-05  0.168153E+02  0.370573E-05
  0.809160E+01  0.168169E-04  0.247639E+02
 7.5374
  0.300031E+01 -0.110597E-04  0.918226E+01
 -0.273576E-05  0.170840E+02 -0.722241E-05
  0.918226E+01 -0.325269E-04  0.281017E+02
 7.7384
  0.337375E+01 -0.991859E-07  0.103251E+02
  0.128685E-05  0.173158E+02  0.377093E-05
  0.103251E+02  0.665896E-06  0.315993E+02
 7.9394
  0.376059E+01  0.101554E-04  0.115090E+02
  0.298256E-05  0.175134E+02  0.939239E-05
  0.115090E+02  0.307374E-04  0.352224E+02
 8.1404
  0.415604E+01 -0.697467E-05  0.127192E+02
 -0.266428E-05  0.176772E+02 -0.802986E-05
  0.127192E+02 -0.264728E-04  0.389261E+02
 8.3414
  0.455503E+01 -0.262167E-05  0.139403E+02
 -0.141910E-05  0.178085E+02 -0.507943E-05
  0.139403E+02 -0.525452E-05  0.426629E+02
 8.5424
  0.495320E+01  0.155251E-05  0.151588E+02
  0.126963E-05  0.179084E+02  0.571646E-05
  0.151588E+02  0.525173E-05  0.463920E+02
 8.7434
  0.534584E+01  0.192691E-05  0.163604E+02
  0.537839E-06  0.179766E+02  0.236556E-05
  0.163604E+02  0.140723E-05  0.500692E+02
 8.9444
  0.572850E+01 -0.298023E-06  0.175314E+02
  0.626082E-06  0.180154E+02  0.140909E-05
  0.175314E+02 -0.289269E-05  0.536530E+02
 9.1455
  0.609751E+01 -0.538770E-06  0.186607E+02
  0.836328E-06  0.180280E+02  0.131782E-05
  0.186607E+02 -0.402983E-05  0.571088E+02
 9.3465
  0.644978E+01 -0.930391E-06  0.197388E+02
 -0.116415E-08  0.180168E+02 -0.379048E-06
  0.197388E+02 -0.397488E-05  0.604081E+02
 9.5475
  0.678207E+01 -0.250852E-05  0.207556E+02
 -0.100164E-05  0.179803E+02 -0.181329E-05
  0.207556E+02 -0.641122E-05  0.635200E+02
 9.7485
  0.709298E+01 -0.462867E-06  0.217071E+02
 -0.590226E-06  0.179219E+02 -0.149477E-05
  0.217071E+02 -0.376813E-05  0.664315E+02
 9.9495
  0.738049E+01 -0.188593E-06  0.225869E+02
  0.225846E-06  0.178408E+02  0.370666E-06
  0.225869E+02 -0.230595E-05  0.691241E+02
10.1505
  0.764377E+01 -0.168802E-05  0.233926E+02
 -0.457047E-06  0.177374E+02 -0.241119E-05
  0.233927E+02 -0.254344E-05  0.715897E+02
10.3515
  0.788273E+01 -0.214763E-05  0.241239E+02
 -0.615837E-06  0.176139E+02 -0.185054E-05
  0.241239E+02 -0.833627E-05  0.738273E+02
10.5525
  0.809768E+01 -0.163075E-05  0.247816E+02
 -0.697793E-06  0.174736E+02 -0.163633E-05
  0.247816E+02 -0.576302E-05  0.758402E+02
10.7535
  0.828911E+01 -0.136299E-05  0.253674E+02
 -0.498025E-06  0.173195E+02 -0.465661E-07
  0.253674E+02  0.194646E-06  0.776329E+02
10.9545
  0.845677E+01  0.298070E-05  0.258804E+02
  0.155275E-05  0.171468E+02  0.435021E-05
  0.258805E+02  0.128699E-04  0.792028E+02
11.1556
  0.860244E+01  0.303425E-05  0.263262E+02
  0.152481E-05  0.169602E+02  0.623520E-05
  0.263262E+02  0.119181E-04  0.805666E+02
11.3566
  0.872728E+01  0.693835E-07  0.267082E+02
  0.112574E-05  0.167603E+02  0.376720E-05
  0.267082E+02  0.478420E-05  0.817355E+02
11.5576
  0.883165E+01  0.637956E-06  0.270275E+02
  0.125892E-05  0.165437E+02  0.337977E-05
  0.270275E+02  0.186916E-05  0.827126E+02
11.7586
  0.891691E+01 -0.150409E-05  0.272884E+02
 -0.718050E-06  0.163123E+02 -0.275020E-05
  0.272884E+02 -0.433903E-05  0.835108E+02
11.9596
  0.898500E+01 -0.336207E-06  0.274967E+02
  0.718748E-06  0.160661E+02  0.226311E-05
  0.274968E+02 -0.234041E-05  0.841481E+02
12.1606
  0.903730E+01  0.352040E-06  0.276567E+02
 -0.125961E-06  0.158062E+02 -0.492670E-06
  0.276568E+02  0.225287E-05  0.846376E+02
12.3616
  0.907557E+01  0.112224E-06  0.277738E+02
 -0.459841E-06  0.155371E+02 -0.139046E-05
  0.277738E+02  0.488944E-06  0.849957E+02
12.5626
  0.909898E+01  0.224914E-06  0.278454E+02
  0.977423E-06  0.152462E+02  0.240002E-05
  0.278455E+02 -0.915490E-06  0.852148E+02
12.7636
  0.910916E+01 -0.130991E-05  0.278765E+02
 -0.998145E-06  0.149345E+02 -0.337325E-05
  0.278765E+02 -0.475440E-05  0.853096E+02
12.9647
  0.910891E+01  0.278465E-06  0.278757E+02
  0.596046E-06  0.146020E+02  0.226684E-05
  0.278757E+02  0.168849E-05  0.853071E+02
13.1657
  0.909769E+01 -0.257511E-06  0.278413E+02
  0.675209E-08  0.142361E+02  0.146916E-05
  0.278413E+02 -0.115577E-05  0.852016E+02
13.3667
  0.907599E+01 -0.120141E-06  0.277748E+02
  0.108767E-05  0.138231E+02  0.385055E-05
  0.277748E+02 -0.170432E-06  0.849979E+02
13.5677
  0.904446E+01  0.354834E-06  0.276783E+02
  0.105111E-05  0.133444E+02  0.352506E-05
  0.276783E+02  0.260398E-05  0.847025E+02
13.7687
  0.900556E+01  0.449363E-06  0.275591E+02
  0.104075E-05  0.127551E+02  0.268826E-05
  0.275592E+02  0.139326E-05  0.843377E+02
13.9697
  0.895934E+01 -0.906177E-06  0.274177E+02
  0.155286E-05  0.119703E+02  0.494160E-05
  0.274177E+02 -0.234880E-05  0.839047E+02
14.1707
  0.890785E+01  0.697095E-06  0.272601E+02
  0.259839E-05  0.107802E+02  0.104059E-04
  0.272601E+02  0.210106E-05  0.834222E+02
14.3717
  0.884910E+01 -0.222819E-06  0.270802E+02
 -0.392171E-05  0.842775E+01 -0.124439E-04
  0.270803E+02  0.391155E-07  0.828719E+02
14.5727
  0.878324E+01  0.343658E-06  0.268787E+02
  0.144195E-05  0.119077E+01  0.409072E-05
  0.268787E+02  0.144634E-05  0.822547E+02
14.7737
  0.871056E+01 -0.111526E-06  0.266562E+02
 -0.547711E-05  0.313111E+02 -0.171568E-04
  0.266562E+02  0.131875E-05  0.815736E+02
14.9747
  0.863524E+01  0.793254E-06  0.264256E+02
 -0.639725E-05  0.194764E+02 -0.203084E-04
  0.264257E+02  0.796281E-06  0.808681E+02
15.1758
  0.855321E+01  0.247266E-06  0.261746E+02
 -0.381470E-05  0.167679E+02 -0.119004E-04
  0.261747E+02  0.291504E-06  0.800997E+02
15.3768
  0.846426E+01  0.600703E-06  0.259023E+02
 -0.179792E-05  0.154768E+02 -0.576209E-05
  0.259024E+02  0.172015E-05  0.792664E+02
15.5778
  0.836790E+01  0.116415E-07  0.256074E+02
  0.157254E-05  0.146205E+02  0.297418E-05
  0.256074E+02  0.159908E-05  0.783637E+02
15.7788
  0.826333E+01  0.366475E-06  0.252873E+02
 -0.167754E-05  0.139803E+02 -0.418955E-05
  0.252874E+02  0.194833E-05  0.773841E+02
15.9798
  0.815255E+01  0.754604E-06  0.249483E+02
  0.663567E-07  0.134952E+02 -0.112597E-05
  0.249483E+02  0.348967E-05  0.763463E+02
16.1808
  0.802981E+01  0.950880E-06  0.245726E+02
  0.107102E-06  0.130686E+02 -0.174297E-05
  0.245727E+02  0.287127E-05  0.751966E+02
16.3818
  0.789559E+01  0.354368E-06  0.241618E+02
  0.467408E-06  0.126929E+02  0.191014E-05
  0.241619E+02  0.234088E-05  0.739394E+02
16.5828
  0.773540E+01  0.420259E-06  0.236715E+02
  0.817236E-06  0.123526E+02  0.194786E-05
  0.236716E+02  0.121072E-06  0.724387E+02
16.7838
  0.753061E+01  0.201771E-05  0.230447E+02
  0.917586E-06  0.120551E+02  0.284519E-05
  0.230448E+02  0.372902E-05  0.705202E+02
16.9848
  0.723627E+01  0.172539E-05  0.221439E+02
 -0.157405E-05  0.117715E+02 -0.567641E-05
  0.221440E+02  0.434974E-05  0.677632E+02
17.1859
  0.673012E+01  0.494183E-06  0.205947E+02
 -0.180665E-05  0.114939E+02 -0.634138E-05
  0.205948E+02  0.152783E-05  0.630218E+02
17.3869
  0.531168E+01  0.512291E-05  0.162535E+02
 -0.364159E-05  0.112322E+02 -0.128779E-04
  0.162536E+02  0.204358E-04  0.497350E+02
17.5879
  0.128439E+02 -0.344310E-04  0.393161E+02
 -0.126055E-05  0.109777E+02 -0.381889E-05
  0.393108E+02 -0.838414E-04  0.120333E+03
17.7889
  0.960955E+01  0.129221E-05  0.294083E+02
  0.309898E-06  0.107228E+02  0.959262E-07
  0.294081E+02  0.686757E-05  0.899981E+02
17.9899
  0.863829E+01 -0.119954E-05  0.264353E+02
 -0.458793E-06  0.104532E+02 -0.866130E-06
  0.264353E+02 -0.472460E-05  0.808987E+02
18.1909
  0.822578E+01 -0.143657E-05  0.251728E+02
 -0.341795E-06  0.101654E+02 -0.463100E-06
  0.251728E+02 -0.375882E-05  0.770343E+02
18.3919
  0.796421E+01 -0.193738E-05  0.243722E+02
 -0.735396E-06  0.992496E+01 -0.145403E-05
  0.243722E+02 -0.511389E-05  0.745839E+02
18.5929
  0.777027E+01 -0.242377E-06  0.237786E+02
 -0.205007E-06  0.969747E+01 -0.549713E-06
  0.237786E+02 -0.118371E-05  0.727673E+02
18.7939
  0.760279E+01 -0.145216E-05  0.232659E+02
 -0.184169E-06  0.946784E+01 -0.615604E-06
  0.232660E+02 -0.308175E-05  0.711985E+02
18.9949
  0.745698E+01 -0.214670E-06  0.228197E+02
 -0.358908E-06  0.924411E+01 -0.151503E-05
  0.228198E+02 -0.589527E-06  0.698327E+02
19.1960
  0.732712E+01  0.485918E-06  0.224222E+02
 -0.213739E-06  0.902837E+01 -0.484753E-06
  0.224223E+02  0.236556E-06  0.686162E+02
19.3970
  0.721159E+01 -0.221888E-06  0.220687E+02
 -0.162981E-06  0.880612E+01 -0.395114E-06
  0.220688E+02 -0.792090E-06  0.675342E+02
19.5980
  0.710162E+01  0.126497E-05  0.217321E+02
  0.159256E-06  0.855752E+01  0.395812E-07
  0.217322E+02  0.325637E-05  0.665043E+02
19.7990
  0.699190E+01  0.152970E-06  0.213963E+02
 -0.510889E-06  0.826341E+01 -0.141468E-05
  0.213964E+02  0.577420E-07  0.654765E+02
20.0000
  0.688236E+01 -0.664731E-06  0.210611E+02
  0.448956E-06  0.788910E+01  0.240840E-05
  0.210612E+02 -0.210200E-05  0.644505E+02
