  1.1877369E-02  -1.570796       1.187890     -4.7716047E-13  1.2936653E-07
 -6.6435746E-12   3.635691     -1.2993995E-12  0.1077551      -1.570796    
   1.190650      9.0212599E-10  1.4483746E-07  2.0509106E-10   3.644131    
  2.8097518E-09  0.2986608      -1.570796       1.188922      3.8854932E-08
  7.7336551E-08 -2.5283953E-10   3.638848      1.1906577E-07  0.5848101    
  -1.570796       1.190827      4.0927904E-07 -5.1333138E-09 -6.9849193E-10
   3.644678      1.2521690E-06  0.9654495      -1.570794       1.193893    
  2.3696043E-06  1.3224911E-07  1.3096724E-10   3.654073      7.2514617E-06
   1.437008      -1.570789       1.195658      9.6144649E-06 -1.1419763E-07
 -7.2759576E-12   3.659470      2.9426828E-05   1.996791      -1.570777    
   1.197017      3.0823216E-05  2.2996746E-08 -6.7884685E-09   3.663629    
  9.4337876E-05   2.654504      -1.570750       1.204103      8.3582090E-05
  3.3679289E-08  3.0559022E-10   3.685313      2.5581077E-04   3.380488    
  -1.570699       1.204125      1.9936763E-04  9.7735160E-08 -4.6566129E-10
   3.685387      6.1017828E-04   4.207240      -1.570610       1.211480    
  4.3167628E-04  2.2867295E-07  2.3574103E-09   3.707888      1.3211806E-03
   5.087306      -1.570459       1.212417      8.6243881E-04 -7.9445520E-08
 -7.1013346E-09   3.710760      2.6395619E-03   6.070649      -1.570222    
   1.220894      1.6174526E-03 -7.0319338E-08 -1.4493708E-08   3.736698    
  4.9503436E-03   7.098444      -1.569861       1.224855      2.8711762E-03
 -4.1151207E-08  7.6310243E-08   3.748824      8.7874476E-03   8.193268    
  -1.569335       1.230206      4.8685884E-03 -9.1480089E-08 -5.6345016E-08
   3.765202      1.4900656E-02   9.377768      -1.568594       1.240503    
  7.9430509E-03 -2.4927813E-08  2.6193447E-08   3.796714      2.4310267E-02
   10.58525      -1.567567       1.247419      1.2513625E-02  4.4545857E-08
 -1.8626451E-09   3.817880      3.8298730E-02   11.83089      -1.566183    
   1.254265      1.9123582E-02 -4.1986119E-08 -5.7742000E-08   3.838830    
  5.8528930E-02   13.15364      -1.564378       1.265699      2.8469201E-02
  2.6479309E-08  1.1222437E-07   3.873824      8.7131642E-02   14.51981    
  -1.562055       1.278674      4.1386660E-02 -1.2423706E-07  6.2864274E-09
   3.913532      0.1266662       15.86397      -1.559085       1.288609    
  5.8851901E-02 -7.8394555E-07 -1.3504177E-08   3.943937      0.1801191    
   17.21678      -1.555381       1.299057      8.2045212E-02 -4.0460816E-07
  1.6042031E-07   3.975915      0.2511027       18.61234      -1.550872    
   1.313169      0.1123638     -3.6348032E-07 -2.5611371E-09   4.019099    
  0.3438936       20.01762      -1.545441       1.329245      0.1513797    
 -9.2890849E-07  2.9872172E-07   4.068297      0.4633028       21.38976    
  -1.538949       1.345347      0.2008537      7.0688706E-08  2.9546209E-07
   4.117573      0.6147191       22.67839      -1.531221       1.359482    
  0.2626931      8.6753994E-07  2.1420419E-08   4.160833      0.8039784    
   23.90171      -1.522211       1.373635      0.3388763      1.7171836E-07
 -1.4901161E-08   4.204143       1.037136       25.07200      -1.511906    
   1.389400      0.4314984      3.8940169E-07  7.9162419E-09   4.252398    
   1.320606       26.16734      -1.500250       1.406567      0.5427539    
  3.0683094E-07 -1.1781231E-07   4.304927       1.661102       27.14241    
  -1.487140       1.423853      0.6748402     -1.4681262E-07  2.4563633E-07
   4.357834       2.065346       27.94157      -1.472422       1.439630    
  0.8299186     -1.8220287E-07  2.3446046E-07   4.406101       2.539954    
   28.51966      -1.455955       1.452797       1.009997     -5.4372572E-07
  2.4889596E-07   4.446401       3.091083       28.86323      -1.437804    
   1.463622       1.216228     -6.7532625E-07 -5.9045851E-07   4.479535    
   3.722240       28.97117      -1.418166       1.473058       1.449125    
  7.4707430E-08  2.7101487E-07   4.508419       4.435010       28.80927    
  -1.397073       1.480708       1.708894      5.1176632E-09 -1.4016405E-07
   4.531824       5.230010       28.33952      -1.374503       1.485898    
   1.995473      3.5591039E-08  4.5052730E-07   4.547699       6.107055    
   27.52945      -1.350457       1.488098       2.307938     -8.6144695E-08
 -2.6170164E-07   4.554434       7.063325       26.35687      -1.325100    
   1.487013       2.643925      3.7106341E-07  1.1972152E-06   4.551106    
   8.091599       24.80543      -1.298568       1.482670       3.000308    
 -1.0910402E-06 -2.7357601E-06   4.537805       9.182257       22.85118    
  -1.270768       1.474642       3.373746      2.6031930E-07  1.2868550E-06
   4.513227       10.32511       20.48213      -1.241509       1.462819    
   3.760591      1.3325733E-06  2.9825605E-06   4.477044       11.50900    
   17.69812      -1.210555       1.447437       4.156044     -9.9911983E-07
 -2.6642811E-06   4.429972       12.71925       14.49990      -1.176981    
   1.428600       4.555032     -5.7633957E-07 -1.4191028E-06   4.372322    
   13.94026       10.89579      -1.138004       1.406489       4.953198    
  3.7711132E-07  1.2696255E-06   4.304642       15.15876       6.902440    
  -1.083241       1.381459       5.345835      1.3666103E-07  5.3783879E-07
   4.228040       16.36036       2.561024     -0.9263618       1.353806    
   5.728496      4.8729571E-08  6.2608160E-07   4.143408       17.53142    
   2.281273       1.802300       1.323962       6.097511      1.2973712E-07
  8.3632767E-07   4.052061       18.66071       7.287078       1.987921    
   1.292315       6.449781      7.9316912E-08 -1.1641532E-09   3.955215    
   19.73879       12.61699       2.043101       1.259480       6.782072    
 -1.7255972E-07 -1.0016374E-06   3.854729       20.75564       18.20704    
   2.079816       1.225614       7.092978     -1.1187161E-07 -5.9022568E-07
   3.751080       21.70707       24.01791       2.109816       1.191284    
   7.380486     -2.4150092E-08  2.2584572E-07   3.646015       22.58693    
   30.01034       2.136257       1.156806       7.643775     -1.1689117E-07
 -4.5704655E-07   3.540503       23.39265       36.14615       2.160331    
   1.122484       7.882731     -1.1426156E-07 -6.1583705E-07   3.435462    
   24.12388       42.38412       2.182634       1.088535       8.097681    
 -1.1120249E-07 -6.9779344E-07   3.331569       24.78163       48.68446    
   2.203449       1.055206       8.289115     -2.6934510E-08 -4.9802475E-07
   3.229564       25.36744       55.01007       2.222816       1.022834    
   8.456773      4.2933568E-08  1.5527476E-06   3.130502       25.88048    
   61.31757       2.240972      0.9913947       8.602440      1.2439274E-08
  1.5248079E-06   3.034280       26.32621       67.56873       2.257972    
  0.9610435       8.727283      3.2556930E-08  1.1257362E-06   2.941396    
   26.70823       73.72523       2.273810      0.9319314       8.831654    
  8.5415968E-09  1.2589153E-06   2.852306       27.02755       79.74637    
   2.288571      0.9040356       8.916914     -1.3179478E-07 -7.1804971E-07
   2.766936       27.28843       85.59754       2.302314      0.8774647    
   8.984997      4.7190664E-08  7.1874820E-07   2.685622       27.49676    
   91.23792       2.315135      0.8521532       9.037299     -6.6858867E-08
 -1.2596138E-07   2.608158       27.65677       96.63038       2.327106    
  0.8280547       9.075575      9.7941799E-10 -4.5984052E-07   2.534413    
   27.77382       101.7421       2.338059      0.8053524       9.098984    
  1.9052532E-08  9.7742304E-07   2.464935       27.84546       106.5352    
   2.348097      0.7838986       9.109163     -1.3243482E-07 -9.9814497E-07
   2.399279       27.87652       110.9750       2.357379      0.7635953    
   9.108910     -8.0455798E-08  5.9604645E-07   2.337146       27.87573    
   115.0289       2.365795      0.7444850       9.097691     -6.2603810E-08
  6.7520887E-09   2.278669       27.84133       118.6628       2.373362    
  0.7265145       9.075991     -2.4455922E-08  1.0876684E-06   2.223675    
   27.77483       121.8458       2.380107      0.7096107       9.044464    
 -1.0090480E-08  1.0511139E-06   2.171946       27.67832       124.5582    
   2.386096      0.6938046       9.005558     -2.9694228E-08  1.0407530E-06
   2.123576       27.55920       126.7699       2.391321      0.6790103    
   8.959340     -3.4933681E-08  1.5528640E-06   2.078304       27.41773    
   128.4594       2.395906      0.6650653       8.907850      4.2719080E-08
  2.5983900E-06   2.035628       27.26009       129.6007       2.399627    
  0.6520820       8.849100      1.0096220E-07 -3.9217121E-06   1.995903    
   27.08028       130.1735       2.402463      0.6400083       8.783244    
  2.2777340E-06  1.4419493E-06   1.958952       26.87872       130.1595    
   2.404433      0.6287320       8.710560      1.3238202E-08 -5.4771081E-06
   1.924443       26.65620       129.5632       2.405708      0.6181565    
   8.635242     -1.8881754E-07 -6.3972548E-06   1.892083       26.42568    
   128.3567       2.405997      0.6083147       8.553213     -2.4093504E-07
 -3.8146973E-06   1.861967       26.17465       126.5336       2.405261    
  0.5991554       8.464264     -1.5020579E-07 -1.7979182E-06   1.833938    
   25.90237       124.0891       2.403409      0.5906200       8.367898    
 -1.3870195E-08  1.5725382E-06   1.807821       25.60743       121.0290    
   2.400259      0.5827406       8.263331     -3.2344985E-08 -1.6775448E-06
   1.783708       25.28738       117.3797       2.395790      0.5754864    
   8.152549     -1.3043342E-07  6.6356733E-08   1.761512       24.94832    
   113.1228       2.389572      0.5687751       8.029815     -8.4954465E-08
  1.0710210E-07   1.740975       24.57268       108.3054       2.381262    
  0.5627571       7.895586     -9.7783683E-09  4.6740752E-07   1.722557    
   24.16186       102.8699       2.369918      0.5572612       7.735401    
  7.0876268E-08  8.1723556E-07   1.705739       23.67163       96.77683    
   2.354034      0.5522625       7.530610      6.9694487E-08  9.1758557E-07
   1.690443       23.04482       89.89692       2.330135      0.5476587    
   7.236273     -1.0067256E-07 -1.5740516E-06   1.676349       22.14398    
   81.84836       2.289042      0.5430816       6.730124     -4.0101497E-08
 -1.8066494E-06   1.662332       20.59484       69.78269       2.180345    
  0.5297827       5.311684     -9.7166378E-08 -3.6415877E-06   1.621608    
   16.25356       76.88752      -3.012494     -4.0882755E-02   12.84390    
 -1.6415282E-08 -1.2605451E-06 -0.1248391       39.31079       69.96428    
   2.460119      0.4942306       9.609547     -4.8165836E-09  3.0989759E-07
   1.512894       29.40806       59.82763       2.363233      0.5106699    
   8.638289     -7.0509635E-08 -4.5879278E-07   1.563195       26.43531    
   51.05616       2.299669      0.5130584       8.225782     -6.9832900E-08
 -3.4179538E-07   1.570499       25.17275       42.69362       2.232618    
  0.5125682       7.964206     -1.2993607E-07 -7.3539559E-07   1.569000    
   24.37218       34.67215       2.145662      0.5116810       7.770267    
 -6.3915024E-08 -2.0500738E-07   1.566285       23.77859       27.03646    
   2.018378      0.5097487       7.602786     -1.1318227E-07 -1.8416904E-07
   1.560372       23.26604       20.20362       1.810104      0.5079698    
   7.456981     -1.5689604E-08 -3.5890844E-07   1.554926       22.81978    
   15.02969       1.445907      0.5066302       7.327116      1.2905415E-08
 -2.1373853E-07   1.550828       22.42233       13.16306      0.8936812    
  0.5055642       7.211588      8.0663209E-09 -1.6298145E-07   1.547564    
   22.06879       15.38750      0.3784666      0.5044250       7.101625    
 -4.7331270E-08  1.5925616E-07   1.544079       21.73220       20.01687    
  6.1951641E-02  0.5034924       6.991898     -2.1073424E-08 -5.1088864E-07
   1.541227       21.39643       25.40172     -0.1199412      0.5026981    
   6.882362     -1.0058284E-08  4.4895569E-07   1.538796       21.06120    
  5.3012494E-02  -3.141240      3.8824510E-07  1.5061005E-11   5.301295    
  1.8712385E-04  1.2581586E-06  5.0136260E-11  0.4822098      -3.138413    
  2.8174657E-07  2.3377700E-10   5.322329      5.0919349E-03  9.9858562E-07
  7.5848883E-10   1.351095      -3.132854      2.3711132E-07  8.7103730E-10
   5.361816      2.3512756E-02  4.3132229E-07  2.9480449E-09   2.668440    
  -3.124697      8.4699678E-08  2.2698174E-09   5.400193      6.4125814E-02
  5.6333977E-07  8.0466842E-09   4.454344      -3.114175      1.4010422E-07
  3.6004180E-09   5.451526      0.1350751      8.6689482E-07  2.0486436E-08
   6.709062      -3.101432     -1.4948934E-07 -5.7662257E-09   5.494805    
  0.2437666     -4.2181486E-07 -1.8398513E-08   9.440420      -3.086690    
 -3.2043914E-07 -2.3533236E-08   5.533167      0.3966616     -3.3407676E-07
 -3.1486785E-08   12.65104      -3.070166     -1.6870543E-07 -2.0644542E-08
   5.565551      0.5991011     -9.9832823E-07 -9.9673770E-08   16.34770    
  -3.052133      2.0446686E-07  3.2215468E-08   5.593347      0.8551142    
  5.3025076E-07  7.6869753E-08   20.50588      -3.032700     -3.1184891E-07
 -7.2117700E-08   5.608898       1.167419     -4.4588174E-07 -1.5357978E-07
   25.13472      -3.012202      2.6228054E-07  6.9513135E-08   5.617351    
   1.537126      1.7831105E-07  5.2334599E-08   30.19235      -2.990694    
 -1.0034106E-07 -3.0792421E-08   5.612248       1.964138     -2.6314342E-07
 -1.0119084E-07   35.67641      -2.968487     -2.0047310E-07 -5.4417569E-08
   5.597181       2.446580     -3.1512183E-08  6.1940227E-08   41.55900    
  -2.945744     -2.6517213E-07 -1.6864351E-07   5.571334       2.981491    
 -9.2887478E-07 -6.2838080E-07   47.79501      -2.922555     -4.9120575E-07
 -4.0233681E-07   5.533123       3.564834     -8.6704046E-07 -6.3917832E-07
   54.35223      -2.899093     -1.8386376E-07 -1.8544233E-07   5.482711    
   4.191301     -1.5755481E-07 -3.2171374E-07   61.23407      -2.875716    
  4.5777508E-08 -4.4730768E-08   5.425163       4.854230      5.6449565E-08
 -1.1199882E-07   68.34731      -2.852238     -1.3530928E-07 -3.0111187E-07
   5.355525       5.548155     -8.4495480E-07 -1.2845776E-06   75.66656    
  -2.828867     -2.6137371E-07 -4.7063804E-07   5.276507       6.265721    
 -7.7848540E-07 -1.7341372E-06   83.16869      -2.805818     -2.5066533E-06
 -4.2262072E-06   5.189900       6.999258     -7.7396508E-06 -1.3238503E-05
   90.81709      -2.783189     -2.0994416E-06 -4.3597247E-06   5.096909    
   7.741627     -6.1477836E-06 -1.3398385E-05   98.56918      -2.761028    
 -2.1102981E-06 -5.6232093E-06   4.998949       8.486099     -5.9876729E-06
 -1.6249483E-05   106.3526      -2.739218     -3.9138545E-06 -9.9800236E-06
   4.894804       9.227397     -1.1602449E-05 -2.9797258E-05   114.1391    
  -2.717892      6.4369118E-07  2.8926588E-06   4.786025       9.959050    
  2.1709418E-06  9.9113095E-06   121.9253      -2.697314      2.1376434E-06
  7.2717667E-06   4.675355       10.67378      6.7939327E-06  2.2464315E-05
   129.6801      -2.677537     -1.2619937E-07 -1.0131334E-06   4.564010    
   11.36607     -6.9087110E-07 -4.0918821E-06   137.3373      -2.658336    
  8.2793758E-07  2.6626221E-06   4.451126       12.03451      2.5154613E-06
  8.4469793E-06   144.8657      -2.639735      3.7743069E-07  2.4813926E-07
   4.337892       12.67542      1.1717201E-06 -1.7508864E-07   152.2443    
  -2.621844     -1.2340065E-07 -7.4523268E-07   4.225593       13.28464    
 -6.5618582E-07 -2.9245857E-06   159.4380      -2.604655     -1.6555329E-07
 -2.5826739E-07   4.114190       13.85997     -7.6776519E-07 -1.6393606E-06
   166.4279      -2.588242     -6.0631726E-07 -2.1656742E-06   4.004230    
   14.39948     -1.9348677E-06 -6.7113433E-06   173.1978      -2.572677    
 -9.9129238E-07 -7.6575670E-06   3.896762       14.90005     -3.1790789E-06
 -2.2822991E-05   179.7296      -2.557978      5.3464284E-08  2.4860492E-06
   3.792756       15.36005      5.9708913E-07  1.0724179E-05   185.9899    
  -2.544053     -2.3333777E-07 -4.5411289E-06   3.692249       15.78022    
 -8.9794241E-07 -1.3653655E-05   191.9446      -2.530771      3.0823185E-07
  5.7247235E-06   3.594542       16.16338      6.3875848E-07  1.6639009E-05
   197.5762      -2.518202     -2.5125536E-07 -3.2229582E-06   3.500068    
   16.50812     -3.3726954E-07 -6.4764172E-06   202.8699      -2.506335    
  4.1524066E-07  5.3627882E-06   3.409199       16.81527      1.4202728E-06
  1.6816892E-05   207.8109      -2.495219     -1.2184312E-06 -1.1059688E-05
   3.322418       17.08402     -3.8288963E-06 -3.2526907E-05   212.3792    
  -2.484807      1.8726622E-07 -9.9185854E-08   3.239646       17.31585    
  3.2302219E-07  6.6589564E-07   216.5526      -2.475017      1.6394405E-06
  1.0155374E-05   3.160377       17.51339      4.7118665E-06  3.0737370E-05
   220.3194      -2.465886     -1.2617993E-06 -6.9746748E-06   3.084715    
   17.67724     -3.7067998E-06 -2.6472844E-05   223.6656      -2.457386    
 -7.1701913E-07 -2.6216730E-06   3.012685       17.80849     -2.1584262E-06
 -5.2545220E-06   226.5822      -2.449554      5.7586061E-07  1.5525147E-06
   2.944625       17.90844      1.7373940E-06  5.2517280E-06   229.0521    
  -2.442444      1.3783271E-07  1.9269064E-06   2.880582       17.97656    
  3.7408694E-07  1.4072284E-06   231.0641      -2.435992      8.2048942E-08
 -2.9802322E-07   2.820312       18.01542      3.1111958E-07 -2.8926879E-06
   232.6123      -2.430136      2.6079806E-07 -5.3877011E-07   2.763405    
   18.02796      6.7821753E-07 -4.0298328E-06   233.6865      -2.424872    
  1.1817821E-07 -9.3039125E-07   2.709747       18.01681      2.6943837E-07
 -3.9748847E-06   234.2730      -2.420262     -1.2329875E-07 -2.5085174E-06
   2.659185       17.98027     -3.0122354E-07 -6.4112246E-06   234.3739    
  -2.416275     -1.9899964E-07 -4.6286732E-07   2.612055       17.92191    
 -3.4507283E-07 -3.7681311E-06   233.9727      -2.412969     -6.2996172E-08
 -1.8859282E-07   2.568058       17.84079     -2.2165665E-07 -2.3059547E-06
   233.0599      -2.410375     -1.0019243E-07 -1.6880222E-06   2.527158    
   17.73743     -4.9435607E-07 -2.5434420E-06   231.6410      -2.408454    
 -6.7567271E-08 -2.1476299E-06   2.489105       17.61393      0.0000000E+00
 -8.3362684E-06   229.7204      -2.407179     -8.1725005E-08 -1.6307458E-06
   2.453699       17.47358      3.6361449E-08 -5.7630241E-06   227.2976    
  -2.406544      5.5427929E-08 -1.3629906E-06   2.420643       17.31953    
  4.1917371E-08  1.9464642E-07   224.3605      -2.406685     -5.5090993E-08
  2.9806979E-06   2.389950       17.14681     -2.0982186E-07  1.2869947E-05
   220.9222      -2.407550     -1.3006972E-07  3.0342489E-06   2.361562    
   16.96016     -5.0792312E-07  1.1918135E-05   216.9879      -2.409195    
 -8.1187306E-09  6.9383532E-08   2.335355       16.76026     -1.5647008E-07
  4.7842041E-06   212.5456      -2.411731     -1.3142778E-07  6.3795596E-07
   2.311158       16.54366     -3.2006815E-07  1.8691644E-06   207.6033    
  -2.415160     -3.0255773E-08 -1.5040860E-06   2.288671       16.31228    
 -9.3777054E-08 -4.3390319E-06   202.1831      -2.419562     -2.0246819E-08
 -3.3620745E-07   2.267868       16.06610      4.5165983E-08 -2.3404136E-06
   196.3029      -2.424980     -7.9035914E-08  3.5203993E-07   2.248615    
   15.80625     -1.4980063E-07  2.2528693E-06   189.9933      -2.431459    
 -4.7388763E-08  1.1222437E-07   2.230736       15.53708      4.1587597E-08
  4.8894435E-07   183.2078      -2.439292      3.1432972E-08  2.2491440E-07
   2.213724       15.24620      6.5831316E-08 -9.1549009E-07   175.9826    
  -2.448651     -1.6074596E-07 -1.3099052E-06   2.197462       14.93454    
 -3.7504958E-07 -4.7544017E-06   168.3519      -2.459617     -9.4607401E-08
  2.7846545E-07   2.181931       14.60198     -2.9366367E-07  1.6884878E-06
   160.2851      -2.472674     -1.3440367E-09 -2.5751069E-07   2.166375    
   14.23612      7.4417187E-08 -1.1557713E-06   151.7570      -2.488172    
 -1.0660273E-07 -1.2014061E-07   2.149759       13.82314     -3.3053814E-07
 -1.7043203E-07   142.7407      -2.506776     -4.6059270E-08  3.5483390E-07
   2.130858       13.34438     -2.5178153E-07  2.6039779E-06   133.1358    
  -2.529856     -1.4001606E-07  4.4936314E-07   2.107695       12.75507    
 -3.5010780E-07  1.3932586E-06   122.6544      -2.559557     -8.4000833E-09
 -9.0617687E-07   2.074594       11.97026     -6.1333942E-08 -2.3487955E-06
   110.7190      -2.601945     -5.6914960E-08  6.9709495E-07   2.020884    
   10.78019     -9.3061871E-08  2.1010637E-06   94.11261      -2.676625    
  1.4638871E-07 -2.2281893E-07   1.886884       8.427752      4.7539072E-07
  3.9115548E-08   43.27256      -2.945984      9.5862884E-10  3.4365803E-07
   1.036379       1.190772      2.6585973E-08  1.4463440E-06   133.8755    
  -2.274160     -2.4396114E-08 -1.1152588E-07   2.391804       31.31113    
 -1.2607810E-09  1.3187528E-06   101.5960      -2.528452     -8.5826155E-09
  7.9325400E-07   2.349912       19.47639     -1.2637589E-07  7.9628080E-07
   86.71197      -2.622919     -4.8358842E-08  2.4726614E-07   2.291043    
   16.76788     -7.8061483E-08  2.9150397E-07   75.44364      -2.701580    
 -4.0337525E-08  6.0070306E-07   2.262414       15.47677     -9.5453359E-08
  1.7201528E-06   65.64230      -2.785708      8.0112335E-09  1.1641532E-08
   2.246128       14.62054     -2.8696954E-09  1.5990809E-06   56.83493    
  -2.883799      2.1189507E-08  3.6647543E-07   2.235435       13.98034    
  7.3425483E-08  1.9483268E-06   48.99542      -3.003127      9.2667172E-09
  7.5460412E-07   2.228782       13.49516     -3.2404369E-08  3.4896657E-06
   42.23689       3.129582     -6.3888521E-09  9.5088035E-07   2.225861    
   13.06860      1.7267167E-08  2.8712675E-06   36.74440       2.941631    
  7.3508318E-08  3.5436824E-07   2.221579       12.69293      3.8908811E-07
  2.3408793E-06   32.92844       2.713927      8.8623409E-08  4.2025931E-07
   2.220725       12.35258      2.9294026E-07  1.2107193E-07   31.01394    
   2.458975      1.0015808E-07  2.0177104E-06   2.221131       12.05509    
  2.2151306E-07  3.7290156E-06   30.99854       2.202915      2.7251776E-08
  1.7253915E-06   2.221206       11.77145      1.0966509E-09  4.3497421E-06
   32.57568       1.973787      1.3141369E-07  4.9418304E-07   2.222757    
   11.49391      3.4660698E-07  1.5278347E-06   35.19582       1.783906    
  5.4052146E-07  5.1229144E-06   2.224157       11.23216      1.6178684E-06
  2.0435778E-05   38.39106       1.631671      4.8102072E-07 -3.4430996E-05
   2.225852       10.97774      1.3962522E-06 -8.3841383E-05   41.78147    
   1.510621      7.3400543E-08  1.2922101E-06   2.229259       10.72282    
  1.3947151E-07  6.8675727E-06   45.07471       1.413128     -1.0032869E-07
 -1.1995435E-06   2.233747       10.45319     -2.7582624E-07 -4.7245994E-06
   48.12421       1.332688     -5.5088123E-08 -1.4365651E-06   2.238735    
   10.16539     -1.1365765E-07 -3.7588179E-06   50.79268       1.264863    
 -1.6831936E-07 -1.9373838E-06   2.243125       9.924962     -4.9442548E-07
 -5.1138923E-06   53.03664       1.205944     -5.7804030E-08 -2.4237670E-07
   2.248763       9.697468     -2.3041467E-07 -1.1837110E-06   54.71454    
   1.153453     -1.6977340E-07 -1.4521647E-06   2.254092       9.467835    
 -4.6145067E-07 -3.0817464E-06   55.78381       1.105299     -1.6474084E-08
 -2.1466985E-07   2.258568       9.244114     -7.7075178E-08 -5.8952719E-07
   56.30327       1.059782      1.8630372E-08  4.8591755E-07   2.263844    
   9.028370      1.6883774E-08  2.3655593E-07   56.27199       1.015387    
  3.0824868E-08 -2.2188760E-07   2.268438       8.806120     -5.3967529E-08
 -7.9208985E-07   55.61427      0.9706480     -8.1356561E-08  1.2649689E-06
   2.272968       8.557521     -9.1621168E-08  3.2563694E-06   54.28255    
  0.9231921     -3.9230436E-08  1.5296973E-07   2.277305       8.263412    
  8.0718742E-08  5.7742000E-08   52.36415      0.8687633     -4.2002647E-08
 -6.6473149E-07   2.282247       7.889101     -2.3897738E-07 -2.1019951E-06
  3.6352135E-02  -1.570796       3.635686     -1.4597764E-12  5.8440492E-07
 -1.8118840E-11   11.12749     -3.9750924E-12  0.3297976      -1.570796    
   3.644130      2.7607334E-09  3.0939910E-07  3.5925041E-10   11.15332    
  8.5985778E-09  0.9140887      -1.570796       3.638843      1.1892116E-07
 -8.5336886E-08 -3.4560799E-11   11.13717      3.6441776E-07   1.789881    
  -1.570796       3.644671      1.2526236E-06  6.9548122E-08 -1.0040822E-09
   11.15500      3.8323451E-06   2.954882      -1.570794       3.654061    
  7.2524040E-06  4.1207122E-07 -7.5888238E-09   11.18374      2.2193804E-05
   4.398138      -1.570789       3.659462      2.9425999E-05 -1.1630460E-07
 -7.0867827E-09   11.20028      9.0063666E-05   6.111421      -1.570777    
   3.663626      9.4337352E-05  3.1375404E-08 -1.1641532E-10   11.21301    
  2.8872967E-04   8.124413      -1.570750       3.685308      2.5581068E-04
  2.2864839E-07 -1.3038516E-08   11.27936      7.8293181E-04   10.34637    
  -1.570699       3.685375      6.1018270E-04  3.0751815E-07 -3.0151568E-08
   11.27960      1.8675035E-03   12.87671      -1.570610       3.707880    
  1.3211832E-03  4.9954366E-07 -8.7078661E-08   11.34845      4.0435856E-03
   15.57024      -1.570459       3.710753      2.6395642E-03 -1.0636872E-07
  8.4866770E-08   11.35725      8.0785966E-03   18.57984      -1.570222    
   3.736690      4.9503450E-03 -1.8496604E-07 -5.3551048E-08   11.43662    
  1.5150908E-02   21.72549      -1.569861       3.748820      8.7874662E-03
 -2.2725845E-07  2.0721927E-08   11.47373      2.6894668E-02   25.07627    
  -1.569335       3.765201      1.4900655E-02 -2.6774660E-07 -1.8835999E-07
   11.52386      4.5604590E-02   28.70145      -1.568594       3.796709    
  2.4310261E-02 -4.0395841E-07  6.7753717E-08   11.62030      7.4403338E-02
   32.39700      -1.567567       3.817871      3.8298719E-02 -2.3438893E-07
 -3.4947880E-07   11.68506      0.1172159       36.20936      -1.566183    
   3.838820      5.8528949E-02 -7.9759580E-08  1.3178214E-07   11.74918    
  0.1791316       40.25764      -1.564378       3.873812      8.7131813E-02
  2.6055642E-07 -1.8719584E-07   11.85629      0.2666714       44.43875    
  -1.562055       3.913522      0.1266661     -3.7972455E-07 -1.3178214E-07
   11.97779      0.3876685       48.55251      -1.559085       3.943928    
  0.1801193     -2.2175750E-06  1.2060627E-07   12.07086      0.5512636    
   52.69281      -1.555381       3.975903      0.2511028     -1.6401324E-06
  2.5331974E-07   12.16871      0.7685115       56.96372      -1.550872    
   4.019094      0.3438936     -1.1125321E-06 -3.7671998E-07   12.30088    
   1.052500       61.26451      -1.545441       4.068290      0.4633025    
 -2.7415208E-06  1.4277175E-06   12.45144       1.417952       65.46382    
  -1.538949       4.117562      0.6147191      2.8748713E-07  5.8114529E-07
   12.60223       1.881362       69.40758      -1.531221       4.160823    
  0.8039783      3.0226779E-06  4.8615038E-07   12.73462       2.460593    
   73.15128      -1.522211       4.204140       1.037137      4.7499660E-07
  8.5681677E-08   12.86719       3.174172       76.73274      -1.511906    
   4.252386       1.320604      1.0368891E-06 -2.7846545E-07   13.01487    
   4.041728       80.08483      -1.500250       4.304916       1.661101    
  8.4584917E-07  2.7939677E-09   13.17561       5.083812       83.06872    
  -1.487140       4.357826       2.065346     -3.0890808E-07 -3.2596290E-08
   13.33752       6.320995       85.51410      -1.472421       4.406097    
   2.539954     -6.5561619E-07 -5.0850213E-07   13.48523       7.773520    
   87.28291      -1.455953       4.446395       3.091082     -1.3283984E-06
  1.8160790E-07   13.60857       9.460218       88.33418      -1.437803    
   4.479525       3.722239     -1.8981507E-06 -1.9613653E-06   13.70995    
   11.39183       88.66415      -1.418163       4.508409       4.435006    
  2.5947999E-08 -3.7252903E-09   13.79835       13.57323       88.16824    
  -1.397070       4.531807       5.230006     -4.0388045E-08 -1.7909333E-06
   13.86996       16.00626       86.73009      -1.374499       4.547688    
   6.107062      1.0448993E-07  1.0943040E-06   13.91855       18.69038    
   84.25034      -1.350452       4.554421       7.063326     -1.6706849E-08
  2.9057264E-07   13.93914       21.61692       80.66133      -1.325093    
   4.551093       8.091596      1.1293124E-06  3.7057325E-06   13.92895    
   24.76391       75.91283      -1.298558       4.537792       9.182261    
 -3.4238647E-06 -7.2224066E-06   13.88823       28.10172       69.93136    
  -1.270754       4.513218       10.32510      8.4342014E-07  3.7709251E-06
   13.81299       31.59928       62.68058      -1.241490       4.477038    
   11.50900      4.3625355E-06  9.3923882E-06   13.70224       35.22240    
   54.15989      -1.210528       4.429964       12.71924     -3.1047882E-06
 -8.0298632E-06   13.55817       38.92614       44.37144      -1.176942    
   4.372312       13.94028     -1.9478534E-06 -5.0794333E-06   13.38174    
   42.66291       33.34097      -1.137940       4.304636       15.15877    
  1.2936695E-06  5.7164580E-06   13.17461       46.39196       21.11929    
  -1.083118       4.228033       16.36036      2.4797109E-07  2.3655593E-06
   12.94017       50.06919       7.832836     -0.9258907       4.143399    
   17.53143      1.7971632E-07  1.4090911E-06   12.68114       53.65298    
   6.988129       1.802079       4.052053       18.66069      3.3809044E-07
  1.3178214E-06   12.40160       57.10885       22.30795       1.987787    
   3.955213       19.73880      1.2116755E-07 -3.7904829E-07   12.10519    
   60.40805       38.61979       2.043006       3.854718       20.75562    
 -6.5122032E-07 -1.8132851E-06   11.79765       63.51996       55.72780    
   2.079739       3.751066       21.70708     -4.9143262E-07 -1.4947727E-06
   11.48045       66.43146       73.51150       2.109750       3.646004    
   22.58692     -9.9970144E-08  3.7066638E-07   11.15891       69.12406    
   91.85078       2.136198       3.540493       23.39261     -3.6663823E-07
 -2.4111941E-06   10.83597       71.58970       110.6288       2.160276    
   3.435447       24.12387     -2.8934267E-07 -1.8505380E-06   10.51451    
   73.82729       129.7193       2.182582       3.331553       24.78164    
 -2.6688596E-07 -1.6363338E-06   10.19656       75.84019       149.0006    
   2.203399       3.229555       25.36741     -4.9885134E-08 -4.6566129E-08
   9.884386       77.63286       168.3594       2.222767       3.130491    
   25.88045      2.1424275E-07  4.3502077E-06   9.581216       79.20276    
   187.6625       2.240924       3.034269       26.32621     -6.7121988E-08
  6.2352046E-06   9.286754       80.56655       206.7931       2.257926    
   2.941386       26.70822      8.1679353E-08  3.7671998E-06   9.002490    
   81.73545       225.6340       2.273764       2.852295       27.02754    
  7.3489971E-08  3.3797696E-06   8.729852       82.71265       244.0607    
   2.288524       2.766923       27.28843     -4.8979501E-07 -2.7501956E-06
   8.468578       83.51084       261.9671       2.302268       2.685611    
   27.49669      7.6003445E-08  2.2631139E-06   8.219748       84.14810    
   279.2284       2.315089       2.608151       27.65674     -1.1702216E-07
 -4.9266964E-07   7.982694       84.63765       295.7308       2.327058    
   2.534402       27.77378      1.0728395E-07 -1.3904646E-06   7.757017    
   84.99571       311.3738       2.338012       2.464925       27.84543    
 -3.8846409E-08  2.4000183E-06   7.544394       85.21477       326.0418    
   2.348049       2.399270       27.87650     -3.2835081E-07 -3.3732504E-06
   7.343469       85.30963       339.6289       2.357331       2.337136    
   27.87570     -1.4108500E-07  2.2668391E-06   7.153334       85.30707    
   352.0349       2.365745       2.278656       27.84133     -1.6241621E-07
  1.4691614E-06   6.974368       85.20164       363.1558       2.373311    
   2.223661       27.77481     -1.3182508E-07  3.8505532E-06   6.806067    
   84.99791       372.8962       2.380056       2.171935       27.67829    
 -1.2712633E-07  3.5250559E-06   6.647776       84.70250       381.1972    
   2.386045       2.123564       27.55913      3.2196930E-08  2.6882626E-06
   6.499759       84.33772       387.9648       2.391268       2.078295    
   27.41770     -8.9867562E-08  4.9415976E-06   6.361214       83.90470    
   393.1352       2.395852       2.035618       27.26006      1.0620620E-07
  1.0405900E-05   6.230622       83.42220       396.6274       2.399572    
   1.995888       27.08023      3.0690435E-07 -1.2443867E-05   6.109046    
   82.87187       398.3803       2.402406       1.958939       26.87865    
  6.9186158E-06  4.0907180E-06   5.995976       82.25469       398.3372    
   2.404376       1.924433       26.65615      2.0676809E-07 -1.7156824E-05
   5.890380       81.57359       396.5117       2.405647       1.892070    
   26.42562     -6.4083525E-07 -2.0308420E-05   5.791353       80.86811    
   392.8200       2.405935       1.861953       26.17460     -7.9681627E-07
 -1.1900440E-05   5.699194       80.09975       387.2404       2.405197    
   1.833922       25.90232     -4.8986470E-07 -5.7620928E-06   5.613406    
   79.26640       379.7594       2.403342       1.807805       25.60738    
 -4.7828258E-10  2.9741786E-06   5.533500       78.36369       370.3949    
   2.400189       1.783691       25.28733     -2.0540247E-08 -4.1895546E-06
   5.459702       77.38411       359.2270       2.395718       1.761497    
   24.94827     -3.6740494E-07 -1.1259690E-06   5.391779       76.34628    
   346.1996       2.389496       1.740958       24.57259     -2.1273151E-07
 -1.7429702E-06   5.328929       75.19664       331.4570       2.381183    
   1.722538       24.16179      2.5924047E-08  1.9101426E-06   5.272573    
   73.93941       314.8232       2.369836       1.705720       23.67148    
  1.3703493E-07  1.9478612E-06   5.221097       72.43873       296.1762    
   2.353947       1.690417       23.04468      2.3527440E-08  2.8451905E-06
   5.174270       70.52025       275.1219       2.330043       1.676319    
   22.14386     -3.7198399E-07 -5.6764111E-06   5.131114       67.76323    
   250.4895       2.288946       1.662289       20.59470     -2.2023309E-07
 -6.3413754E-06   5.088163       63.02180       213.5604       2.180249    
   1.621526       16.25345     -4.3151729E-07 -1.2877863E-05   4.963325    
   49.73499       235.3533      -3.012651     -0.1247061       39.31610    
 -1.0378695E-07 -3.8188882E-06 -0.3807917       120.3331       214.1362    
   2.459985       1.512944       29.40826      2.1988750E-08  9.5926225E-08
   4.631295       89.99811       183.1130       2.363093       1.563215    
   26.43531     -2.0376353E-07 -8.6612999E-07   4.785114       80.89867    
   156.2696       2.299519       1.570511       25.17277     -2.3386853E-07
 -4.6310015E-07   4.807436       77.03426       130.6788       2.232455    
   1.569009       24.37217     -3.8768141E-07 -1.4540274E-06   4.802824    
   74.58391       106.1323       2.145488       1.566290       23.77856    
 -2.5646156E-07 -5.4971315E-07   4.794509       72.76725       82.76678    
   2.018206       1.560376       23.26594     -4.1586060E-07 -6.1560422E-07
   4.776396       71.19850       61.85833       1.809979       1.554928    
   22.81971     -1.6866323E-08 -1.5150290E-06   4.759734       69.83272    
   46.02480       1.445993       1.550829       22.42224      1.0906530E-07
 -4.8475340E-07   4.747189       68.61625       40.30501      0.8941553    
   1.547565       22.06869      1.2253126E-07 -3.9511360E-07   4.737207    
   67.53424       47.09920      0.3790461       1.544081       21.73215    
 -6.8050582E-08  3.9581209E-08   4.726544       66.50426       61.25665    
  6.2410899E-02   1.541227       21.39630     -2.8035180E-07 -1.4146790E-06
   4.717814       65.47648       77.73019     -0.1195973       1.538797    
   21.06110     -8.4191562E-08  2.4084002E-06   4.710377       64.45055    
