           3
  9.4705501E-05  9.4315998E-05  9.3540002E-05  9.2378497E-05  9.0837493E-05
  8.8923996E-05  8.6643471E-05  8.4009538E-05  8.1027967E-05  7.7714496E-05
  7.4082011E-05  7.0143971E-05  6.5919005E-05  6.1422470E-05  5.6673547E-05
  5.1691492E-05  4.6497957E-05  4.1112002E-05  3.5558045E-05  2.9857454E-05
  2.4035577E-05  1.8112434E-05  1.2117028E-05  6.0710308E-06  0.0000000E+00
 -6.0710308E-06 -1.2117027E-05 -1.8112432E-05 -2.4035577E-05 -2.9857454E-05
 -3.5558041E-05 -4.1112002E-05 -4.6497957E-05 -5.1691492E-05 -5.6673551E-05
 -6.1422470E-05 -6.5919012E-05 -7.0143971E-05 -7.4082011E-05 -7.7714503E-05
 -8.1027967E-05 -8.4009538E-05 -8.6643471E-05 -8.8923996E-05 -9.0837500E-05
 -9.2378497E-05 -9.3540002E-05 -9.4315998E-05 -9.4705501E-05  9.3394505E-05
  9.3010502E-05  9.2244991E-05  9.1099515E-05  8.9580491E-05  8.7692490E-05
  8.5444459E-05  8.2846542E-05  7.9906473E-05  7.6638535E-05  7.3056479E-05
  6.9173504E-05  6.5005981E-05  6.0572511E-05  5.5888519E-05  5.0976498E-05
  4.5853965E-05  4.0543000E-05  3.5065485E-05  2.9444545E-05  2.3702532E-05
  1.7861948E-05  1.1949538E-05  5.9864669E-06  0.0000000E+00 -5.9864669E-06
 -1.1949538E-05 -1.7861947E-05 -2.3702531E-05 -2.9444545E-05 -3.5065488E-05
 -4.0543004E-05 -4.5853965E-05 -5.0976490E-05 -5.5888519E-05 -6.0572518E-05
 -6.5005981E-05 -6.9173497E-05 -7.3056472E-05 -7.6638542E-05 -7.9906473E-05
 -8.2846542E-05 -8.5444466E-05 -8.7692490E-05 -8.9580491E-05 -9.1099508E-05
 -9.2244991E-05 -9.3010509E-05 -9.3394505E-05  9.1616996E-05  9.1241003E-05
  9.0489004E-05  8.9365996E-05  8.7875495E-05  8.6023989E-05  8.3818493E-05
  8.1269500E-05  7.8386525E-05  7.5180003E-05  7.1665978E-05  6.7857545E-05
  6.3768472E-05  5.9419985E-05  5.4825021E-05  5.0005987E-05  4.4981542E-05
  3.9771498E-05  3.4398436E-05  2.8884037E-05  2.3251025E-05  1.7522500E-05
  1.1721999E-05  5.8724731E-06  0.0000000E+00 -5.8724722E-06 -1.1721999E-05
 -1.7522498E-05 -2.3251025E-05 -2.8884040E-05 -3.4398439E-05 -3.9771501E-05
 -4.4981534E-05 -5.0005980E-05 -5.4825021E-05 -5.9419985E-05 -6.3768472E-05
 -6.7857545E-05 -7.1665978E-05 -7.5180003E-05 -7.8386518E-05 -8.1269500E-05
 -8.3818493E-05 -8.6023989E-05 -8.7875487E-05 -8.9365982E-05 -9.0488997E-05
 -9.1241003E-05 -9.1616988E-05  8.9345493E-05  8.8978493E-05  8.8245499E-05
  8.7149987E-05  8.5696505E-05  8.3891486E-05  8.1740509E-05  7.9253965E-05
  7.6442549E-05  7.3316463E-05  6.9889014E-05  6.6174529E-05  6.2187988E-05
  5.7946480E-05  5.3465519E-05  4.8765985E-05  4.3866519E-05  3.8785489E-05
  3.3545497E-05  2.8167518E-05  2.2674500E-05  1.7088503E-05  1.1430979E-05
  5.7270368E-06  0.0000000E+00 -5.7270368E-06 -1.1430979E-05 -1.7088501E-05
 -2.2674500E-05 -2.8167518E-05 -3.3545497E-05 -3.8785489E-05 -4.3866519E-05
 -4.8765985E-05 -5.3465519E-05 -5.7946480E-05 -6.2187995E-05 -6.6174529E-05
 -6.9889014E-05 -7.3316471E-05 -7.6442542E-05 -7.9253965E-05 -8.1740502E-05
 -8.3891486E-05 -8.5696505E-05 -8.7149987E-05 -8.8245499E-05 -8.8978493E-05
 -8.9345493E-05  8.6540509E-05  8.6184511E-05  8.5475520E-05  8.4413499E-05
  8.3006023E-05  8.1257494E-05  7.9174519E-05  7.6765486E-05  7.4042546E-05
  7.1014510E-05  6.7695008E-05  6.4096537E-05  6.0235976E-05  5.6127024E-05
  5.1786497E-05  4.7235499E-05  4.2488995E-05  3.7567512E-05  3.2492509E-05
  2.7283511E-05  2.1962529E-05  1.6551987E-05  1.1072011E-05  5.5470323E-06
  0.0000000E+00 -5.5470323E-06 -1.1072011E-05 -1.6551989E-05 -2.1962525E-05
 -2.7283508E-05 -3.2492509E-05 -3.7567512E-05 -4.2488995E-05 -4.7235499E-05
 -5.1786501E-05 -5.6127024E-05 -6.0235980E-05 -6.4096537E-05 -6.7695015E-05
 -7.1014510E-05 -7.4042546E-05 -7.6765486E-05 -7.9174519E-05 -8.1257494E-05
 -8.3006016E-05 -8.4413499E-05 -8.5475520E-05 -8.6184518E-05 -8.6540509E-05
  8.3147490E-05  8.2805484E-05  8.2123988E-05  8.1104481E-05  7.9751488E-05
  7.8070989E-05  7.6070486E-05  7.3755982E-05  7.1139497E-05  6.8230016E-05
  6.5040949E-05  6.1583509E-05  5.7874498E-05  5.3925989E-05  4.9756462E-05
  4.5383527E-05  4.0822470E-05  3.6095003E-05  3.1218482E-05  2.6213964E-05
  2.1101532E-05  1.5902478E-05  1.0638535E-05  5.3294757E-06  0.0000000E+00
 -5.3294734E-06 -1.0638533E-05 -1.5902478E-05 -2.1101532E-05 -2.6213973E-05
 -3.1218482E-05 -3.6095000E-05 -4.0822470E-05 -4.5383524E-05 -4.9756462E-05
 -5.3925989E-05 -5.7874498E-05 -6.1583509E-05 -6.5040949E-05 -6.8230009E-05
 -7.1139482E-05 -7.3755989E-05 -7.6070486E-05 -7.8070989E-05 -7.9751480E-05
 -8.1104481E-05 -8.2123981E-05 -8.2805476E-05 -8.3147490E-05  7.9090016E-05
  7.8765508E-05  7.8116020E-05  7.7147008E-05  7.5860509E-05  7.4261014E-05
  7.2359006E-05  7.0157024E-05  6.7668007E-05  6.4901018E-05  6.1866987E-05
  5.8578520E-05  5.5050521E-05  5.1294501E-05  4.7328998E-05  4.3168518E-05
  3.8830498E-05  3.4333993E-05  2.9695000E-05  2.4934528E-05  2.0071981E-05
  1.5126509E-05  1.0119531E-05  5.0694493E-06  0.0000000E+00 -5.0694493E-06
 -1.0119529E-05 -1.5126505E-05 -2.0071981E-05 -2.4934525E-05 -2.9695000E-05
 -3.4333993E-05 -3.8830494E-05 -4.3168522E-05 -4.7329002E-05 -5.1294501E-05
 -5.5050521E-05 -5.8578516E-05 -6.1866987E-05 -6.4901018E-05 -6.7668007E-05
 -7.0157024E-05 -7.2359006E-05 -7.4261006E-05 -7.5860509E-05 -7.7147008E-05
 -7.8116027E-05 -7.8765508E-05 -7.9090016E-05  7.4258489E-05  7.3953481E-05
  7.3343996E-05  7.2433482E-05  7.1226495E-05  6.9724476E-05  6.7938476E-05
  6.5870991E-05  6.3534470E-05  6.0935989E-05  5.8086986E-05  5.5000513E-05
  5.1686984E-05  4.8160993E-05  4.4438009E-05  4.0530962E-05  3.6458478E-05
  3.2236010E-05  2.7881479E-05  2.3411023E-05  1.8845978E-05  1.4202520E-05
  9.5009782E-06  4.7599901E-06  0.0000000E+00 -4.7599897E-06 -9.5009782E-06
 -1.4202520E-05 -1.8845976E-05 -2.3411023E-05 -2.7881484E-05 -3.2236014E-05
 -3.6458478E-05 -4.0530962E-05 -4.4438013E-05 -4.8160993E-05 -5.1686977E-05
 -5.5000513E-05 -5.8086986E-05 -6.0935999E-05 -6.3534470E-05 -6.5870991E-05
 -6.7938476E-05 -6.9724476E-05 -7.1226488E-05 -7.2433475E-05 -7.3343996E-05
 -7.3953481E-05 -7.4258489E-05  6.8486035E-05  6.8204536E-05  6.7642548E-05
  6.6803033E-05  6.5689550E-05  6.4304528E-05  6.2656531E-05  6.0751045E-05
  5.8595506E-05  5.6198547E-05  5.3572032E-05  5.0725026E-05  4.7668502E-05
  4.4417557E-05  4.0983505E-05  3.7380516E-05  3.3624005E-05  2.9730516E-05
  2.5714018E-05  2.1591009E-05  1.7381017E-05  1.3098499E-05  8.7624821E-06
  4.3900341E-06  0.0000000E+00 -4.3900336E-06 -8.7624830E-06 -1.3098503E-05
 -1.7381022E-05 -2.1591011E-05 -2.5714018E-05 -2.9730516E-05 -3.3624005E-05
 -3.7380512E-05 -4.0983505E-05 -4.4417553E-05 -4.7668505E-05 -5.0725033E-05
 -5.3572032E-05 -5.6198547E-05 -5.8595506E-05 -6.0751045E-05 -6.2656531E-05
 -6.4304528E-05 -6.5689550E-05 -6.6803033E-05 -6.7642548E-05 -6.8204536E-05
 -6.8486035E-05  6.1500985E-05  6.1248487E-05  6.0743983E-05  5.9989983E-05
  5.8989513E-05  5.7746474E-05  5.6265995E-05  5.4555512E-05  5.2618965E-05
  5.0467002E-05  4.8109003E-05  4.5550969E-05  4.2806969E-05  3.9887531E-05
  3.6803474E-05  3.3568511E-05  3.0194482E-05  2.6698479E-05  2.3091507E-05
  1.9388974E-05  1.5607991E-05  1.1763018E-05  7.8684834E-06  3.9425486E-06
  0.0000000E+00 -3.9425486E-06 -7.8684798E-06 -1.1763013E-05 -1.5607993E-05
 -1.9388975E-05 -2.3091503E-05 -2.6698475E-05 -3.0194480E-05 -3.3568507E-05
 -3.6803474E-05 -3.9887527E-05 -4.2806965E-05 -4.5550973E-05 -4.8109003E-05
 -5.0467002E-05 -5.2618969E-05 -5.4555498E-05 -5.6265999E-05 -5.7746471E-05
 -5.8989506E-05 -5.9989987E-05 -6.0743983E-05 -6.1248487E-05 -6.1500985E-05
  5.2804491E-05  5.2587482E-05  5.2154493E-05  5.1506984E-05  5.0647501E-05
  4.9580987E-05  4.8309983E-05  4.6840501E-05  4.5178484E-05  4.3330980E-05
  4.1306012E-05  3.9109491E-05  3.6753972E-05  3.4247019E-05  3.1599488E-05
  2.8821501E-05  2.5924992E-05  2.2922975E-05  1.9826022E-05  1.6647462E-05
  1.3400986E-05  1.0099518E-05  6.7559995E-06  3.3850265E-06  0.0000000E+00
 -3.3850190E-06 -6.7559986E-06 -1.0099518E-05 -1.3400986E-05 -1.6647466E-05
 -1.9826026E-05 -2.2922977E-05 -2.5924999E-05 -2.8821503E-05 -3.1599484E-05
 -3.4247019E-05 -3.6753969E-05 -3.9109487E-05 -4.1306012E-05 -4.3330987E-05
 -4.5178487E-05 -4.6840512E-05 -4.8309979E-05 -4.9580991E-05 -5.0647497E-05
 -5.1506988E-05 -5.2154490E-05 -5.2587486E-05 -5.2804491E-05  4.1224488E-05
  4.1054987E-05  4.0716495E-05  4.0211486E-05  3.9540493E-05  3.8707487E-05
  3.7715992E-05  3.6567995E-05  3.5270994E-05  3.3827975E-05  3.2247521E-05
  3.0532981E-05  2.8693477E-05  2.6736494E-05  2.4669500E-05  2.2500994E-05
  2.0239520E-05  1.7895973E-05  1.5478026E-05  1.2996475E-05  1.0462498E-05
  7.8845196E-06  5.2745090E-06  2.6424923E-06  0.0000000E+00 -2.6424993E-06
 -5.2745090E-06 -7.8845214E-06 -1.0462491E-05 -1.2996475E-05 -1.5478019E-05
 -1.7895974E-05 -2.0239511E-05 -2.2500988E-05 -2.4669498E-05 -2.6736503E-05
 -2.8693477E-05 -3.0532974E-05 -3.2247517E-05 -3.3827971E-05 -3.5270994E-05
 -3.6567999E-05 -3.7715999E-05 -3.8707491E-05 -3.9540493E-05 -4.0211489E-05
 -4.0716499E-05 -4.1054987E-05 -4.1224492E-05  1.7251497E-05  1.7180495E-05
  1.7038998E-05  1.6827496E-05  1.6546996E-05  1.6197997E-05  1.5783502E-05
  1.5302996E-05  1.4759998E-05  1.4155989E-05  1.3495011E-05  1.2777482E-05
  1.2007503E-05  1.1188497E-05  1.0323503E-05  9.4164889E-06  8.4695012E-06
  7.4890049E-06  6.4774963E-06  5.4384941E-06  4.3785003E-06  3.2995079E-06
  2.2069919E-06  1.1060012E-06  0.0000000E+00 -1.1060012E-06 -2.2069919E-06
 -3.2995079E-06 -4.3785003E-06 -5.4384941E-06 -6.4774963E-06 -7.4890049E-06
 -8.4695012E-06 -9.4164889E-06 -1.0323503E-05 -1.1188497E-05 -1.2007503E-05
 -1.2777482E-05 -1.3495011E-05 -1.4155989E-05 -1.4759998E-05 -1.5302996E-05
 -1.5783502E-05 -1.6197997E-05 -1.6546996E-05 -1.6827496E-05 -1.7038998E-05
 -1.7180495E-05 -1.7251497E-05  9.4705501E-05  9.4315998E-05  9.3540002E-05
  9.2378497E-05  9.0837493E-05  8.8923996E-05  8.6643471E-05  8.4009538E-05
  8.1027967E-05  7.7714496E-05  7.4082011E-05  7.0143971E-05  6.5919005E-05
  6.1422470E-05  5.6673547E-05  5.1691492E-05  4.6497957E-05  4.1112002E-05
  3.5558045E-05  2.9857454E-05  2.4035577E-05  1.8112434E-05  1.2117028E-05
  6.0710308E-06  0.0000000E+00 -6.0710308E-06 -1.2117027E-05 -1.8112432E-05
 -2.4035577E-05 -2.9857454E-05 -3.5558041E-05 -4.1112002E-05 -4.6497957E-05
 -5.1691492E-05 -5.6673551E-05 -6.1422470E-05 -6.5919012E-05 -7.0143971E-05
 -7.4082011E-05 -7.7714503E-05 -8.1027967E-05 -8.4009538E-05 -8.6643471E-05
 -8.8923996E-05 -9.0837500E-05 -9.2378497E-05 -9.3540002E-05 -9.4315998E-05
 -9.4705501E-05  9.3394505E-05  9.3010502E-05  9.2244991E-05  9.1099515E-05
  8.9580491E-05  8.7692490E-05  8.5444459E-05  8.2846542E-05  7.9906473E-05
  7.6638535E-05  7.3056479E-05  6.9173504E-05  6.5005981E-05  6.0572511E-05
  5.5888519E-05  5.0976498E-05  4.5853965E-05  4.0543000E-05  3.5065485E-05
  2.9444545E-05  2.3702532E-05  1.7861948E-05  1.1949538E-05  5.9864669E-06
  0.0000000E+00 -5.9864669E-06 -1.1949538E-05 -1.7861947E-05 -2.3702531E-05
 -2.9444545E-05 -3.5065488E-05 -4.0543004E-05 -4.5853965E-05 -5.0976490E-05
 -5.5888519E-05 -6.0572518E-05 -6.5005981E-05 -6.9173497E-05 -7.3056472E-05
 -7.6638542E-05 -7.9906473E-05 -8.2846542E-05 -8.5444466E-05 -8.7692490E-05
 -8.9580491E-05 -9.1099508E-05 -9.2244991E-05 -9.3010509E-05 -9.3394505E-05
  9.1616996E-05  9.1241003E-05  9.0489004E-05  8.9365996E-05  8.7875495E-05
  8.6023989E-05  8.3818493E-05  8.1269500E-05  7.8386525E-05  7.5180003E-05
  7.1665978E-05  6.7857545E-05  6.3768472E-05  5.9419985E-05  5.4825021E-05
  5.0005987E-05  4.4981542E-05  3.9771498E-05  3.4398436E-05  2.8884037E-05
  2.3251025E-05  1.7522500E-05  1.1721999E-05  5.8724731E-06  0.0000000E+00
 -5.8724722E-06 -1.1721999E-05 -1.7522498E-05 -2.3251025E-05 -2.8884040E-05
 -3.4398439E-05 -3.9771501E-05 -4.4981534E-05 -5.0005980E-05 -5.4825021E-05
 -5.9419985E-05 -6.3768472E-05 -6.7857545E-05 -7.1665978E-05 -7.5180003E-05
 -7.8386518E-05 -8.1269500E-05 -8.3818493E-05 -8.6023989E-05 -8.7875487E-05
 -8.9365982E-05 -9.0488997E-05 -9.1241003E-05 -9.1616988E-05  8.9345493E-05
  8.8978493E-05  8.8245499E-05  8.7149987E-05  8.5696505E-05  8.3891486E-05
  8.1740509E-05  7.9253965E-05  7.6442549E-05  7.3316463E-05  6.9889014E-05
  6.6174529E-05  6.2187988E-05  5.7946480E-05  5.3465519E-05  4.8765985E-05
  4.3866519E-05  3.8785489E-05  3.3545497E-05  2.8167518E-05  2.2674500E-05
  1.7088503E-05  1.1430979E-05  5.7270368E-06  0.0000000E+00 -5.7270368E-06
 -1.1430979E-05 -1.7088501E-05 -2.2674500E-05 -2.8167518E-05 -3.3545497E-05
 -3.8785489E-05 -4.3866519E-05 -4.8765985E-05 -5.3465519E-05 -5.7946480E-05
 -6.2187995E-05 -6.6174529E-05 -6.9889014E-05 -7.3316471E-05 -7.6442542E-05
 -7.9253965E-05 -8.1740502E-05 -8.3891486E-05 -8.5696505E-05 -8.7149987E-05
 -8.8245499E-05 -8.8978493E-05 -8.9345493E-05  8.6540509E-05  8.6184511E-05
  8.5475520E-05  8.4413499E-05  8.3006023E-05  8.1257494E-05  7.9174519E-05
  7.6765486E-05  7.4042546E-05  7.1014510E-05  6.7695008E-05  6.4096537E-05
  6.0235976E-05  5.6127024E-05  5.1786497E-05  4.7235499E-05  4.2488995E-05
  3.7567512E-05  3.2492509E-05  2.7283511E-05  2.1962529E-05  1.6551987E-05
  1.1072011E-05  5.5470323E-06  0.0000000E+00 -5.5470323E-06 -1.1072011E-05
 -1.6551989E-05 -2.1962525E-05 -2.7283508E-05 -3.2492509E-05 -3.7567512E-05
 -4.2488995E-05 -4.7235499E-05 -5.1786501E-05 -5.6127024E-05 -6.0235980E-05
 -6.4096537E-05 -6.7695015E-05 -7.1014510E-05 -7.4042546E-05 -7.6765486E-05
 -7.9174519E-05 -8.1257494E-05 -8.3006016E-05 -8.4413499E-05 -8.5475520E-05
 -8.6184518E-05 -8.6540509E-05  8.3147490E-05  8.2805484E-05  8.2123988E-05
  8.1104481E-05  7.9751488E-05  7.8070989E-05  7.6070486E-05  7.3755982E-05
  7.1139497E-05  6.8230016E-05  6.5040949E-05  6.1583509E-05  5.7874498E-05
  5.3925989E-05  4.9756462E-05  4.5383527E-05  4.0822470E-05  3.6095003E-05
  3.1218482E-05  2.6213964E-05  2.1101532E-05  1.5902478E-05  1.0638535E-05
  5.3294757E-06  0.0000000E+00 -5.3294734E-06 -1.0638533E-05 -1.5902478E-05
 -2.1101532E-05 -2.6213973E-05 -3.1218482E-05 -3.6095000E-05 -4.0822470E-05
 -4.5383524E-05 -4.9756462E-05 -5.3925989E-05 -5.7874498E-05 -6.1583509E-05
 -6.5040949E-05 -6.8230009E-05 -7.1139482E-05 -7.3755989E-05 -7.6070486E-05
 -7.8070989E-05 -7.9751480E-05 -8.1104481E-05 -8.2123981E-05 -8.2805476E-05
 -8.3147490E-05  7.9090016E-05  7.8765508E-05  7.8116020E-05  7.7147008E-05
  7.5860509E-05  7.4261014E-05  7.2359006E-05  7.0157024E-05  6.7668007E-05
  6.4901018E-05  6.1866987E-05  5.8578520E-05  5.5050521E-05  5.1294501E-05
  4.7328998E-05  4.3168518E-05  3.8830498E-05  3.4333993E-05  2.9695000E-05
  2.4934528E-05  2.0071981E-05  1.5126509E-05  1.0119531E-05  5.0694493E-06
  0.0000000E+00 -5.0694493E-06 -1.0119529E-05 -1.5126505E-05 -2.0071981E-05
 -2.4934525E-05 -2.9695000E-05 -3.4333993E-05 -3.8830494E-05 -4.3168522E-05
 -4.7329002E-05 -5.1294501E-05 -5.5050521E-05 -5.8578516E-05 -6.1866987E-05
 -6.4901018E-05 -6.7668007E-05 -7.0157024E-05 -7.2359006E-05 -7.4261006E-05
 -7.5860509E-05 -7.7147008E-05 -7.8116027E-05 -7.8765508E-05 -7.9090016E-05
  7.4258489E-05  7.3953481E-05  7.3343996E-05  7.2433482E-05  7.1226495E-05
  6.9724476E-05  6.7938476E-05  6.5870991E-05  6.3534470E-05  6.0935989E-05
  5.8086986E-05  5.5000513E-05  5.1686984E-05  4.8160993E-05  4.4438009E-05
  4.0530962E-05  3.6458478E-05  3.2236010E-05  2.7881479E-05  2.3411023E-05
  1.8845978E-05  1.4202520E-05  9.5009782E-06  4.7599901E-06  0.0000000E+00
 -4.7599897E-06 -9.5009782E-06 -1.4202520E-05 -1.8845976E-05 -2.3411023E-05
 -2.7881484E-05 -3.2236014E-05 -3.6458478E-05 -4.0530962E-05 -4.4438013E-05
 -4.8160993E-05 -5.1686977E-05 -5.5000513E-05 -5.8086986E-05 -6.0935999E-05
 -6.3534470E-05 -6.5870991E-05 -6.7938476E-05 -6.9724476E-05 -7.1226488E-05
 -7.2433475E-05 -7.3343996E-05 -7.3953481E-05 -7.4258489E-05  6.8486035E-05
  6.8204536E-05  6.7642548E-05  6.6803033E-05  6.5689550E-05  6.4304528E-05
  6.2656531E-05  6.0751045E-05  5.8595506E-05  5.6198547E-05  5.3572032E-05
  5.0725026E-05  4.7668502E-05  4.4417557E-05  4.0983505E-05  3.7380516E-05
  3.3624005E-05  2.9730516E-05  2.5714018E-05  2.1591009E-05  1.7381017E-05
  1.3098499E-05  8.7624821E-06  4.3900341E-06  0.0000000E+00 -4.3900336E-06
 -8.7624830E-06 -1.3098503E-05 -1.7381022E-05 -2.1591011E-05 -2.5714018E-05
 -2.9730516E-05 -3.3624005E-05 -3.7380512E-05 -4.0983505E-05 -4.4417553E-05
 -4.7668505E-05 -5.0725033E-05 -5.3572032E-05 -5.6198547E-05 -5.8595506E-05
 -6.0751045E-05 -6.2656531E-05 -6.4304528E-05 -6.5689550E-05 -6.6803033E-05
 -6.7642548E-05 -6.8204536E-05 -6.8486035E-05  6.1500985E-05  6.1248487E-05
  6.0743983E-05  5.9989983E-05  5.8989513E-05  5.7746474E-05  5.6265995E-05
  5.4555512E-05  5.2618965E-05  5.0467002E-05  4.8109003E-05  4.5550969E-05
  4.2806969E-05  3.9887531E-05  3.6803474E-05  3.3568511E-05  3.0194482E-05
  2.6698479E-05  2.3091507E-05  1.9388974E-05  1.5607991E-05  1.1763018E-05
  7.8684834E-06  3.9425486E-06  0.0000000E+00 -3.9425486E-06 -7.8684798E-06
 -1.1763013E-05 -1.5607993E-05 -1.9388975E-05 -2.3091503E-05 -2.6698475E-05
 -3.0194480E-05 -3.3568507E-05 -3.6803474E-05 -3.9887527E-05 -4.2806965E-05
 -4.5550973E-05 -4.8109003E-05 -5.0467002E-05 -5.2618969E-05 -5.4555498E-05
 -5.6265999E-05 -5.7746471E-05 -5.8989506E-05 -5.9989987E-05 -6.0743983E-05
 -6.1248487E-05 -6.1500985E-05  5.2804491E-05  5.2587482E-05  5.2154493E-05
  5.1506984E-05  5.0647501E-05  4.9580987E-05  4.8309983E-05  4.6840501E-05
  4.5178484E-05  4.3330980E-05  4.1306012E-05  3.9109491E-05  3.6753972E-05
  3.4247019E-05  3.1599488E-05  2.8821501E-05  2.5924992E-05  2.2922975E-05
  1.9826022E-05  1.6647462E-05  1.3400986E-05  1.0099518E-05  6.7559995E-06
  3.3850265E-06  0.0000000E+00 -3.3850190E-06 -6.7559986E-06 -1.0099518E-05
 -1.3400986E-05 -1.6647466E-05 -1.9826026E-05 -2.2922977E-05 -2.5924999E-05
 -2.8821503E-05 -3.1599484E-05 -3.4247019E-05 -3.6753969E-05 -3.9109487E-05
 -4.1306012E-05 -4.3330987E-05 -4.5178487E-05 -4.6840512E-05 -4.8309979E-05
 -4.9580991E-05 -5.0647497E-05 -5.1506988E-05 -5.2154490E-05 -5.2587486E-05
 -5.2804491E-05  4.1224488E-05  4.1054987E-05  4.0716495E-05  4.0211486E-05
  3.9540493E-05  3.8707487E-05  3.7715992E-05  3.6567995E-05  3.5270994E-05
  3.3827975E-05  3.2247521E-05  3.0532981E-05  2.8693477E-05  2.6736494E-05
  2.4669500E-05  2.2500994E-05  2.0239520E-05  1.7895973E-05  1.5478026E-05
  1.2996475E-05  1.0462498E-05  7.8845196E-06  5.2745090E-06  2.6424923E-06
  0.0000000E+00 -2.6424993E-06 -5.2745090E-06 -7.8845214E-06 -1.0462491E-05
 -1.2996475E-05 -1.5478019E-05 -1.7895974E-05 -2.0239511E-05 -2.2500988E-05
 -2.4669498E-05 -2.6736503E-05 -2.8693477E-05 -3.0532974E-05 -3.2247517E-05
 -3.3827971E-05 -3.5270994E-05 -3.6567999E-05 -3.7715999E-05 -3.8707491E-05
 -3.9540493E-05 -4.0211489E-05 -4.0716499E-05 -4.1054987E-05 -4.1224492E-05
  1.7251497E-05  1.7180495E-05  1.7038998E-05  1.6827496E-05  1.6546996E-05
  1.6197997E-05  1.5783502E-05  1.5302996E-05  1.4759998E-05  1.4155989E-05
  1.3495011E-05  1.2777482E-05  1.2007503E-05  1.1188497E-05  1.0323503E-05
  9.4164889E-06  8.4695012E-06  7.4890049E-06  6.4774963E-06  5.4384941E-06
  4.3785003E-06  3.2995079E-06  2.2069919E-06  1.1060012E-06  0.0000000E+00
 -1.1060012E-06 -2.2069919E-06 -3.2995079E-06 -4.3785003E-06 -5.4384941E-06
 -6.4774963E-06 -7.4890049E-06 -8.4695012E-06 -9.4164889E-06 -1.0323503E-05
 -1.1188497E-05 -1.2007503E-05 -1.2777482E-05 -1.3495011E-05 -1.4155989E-05
 -1.4759998E-05 -1.5302996E-05 -1.5783502E-05 -1.6197997E-05 -1.6546996E-05
 -1.6827496E-05 -1.7038998E-05 -1.7180495E-05 -1.7251497E-05
 -1.6017446E-05 -1.6017217E-05 -1.6017935E-05 -1.6017992E-05 -1.6017744E-05
 -1.6017817E-05 -1.6017804E-05 -1.6017590E-05 -1.6017375E-05 -1.6017702E-05
 -1.6017908E-05 -1.6017668E-05 -1.6017460E-05 -1.6017464E-05 -1.6017806E-05
 -1.6017995E-05 -1.6017566E-05 -1.6017302E-05 -1.6017642E-05 -1.6017930E-05
 -1.6017611E-05 -1.6017415E-05 -1.6016924E-05 -1.6016969E-05 -1.6017242E-05
 -1.6016969E-05 -1.6016924E-05 -1.6017415E-05 -1.6017611E-05 -1.6017930E-05
 -1.6017642E-05 -1.6017302E-05 -1.6017564E-05 -1.6017993E-05 -1.6017806E-05
 -1.6017462E-05 -1.6017464E-05 -1.6017668E-05 -1.6017908E-05 -1.6017706E-05
 -1.6017375E-05 -1.6017591E-05 -1.6017804E-05 -1.6017817E-05 -1.6017744E-05
 -1.6017992E-05 -1.6017937E-05 -1.6017217E-05 -1.6017446E-05 -2.2424678E-05
 -2.2424683E-05 -2.2424452E-05 -2.2424039E-05 -2.2424363E-05 -2.2424452E-05
 -2.2424318E-05 -2.2424521E-05 -2.2424550E-05 -2.2424525E-05 -2.2424456E-05
 -2.2423879E-05 -2.2424405E-05 -2.2424443E-05 -2.2424130E-05 -2.2424418E-05
 -2.2424385E-05 -2.2425047E-05 -2.2424649E-05 -2.2424359E-05 -2.2424509E-05
 -2.2424840E-05 -2.2424749E-05 -2.2425236E-05 -2.2425205E-05 -2.2425238E-05
 -2.2424749E-05 -2.2424840E-05 -2.2424512E-05 -2.2424358E-05 -2.2424651E-05
 -2.2425051E-05 -2.2424385E-05 -2.2424420E-05 -2.2424130E-05 -2.2424443E-05
 -2.2424407E-05 -2.2423877E-05 -2.2424456E-05 -2.2424527E-05 -2.2424549E-05
 -2.2424521E-05 -2.2424319E-05 -2.2424452E-05 -2.2424361E-05 -2.2424038E-05
 -2.2424452E-05 -2.2424685E-05 -2.2424678E-05 -2.8831235E-05 -2.8831568E-05
 -2.8831701E-05 -2.8831630E-05 -2.8831184E-05 -2.8831579E-05 -2.8831835E-05
 -2.8831924E-05 -2.8831697E-05 -2.8831302E-05 -2.8831724E-05 -2.8832370E-05
 -2.8831602E-05 -2.8831522E-05 -2.8831575E-05 -2.8831822E-05 -2.8831810E-05
 -2.8831486E-05 -2.8831126E-05 -2.8831553E-05 -2.8831910E-05 -2.8831742E-05
 -2.8831342E-05 -2.8831255E-05 -2.8831008E-05 -2.8831255E-05 -2.8831346E-05
 -2.8831741E-05 -2.8831908E-05 -2.8831553E-05 -2.8831128E-05 -2.8831486E-05
 -2.8831808E-05 -2.8831822E-05 -2.8831575E-05 -2.8831522E-05 -2.8831606E-05
 -2.8832366E-05 -2.8831724E-05 -2.8831302E-05 -2.8831695E-05 -2.8831924E-05
 -2.8831835E-05 -2.8831579E-05 -2.8831180E-05 -2.8831628E-05 -2.8831699E-05
 -2.8831568E-05 -2.8831233E-05 -3.5238805E-05 -3.5238740E-05 -3.5238325E-05
 -3.5238339E-05 -3.5238860E-05 -3.5238823E-05 -3.5238321E-05 -3.5238347E-05
 -3.5238860E-05 -3.5238732E-05 -3.5238376E-05 -3.5238532E-05 -3.5238583E-05
 -3.5238514E-05 -3.5238932E-05 -3.5238620E-05 -3.5238565E-05 -3.5238598E-05
 -3.5238707E-05 -3.5238612E-05 -3.5238743E-05 -3.5238500E-05 -3.5238663E-05
 -3.5238892E-05 -3.5239234E-05 -3.5238892E-05 -3.5238667E-05 -3.5238496E-05
 -3.5238743E-05 -3.5238616E-05 -3.5238703E-05 -3.5238598E-05 -3.5238565E-05
 -3.5238620E-05 -3.5238932E-05 -3.5238514E-05 -3.5238587E-05 -3.5238532E-05
 -3.5238372E-05 -3.5238736E-05 -3.5238860E-05 -3.5238343E-05 -3.5238321E-05
 -3.5238823E-05 -3.5238860E-05 -3.5238343E-05 -3.5238321E-05 -3.5238740E-05
 -3.5238805E-05 -4.1645788E-05 -4.1645686E-05 -4.1646315E-05 -4.1645559E-05
 -4.1645533E-05 -4.1645879E-05 -4.1645959E-05 -4.1645275E-05 -4.1645362E-05
 -4.1645850E-05 -4.1646232E-05 -4.1645588E-05 -4.1645559E-05 -4.1645566E-05
 -4.1645751E-05 -4.1645846E-05 -4.1646053E-05 -4.1645948E-05 -4.1646294E-05
 -4.1645057E-05 -4.1645479E-05 -4.1645613E-05 -4.1645457E-05 -4.1645410E-05
 -4.1645628E-05 -4.1645410E-05 -4.1645457E-05 -4.1645617E-05 -4.1645479E-05
 -4.1645057E-05 -4.1646294E-05 -4.1645948E-05 -4.1646057E-05 -4.1645846E-05
 -4.1645755E-05 -4.1645562E-05 -4.1645562E-05 -4.1645588E-05 -4.1646239E-05
 -4.1645850E-05 -4.1645362E-05 -4.1645275E-05 -4.1645959E-05 -4.1645872E-05
 -4.1645530E-05 -4.1645559E-05 -4.1646315E-05 -4.1645690E-05 -4.1645788E-05
 -4.8052472E-05 -4.8052490E-05 -4.8052731E-05 -4.8052545E-05 -4.8052465E-05
 -4.8052247E-05 -4.8052880E-05 -4.8052574E-05 -4.8052669E-05 -4.8052694E-05
 -4.8052261E-05 -4.8052316E-05 -4.8052909E-05 -4.8052596E-05 -4.8052414E-05
 -4.8052403E-05 -4.8052469E-05 -4.8052141E-05 -4.8052534E-05 -4.8052516E-05
 -4.8053178E-05 -4.8052530E-05 -4.8052832E-05 -4.8052632E-05 -4.8052298E-05
 -4.8052625E-05 -4.8052832E-05 -4.8052530E-05 -4.8053178E-05 -4.8052520E-05
 -4.8052530E-05 -4.8052141E-05 -4.8052476E-05 -4.8052403E-05 -4.8052414E-05
 -4.8052596E-05 -4.8052909E-05 -4.8052319E-05 -4.8052261E-05 -4.8052687E-05
 -4.8052665E-05 -4.8052578E-05 -4.8052872E-05 -4.8052250E-05 -4.8052465E-05
 -4.8052545E-05 -4.8052731E-05 -4.8052487E-05 -4.8052472E-05 -5.4460037E-05
 -5.4460095E-05 -5.4459193E-05 -5.4460015E-05 -5.4460248E-05 -5.4459528E-05
 -5.4460168E-05 -5.4459419E-05 -5.4459382E-05 -5.4459990E-05 -5.4459870E-05
 -5.4459957E-05 -5.4459946E-05 -5.4459353E-05 -5.4459648E-05 -5.4460099E-05
 -5.4459546E-05 -5.4459761E-05 -5.4460244E-05 -5.4459822E-05 -5.4460179E-05
 -5.4459506E-05 -5.4459757E-05 -5.4460259E-05 -5.4460288E-05 -5.4460259E-05
 -5.4459757E-05 -5.4459506E-05 -5.4460175E-05 -5.4459815E-05 -5.4460237E-05
 -5.4459761E-05 -5.4459546E-05 -5.4460099E-05 -5.4459648E-05 -5.4459353E-05
 -5.4459946E-05 -5.4459950E-05 -5.4459877E-05 -5.4459982E-05 -5.4459382E-05
 -5.4459415E-05 -5.4460175E-05 -5.4459524E-05 -5.4460248E-05 -5.4460015E-05
 -5.4459197E-05 -5.4460095E-05 -5.4460037E-05 -6.0866481E-05 -6.0866550E-05
 -6.0866663E-05 -6.0866339E-05 -6.0867031E-05 -6.0866409E-05 -6.0867231E-05
 -6.0866521E-05 -6.0866550E-05 -6.0866576E-05 -6.0866598E-05 -6.0866845E-05
 -6.0866765E-05 -6.0866601E-05 -6.0867005E-05 -6.0866005E-05 -6.0866209E-05
 -6.0867176E-05 -6.0866540E-05 -6.0866110E-05 -6.0866445E-05 -6.0866194E-05
 -6.0866420E-05 -6.0866307E-05 -6.0866336E-05 -6.0866303E-05 -6.0866420E-05
 -6.0866194E-05 -6.0866438E-05 -6.0866110E-05 -6.0866543E-05 -6.0867176E-05
 -6.0866205E-05 -6.0866005E-05 -6.0867016E-05 -6.0866601E-05 -6.0866761E-05
 -6.0866845E-05 -6.0866598E-05 -6.0866583E-05 -6.0866550E-05 -6.0866525E-05
 -6.0867231E-05 -6.0866401E-05 -6.0867023E-05 -6.0866332E-05 -6.0866671E-05
 -6.0866550E-05 -6.0866481E-05 -6.7273722E-05 -6.7273875E-05 -6.7273402E-05
 -6.7273497E-05 -6.7274392E-05 -6.7273577E-05 -6.7273300E-05 -6.7274224E-05
 -6.7273650E-05 -6.7273257E-05 -6.7273737E-05 -6.7273293E-05 -6.7273679E-05
 -6.7273919E-05 -6.7273882E-05 -6.7273701E-05 -6.7274057E-05 -6.7273795E-05
 -6.7273213E-05 -6.7273853E-05 -6.7274050E-05 -6.7273999E-05 -6.7273650E-05
 -6.7273977E-05 -6.7273875E-05 -6.7273970E-05 -6.7273657E-05 -6.7274006E-05
 -6.7274057E-05 -6.7273853E-05 -6.7273213E-05 -6.7273795E-05 -6.7274057E-05
 -6.7273715E-05 -6.7273882E-05 -6.7273912E-05 -6.7273686E-05 -6.7273300E-05
 -6.7273737E-05 -6.7273257E-05 -6.7273650E-05 -6.7274217E-05 -6.7273300E-05
 -6.7273584E-05 -6.7274392E-05 -6.7273497E-05 -6.7273402E-05 -6.7273875E-05
 -6.7273722E-05 -7.3680683E-05 -7.3680916E-05 -7.3680771E-05 -7.3680982E-05
 -7.3681018E-05 -7.3681003E-05 -7.3680298E-05 -7.3681593E-05 -7.3680618E-05
 -7.3680829E-05 -7.3681746E-05 -7.3680887E-05 -7.3680734E-05 -7.3681018E-05
 -7.3680771E-05 -7.3681091E-05 -7.3680021E-05 -7.3681003E-05 -7.3681491E-05
 -7.3680480E-05 -7.3680239E-05 -7.3680734E-05 -7.3680814E-05 -7.3681695E-05
 -7.3679657E-05 -7.3681687E-05 -7.3680822E-05 -7.3680727E-05 -7.3680239E-05
 -7.3680465E-05 -7.3681491E-05 -7.3680996E-05 -7.3680021E-05 -7.3681083E-05
 -7.3680771E-05 -7.3681011E-05 -7.3680734E-05 -7.3680887E-05 -7.3681746E-05
 -7.3680829E-05 -7.3680625E-05 -7.3681585E-05 -7.3680305E-05 -7.3680996E-05
 -7.3681018E-05 -7.3680989E-05 -7.3680771E-05 -7.3680916E-05 -7.3680683E-05
 -8.0087957E-05 -8.0087681E-05 -8.0087630E-05 -8.0087622E-05 -8.0087048E-05
 -8.0087913E-05 -8.0087950E-05 -8.0087892E-05 -8.0087666E-05 -8.0087491E-05
 -8.0088328E-05 -8.0087273E-05 -8.0087120E-05 -8.0087972E-05 -8.0088015E-05
 -8.0088474E-05 -8.0086815E-05 -8.0088248E-05 -8.0087782E-05 -8.0087651E-05
 -8.0088284E-05 -8.0087528E-05 -8.0087950E-05 -8.0088343E-05 -8.0087048E-05
 -8.0088335E-05 -8.0087935E-05 -8.0087528E-05 -8.0088284E-05 -8.0087673E-05
 -8.0087782E-05 -8.0088248E-05 -8.0086822E-05 -8.0088488E-05 -8.0088015E-05
 -8.0087972E-05 -8.0087120E-05 -8.0087273E-05 -8.0088328E-05 -8.0087506E-05
 -8.0087659E-05 -8.0087906E-05 -8.0087950E-05 -8.0087913E-05 -8.0087048E-05
 -8.0087637E-05 -8.0087615E-05 -8.0087681E-05 -8.0087957E-05 -8.6495165E-05
 -8.6495107E-05 -8.6494241E-05 -8.6495311E-05 -8.6494314E-05 -8.6494336E-05
 -8.6495791E-05 -8.6494489E-05 -8.6494816E-05 -8.6494489E-05 -8.6495551E-05
 -8.6494569E-05 -8.6493928E-05 -8.6495231E-05 -8.6494787E-05 -8.6495136E-05
 -8.6494358E-05 -8.6495340E-05 -8.6493492E-05 -8.6494903E-05 -8.6495755E-05
 -8.6493797E-05 -8.6495093E-05 -8.6495362E-05 -8.6493659E-05 -8.6495354E-05
 -8.6495093E-05 -8.6493805E-05 -8.6495755E-05 -8.6494903E-05 -8.6493492E-05
 -8.6495354E-05 -8.6494350E-05 -8.6495143E-05 -8.6494794E-05 -8.6495231E-05
 -8.6493928E-05 -8.6494569E-05 -8.6495544E-05 -8.6494496E-05 -8.6494816E-05
 -8.6494496E-05 -8.6495791E-05 -8.6494350E-05 -8.6494307E-05 -8.6495318E-05
 -8.6494249E-05 -8.6495107E-05 -8.6495165E-05 -9.2902090E-05 -9.2901610E-05
 -9.2901304E-05 -9.2901806E-05 -9.2902250E-05 -9.2900351E-05 -9.2903756E-05
 -9.2903065E-05 -9.2901428E-05 -9.2900154E-05 -9.2902861E-05 -9.2901682E-05
 -9.2901486E-05 -9.2902206E-05 -9.2900918E-05 -9.2902315E-05 -9.2901966E-05
 -9.2901813E-05 -9.2900562E-05 -9.2901275E-05 -9.2903290E-05 -9.2901879E-05
 -9.2901188E-05 -9.2902730E-05 -9.2900220E-05 -9.2902737E-05 -9.2901188E-05
 -9.2901879E-05 -9.2903290E-05 -9.2901268E-05 -9.2900562E-05 -9.2901813E-05
 -9.2901973E-05 -9.2902315E-05 -9.2900926E-05 -9.2902206E-05 -9.2901486E-05
 -9.2901682E-05 -9.2902861E-05 -9.2900154E-05 -9.2901428E-05 -9.2903058E-05
 -9.2903756E-05 -9.2900351E-05 -9.2902250E-05 -9.2901799E-05 -9.2901304E-05
 -9.2901610E-05 -9.2902097E-05 -1.6017446E-05 -1.6017217E-05 -1.6017935E-05
 -1.6017992E-05 -1.6017744E-05 -1.6017817E-05 -1.6017804E-05 -1.6017590E-05
 -1.6017375E-05 -1.6017702E-05 -1.6017908E-05 -1.6017668E-05 -1.6017460E-05
 -1.6017464E-05 -1.6017806E-05 -1.6017995E-05 -1.6017566E-05 -1.6017302E-05
 -1.6017642E-05 -1.6017930E-05 -1.6017611E-05 -1.6017415E-05 -1.6016924E-05
 -1.6016969E-05 -1.6017242E-05 -1.6016969E-05 -1.6016924E-05 -1.6017415E-05
 -1.6017611E-05 -1.6017930E-05 -1.6017642E-05 -1.6017302E-05 -1.6017564E-05
 -1.6017993E-05 -1.6017806E-05 -1.6017462E-05 -1.6017464E-05 -1.6017668E-05
 -1.6017908E-05 -1.6017706E-05 -1.6017375E-05 -1.6017591E-05 -1.6017804E-05
 -1.6017817E-05 -1.6017744E-05 -1.6017992E-05 -1.6017937E-05 -1.6017217E-05
 -1.6017446E-05 -2.2424678E-05 -2.2424683E-05 -2.2424452E-05 -2.2424039E-05
 -2.2424363E-05 -2.2424452E-05 -2.2424318E-05 -2.2424521E-05 -2.2424550E-05
 -2.2424525E-05 -2.2424456E-05 -2.2423879E-05 -2.2424405E-05 -2.2424443E-05
 -2.2424130E-05 -2.2424418E-05 -2.2424385E-05 -2.2425047E-05 -2.2424649E-05
 -2.2424359E-05 -2.2424509E-05 -2.2424840E-05 -2.2424749E-05 -2.2425236E-05
 -2.2425205E-05 -2.2425238E-05 -2.2424749E-05 -2.2424840E-05 -2.2424512E-05
 -2.2424358E-05 -2.2424651E-05 -2.2425051E-05 -2.2424385E-05 -2.2424420E-05
 -2.2424130E-05 -2.2424443E-05 -2.2424407E-05 -2.2423877E-05 -2.2424456E-05
 -2.2424527E-05 -2.2424549E-05 -2.2424521E-05 -2.2424319E-05 -2.2424452E-05
 -2.2424361E-05 -2.2424038E-05 -2.2424452E-05 -2.2424685E-05 -2.2424678E-05
 -2.8831235E-05 -2.8831568E-05 -2.8831701E-05 -2.8831630E-05 -2.8831184E-05
 -2.8831579E-05 -2.8831835E-05 -2.8831924E-05 -2.8831697E-05 -2.8831302E-05
 -2.8831724E-05 -2.8832370E-05 -2.8831602E-05 -2.8831522E-05 -2.8831575E-05
 -2.8831822E-05 -2.8831810E-05 -2.8831486E-05 -2.8831126E-05 -2.8831553E-05
 -2.8831910E-05 -2.8831742E-05 -2.8831342E-05 -2.8831255E-05 -2.8831008E-05
 -2.8831255E-05 -2.8831346E-05 -2.8831741E-05 -2.8831908E-05 -2.8831553E-05
 -2.8831128E-05 -2.8831486E-05 -2.8831808E-05 -2.8831822E-05 -2.8831575E-05
 -2.8831522E-05 -2.8831606E-05 -2.8832366E-05 -2.8831724E-05 -2.8831302E-05
 -2.8831695E-05 -2.8831924E-05 -2.8831835E-05 -2.8831579E-05 -2.8831180E-05
 -2.8831628E-05 -2.8831699E-05 -2.8831568E-05 -2.8831233E-05 -3.5238805E-05
 -3.5238740E-05 -3.5238325E-05 -3.5238339E-05 -3.5238860E-05 -3.5238823E-05
 -3.5238321E-05 -3.5238347E-05 -3.5238860E-05 -3.5238732E-05 -3.5238376E-05
 -3.5238532E-05 -3.5238583E-05 -3.5238514E-05 -3.5238932E-05 -3.5238620E-05
 -3.5238565E-05 -3.5238598E-05 -3.5238707E-05 -3.5238612E-05 -3.5238743E-05
 -3.5238500E-05 -3.5238663E-05 -3.5238892E-05 -3.5239234E-05 -3.5238892E-05
 -3.5238667E-05 -3.5238496E-05 -3.5238743E-05 -3.5238616E-05 -3.5238703E-05
 -3.5238598E-05 -3.5238565E-05 -3.5238620E-05 -3.5238932E-05 -3.5238514E-05
 -3.5238587E-05 -3.5238532E-05 -3.5238372E-05 -3.5238736E-05 -3.5238860E-05
 -3.5238343E-05 -3.5238321E-05 -3.5238823E-05 -3.5238860E-05 -3.5238343E-05
 -3.5238321E-05 -3.5238740E-05 -3.5238805E-05 -4.1645788E-05 -4.1645686E-05
 -4.1646315E-05 -4.1645559E-05 -4.1645533E-05 -4.1645879E-05 -4.1645959E-05
 -4.1645275E-05 -4.1645362E-05 -4.1645850E-05 -4.1646232E-05 -4.1645588E-05
 -4.1645559E-05 -4.1645566E-05 -4.1645751E-05 -4.1645846E-05 -4.1646053E-05
 -4.1645948E-05 -4.1646294E-05 -4.1645057E-05 -4.1645479E-05 -4.1645613E-05
 -4.1645457E-05 -4.1645410E-05 -4.1645628E-05 -4.1645410E-05 -4.1645457E-05
 -4.1645617E-05 -4.1645479E-05 -4.1645057E-05 -4.1646294E-05 -4.1645948E-05
 -4.1646057E-05 -4.1645846E-05 -4.1645755E-05 -4.1645562E-05 -4.1645562E-05
 -4.1645588E-05 -4.1646239E-05 -4.1645850E-05 -4.1645362E-05 -4.1645275E-05
 -4.1645959E-05 -4.1645872E-05 -4.1645530E-05 -4.1645559E-05 -4.1646315E-05
 -4.1645690E-05 -4.1645788E-05 -4.8052472E-05 -4.8052490E-05 -4.8052731E-05
 -4.8052545E-05 -4.8052465E-05 -4.8052247E-05 -4.8052880E-05 -4.8052574E-05
 -4.8052669E-05 -4.8052694E-05 -4.8052261E-05 -4.8052316E-05 -4.8052909E-05
 -4.8052596E-05 -4.8052414E-05 -4.8052403E-05 -4.8052469E-05 -4.8052141E-05
 -4.8052534E-05 -4.8052516E-05 -4.8053178E-05 -4.8052530E-05 -4.8052832E-05
 -4.8052632E-05 -4.8052298E-05 -4.8052625E-05 -4.8052832E-05 -4.8052530E-05
 -4.8053178E-05 -4.8052520E-05 -4.8052530E-05 -4.8052141E-05 -4.8052476E-05
 -4.8052403E-05 -4.8052414E-05 -4.8052596E-05 -4.8052909E-05 -4.8052319E-05
 -4.8052261E-05 -4.8052687E-05 -4.8052665E-05 -4.8052578E-05 -4.8052872E-05
 -4.8052250E-05 -4.8052465E-05 -4.8052545E-05 -4.8052731E-05 -4.8052487E-05
 -4.8052472E-05 -5.4460037E-05 -5.4460095E-05 -5.4459193E-05 -5.4460015E-05
 -5.4460248E-05 -5.4459528E-05 -5.4460168E-05 -5.4459419E-05 -5.4459382E-05
 -5.4459990E-05 -5.4459870E-05 -5.4459957E-05 -5.4459946E-05 -5.4459353E-05
 -5.4459648E-05 -5.4460099E-05 -5.4459546E-05 -5.4459761E-05 -5.4460244E-05
 -5.4459822E-05 -5.4460179E-05 -5.4459506E-05 -5.4459757E-05 -5.4460259E-05
 -5.4460288E-05 -5.4460259E-05 -5.4459757E-05 -5.4459506E-05 -5.4460175E-05
 -5.4459815E-05 -5.4460237E-05 -5.4459761E-05 -5.4459546E-05 -5.4460099E-05
 -5.4459648E-05 -5.4459353E-05 -5.4459946E-05 -5.4459950E-05 -5.4459877E-05
 -5.4459982E-05 -5.4459382E-05 -5.4459415E-05 -5.4460175E-05 -5.4459524E-05
 -5.4460248E-05 -5.4460015E-05 -5.4459197E-05 -5.4460095E-05 -5.4460037E-05
 -6.0866481E-05 -6.0866550E-05 -6.0866663E-05 -6.0866339E-05 -6.0867031E-05
 -6.0866409E-05 -6.0867231E-05 -6.0866521E-05 -6.0866550E-05 -6.0866576E-05
 -6.0866598E-05 -6.0866845E-05 -6.0866765E-05 -6.0866601E-05 -6.0867005E-05
 -6.0866005E-05 -6.0866209E-05 -6.0867176E-05 -6.0866540E-05 -6.0866110E-05
 -6.0866445E-05 -6.0866194E-05 -6.0866420E-05 -6.0866307E-05 -6.0866336E-05
 -6.0866303E-05 -6.0866420E-05 -6.0866194E-05 -6.0866438E-05 -6.0866110E-05
 -6.0866543E-05 -6.0867176E-05 -6.0866205E-05 -6.0866005E-05 -6.0867016E-05
 -6.0866601E-05 -6.0866761E-05 -6.0866845E-05 -6.0866598E-05 -6.0866583E-05
 -6.0866550E-05 -6.0866525E-05 -6.0867231E-05 -6.0866401E-05 -6.0867023E-05
 -6.0866332E-05 -6.0866671E-05 -6.0866550E-05 -6.0866481E-05 -6.7273722E-05
 -6.7273875E-05 -6.7273402E-05 -6.7273497E-05 -6.7274392E-05 -6.7273577E-05
 -6.7273300E-05 -6.7274224E-05 -6.7273650E-05 -6.7273257E-05 -6.7273737E-05
 -6.7273293E-05 -6.7273679E-05 -6.7273919E-05 -6.7273882E-05 -6.7273701E-05
 -6.7274057E-05 -6.7273795E-05 -6.7273213E-05 -6.7273853E-05 -6.7274050E-05
 -6.7273999E-05 -6.7273650E-05 -6.7273977E-05 -6.7273875E-05 -6.7273970E-05
 -6.7273657E-05 -6.7274006E-05 -6.7274057E-05 -6.7273853E-05 -6.7273213E-05
 -6.7273795E-05 -6.7274057E-05 -6.7273715E-05 -6.7273882E-05 -6.7273912E-05
 -6.7273686E-05 -6.7273300E-05 -6.7273737E-05 -6.7273257E-05 -6.7273650E-05
 -6.7274217E-05 -6.7273300E-05 -6.7273584E-05 -6.7274392E-05 -6.7273497E-05
 -6.7273402E-05 -6.7273875E-05 -6.7273722E-05 -7.3680683E-05 -7.3680916E-05
 -7.3680771E-05 -7.3680982E-05 -7.3681018E-05 -7.3681003E-05 -7.3680298E-05
 -7.3681593E-05 -7.3680618E-05 -7.3680829E-05 -7.3681746E-05 -7.3680887E-05
 -7.3680734E-05 -7.3681018E-05 -7.3680771E-05 -7.3681091E-05 -7.3680021E-05
 -7.3681003E-05 -7.3681491E-05 -7.3680480E-05 -7.3680239E-05 -7.3680734E-05
 -7.3680814E-05 -7.3681695E-05 -7.3679657E-05 -7.3681687E-05 -7.3680822E-05
 -7.3680727E-05 -7.3680239E-05 -7.3680465E-05 -7.3681491E-05 -7.3680996E-05
 -7.3680021E-05 -7.3681083E-05 -7.3680771E-05 -7.3681011E-05 -7.3680734E-05
 -7.3680887E-05 -7.3681746E-05 -7.3680829E-05 -7.3680625E-05 -7.3681585E-05
 -7.3680305E-05 -7.3680996E-05 -7.3681018E-05 -7.3680989E-05 -7.3680771E-05
 -7.3680916E-05 -7.3680683E-05 -8.0087957E-05 -8.0087681E-05 -8.0087630E-05
 -8.0087622E-05 -8.0087048E-05 -8.0087913E-05 -8.0087950E-05 -8.0087892E-05
 -8.0087666E-05 -8.0087491E-05 -8.0088328E-05 -8.0087273E-05 -8.0087120E-05
 -8.0087972E-05 -8.0088015E-05 -8.0088474E-05 -8.0086815E-05 -8.0088248E-05
 -8.0087782E-05 -8.0087651E-05 -8.0088284E-05 -8.0087528E-05 -8.0087950E-05
 -8.0088343E-05 -8.0087048E-05 -8.0088335E-05 -8.0087935E-05 -8.0087528E-05
 -8.0088284E-05 -8.0087673E-05 -8.0087782E-05 -8.0088248E-05 -8.0086822E-05
 -8.0088488E-05 -8.0088015E-05 -8.0087972E-05 -8.0087120E-05 -8.0087273E-05
 -8.0088328E-05 -8.0087506E-05 -8.0087659E-05 -8.0087906E-05 -8.0087950E-05
 -8.0087913E-05 -8.0087048E-05 -8.0087637E-05 -8.0087615E-05 -8.0087681E-05
 -8.0087957E-05 -8.6495165E-05 -8.6495107E-05 -8.6494241E-05 -8.6495311E-05
 -8.6494314E-05 -8.6494336E-05 -8.6495791E-05 -8.6494489E-05 -8.6494816E-05
 -8.6494489E-05 -8.6495551E-05 -8.6494569E-05 -8.6493928E-05 -8.6495231E-05
 -8.6494787E-05 -8.6495136E-05 -8.6494358E-05 -8.6495340E-05 -8.6493492E-05
 -8.6494903E-05 -8.6495755E-05 -8.6493797E-05 -8.6495093E-05 -8.6495362E-05
 -8.6493659E-05 -8.6495354E-05 -8.6495093E-05 -8.6493805E-05 -8.6495755E-05
 -8.6494903E-05 -8.6493492E-05 -8.6495354E-05 -8.6494350E-05 -8.6495143E-05
 -8.6494794E-05 -8.6495231E-05 -8.6493928E-05 -8.6494569E-05 -8.6495544E-05
 -8.6494496E-05 -8.6494816E-05 -8.6494496E-05 -8.6495791E-05 -8.6494350E-05
 -8.6494307E-05 -8.6495318E-05 -8.6494249E-05 -8.6495107E-05 -8.6495165E-05
 -9.2902090E-05 -9.2901610E-05 -9.2901304E-05 -9.2901806E-05 -9.2902250E-05
 -9.2900351E-05 -9.2903756E-05 -9.2903065E-05 -9.2901428E-05 -9.2900154E-05
 -9.2902861E-05 -9.2901682E-05 -9.2901486E-05 -9.2902206E-05 -9.2900918E-05
 -9.2902315E-05 -9.2901966E-05 -9.2901813E-05 -9.2900562E-05 -9.2901275E-05
 -9.2903290E-05 -9.2901879E-05 -9.2901188E-05 -9.2902730E-05 -9.2900220E-05
 -9.2902737E-05 -9.2901188E-05 -9.2901879E-05 -9.2903290E-05 -9.2901268E-05
 -9.2900562E-05 -9.2901813E-05 -9.2901973E-05 -9.2902315E-05 -9.2900926E-05
 -9.2902206E-05 -9.2901486E-05 -9.2901682E-05 -9.2902861E-05 -9.2900154E-05
 -9.2901428E-05 -9.2903058E-05 -9.2903756E-05 -9.2900351E-05 -9.2902250E-05
 -9.2901799E-05 -9.2901304E-05 -9.2901610E-05 -9.2902097E-05
  2.8600908E-04  2.8483279E-04  2.8248935E-04  2.7898164E-04  2.7432782E-04
  2.6854911E-04  2.6166197E-04  2.5370746E-04  2.4470314E-04  2.3469658E-04
  2.2372653E-04  2.1183370E-04  1.9907433E-04  1.8549486E-04  1.7115322E-04
  1.5610752E-04  1.4042307E-04  1.2415758E-04  1.0738473E-04  9.0169058E-05
  7.2587041E-05  5.4699274E-05  3.6593214E-05  1.8334407E-05 -9.3232620E-16
 -1.8334407E-05 -3.6593210E-05 -5.4699267E-05 -7.2587041E-05 -9.0169058E-05
 -1.0738473E-04 -1.2415758E-04 -1.4042307E-04 -1.5610752E-04 -1.7115324E-04
 -1.8549486E-04 -1.9907435E-04 -2.1183370E-04 -2.2372653E-04 -2.3469659E-04
 -2.4470314E-04 -2.5370746E-04 -2.6166197E-04 -2.6854911E-04 -2.7432785E-04
 -2.7898164E-04 -2.8248935E-04 -2.8483279E-04 -2.8600908E-04  2.8204941E-04
  2.8088971E-04  2.7857788E-04  2.7511851E-04  2.7053111E-04  2.6482943E-04
  2.5804041E-04  2.5019477E-04  2.4131584E-04  2.3144674E-04  2.2062899E-04
  2.0890242E-04  1.9631667E-04  1.8292764E-04  1.6878211E-04  1.5394790E-04
  1.3847796E-04  1.2243904E-04  1.0589703E-04  8.8921886E-05  7.1581126E-05
  5.3942720E-05  3.6087335E-05  1.8079023E-05  2.6106375E-15 -1.8079023E-05
 -3.6087335E-05 -5.3942713E-05 -7.1581118E-05 -8.8921886E-05 -1.0589704E-04
 -1.2243904E-04 -1.3847796E-04 -1.5394788E-04 -1.6878211E-04 -1.8292767E-04
 -1.9631667E-04 -2.0890241E-04 -2.2062898E-04 -2.3144676E-04 -2.4131584E-04
 -2.5019477E-04 -2.5804041E-04 -2.6482943E-04 -2.7053111E-04 -2.7511848E-04
 -2.7857788E-04 -2.8088974E-04 -2.8204941E-04  2.7668086E-04  2.7554543E-04
  2.7327443E-04  2.6988299E-04  2.6538165E-04  2.5979019E-04  2.5312972E-04
  2.4543179E-04  2.3672523E-04  2.2704162E-04  2.1642938E-04  2.0492806E-04
  1.9257914E-04  1.7944675E-04  1.6557015E-04  1.5101679E-04  1.3584309E-04
  1.2010887E-04  1.0388235E-04  8.7229040E-05  7.0217502E-05  5.2917494E-05
  3.5400113E-05  1.7734734E-05  1.6781855E-15 -1.7734730E-05 -3.5400113E-05
 -5.2917490E-05 -7.0217502E-05 -8.7229047E-05 -1.0388236E-04 -1.2010889E-04
 -1.3584306E-04 -1.5101676E-04 -1.6557015E-04 -1.7944675E-04 -1.9257916E-04
 -2.0492804E-04 -2.1642938E-04 -2.2704162E-04 -2.3672522E-04 -2.4543179E-04
 -2.5312972E-04 -2.5979019E-04 -2.6538162E-04 -2.6988290E-04 -2.7327440E-04
 -2.7554543E-04 -2.7668083E-04  2.6982080E-04  2.6871247E-04  2.6649877E-04
  2.6319039E-04  2.5880098E-04  2.5334980E-04  2.4685392E-04  2.3934465E-04
  2.3085429E-04  2.2141357E-04  2.1106275E-04  1.9984512E-04  1.8780590E-04
  1.7499663E-04  1.6146436E-04  1.4727186E-04  1.3247557E-04  1.1713104E-04
  1.0130643E-04  8.5065098E-05  6.8476329E-05  5.1606741E-05  3.4521228E-05
  1.7295501E-05  0.0000000E+00 -1.7295501E-05 -3.4521228E-05 -5.1606738E-05
 -6.8476329E-05 -8.5065098E-05 -1.0130643E-04 -1.1713104E-04 -1.3247557E-04
 -1.4727186E-04 -1.6146436E-04 -1.7499663E-04 -1.8780591E-04 -1.9984512E-04
 -2.1106275E-04 -2.2141360E-04 -2.3085425E-04 -2.3934465E-04 -2.4685389E-04
 -2.5334980E-04 -2.5880098E-04 -2.6319039E-04 -2.6649877E-04 -2.6871247E-04
 -2.6982080E-04  2.6134972E-04  2.6027465E-04  2.5813354E-04  2.5492624E-04
  2.5067569E-04  2.4539517E-04  2.3910469E-04  2.3182944E-04  2.2360621E-04
  2.1446170E-04  2.0443693E-04  1.9356965E-04  1.8191080E-04  1.6950189E-04
  1.5639373E-04  1.4264976E-04  1.2831550E-04  1.1345278E-04  9.8126424E-05
  8.2395367E-05  6.6326174E-05  4.9986462E-05  3.3437151E-05  1.6751899E-05
 -2.4240946E-15 -1.6751899E-05 -3.3437151E-05 -4.9986465E-05 -6.6326167E-05
 -8.2395360E-05 -9.8126424E-05 -1.1345278E-04 -1.2831550E-04 -1.4264976E-04
 -1.5639374E-04 -1.6950189E-04 -1.8191080E-04 -1.9356965E-04 -2.0443696E-04
 -2.1446170E-04 -2.2360621E-04 -2.3182944E-04 -2.3910469E-04 -2.4539520E-04
 -2.5067566E-04 -2.5492624E-04 -2.5813354E-04 -2.6027465E-04 -2.6134972E-04
  2.5110308E-04  2.5007027E-04  2.4801219E-04  2.4493330E-04  2.4084728E-04
  2.3577218E-04  2.2973077E-04  2.2274104E-04  2.1483931E-04  2.0605281E-04
  1.9642182E-04  1.8598048E-04  1.7477936E-04  1.6285501E-04  1.5026315E-04
  1.3705695E-04  1.2328275E-04  1.0900588E-04  9.4278948E-05  7.9165438E-05
  6.3726060E-05  4.8025042E-05  3.2128057E-05  1.6094911E-05  2.7970118E-15
 -1.6094904E-05 -3.2128049E-05 -4.8025042E-05 -6.3726060E-05 -7.9165460E-05
 -9.4278956E-05 -1.0900586E-04 -1.2328275E-04 -1.3705695E-04 -1.5026315E-04
 -1.6285501E-04 -1.7477936E-04 -1.8598049E-04 -1.9642182E-04 -2.0605279E-04
 -2.1483927E-04 -2.2274106E-04 -2.2973077E-04 -2.3577218E-04 -2.4084725E-04
 -2.4493330E-04 -2.4801216E-04 -2.5007027E-04 -2.5110308E-04  2.3885041E-04
  2.3787039E-04  2.3590890E-04  2.3298251E-04  2.2909736E-04  2.2426689E-04
  2.1852281E-04  2.1187290E-04  2.0435610E-04  1.9599988E-04  1.8683715E-04
  1.7690608E-04  1.6625151E-04  1.5490843E-04  1.4293268E-04  1.3036815E-04
  1.1726739E-04  1.0368799E-04  8.9678382E-05  7.5301832E-05  6.0617011E-05
  4.5681769E-05  3.0560754E-05  1.5309688E-05  6.3400120E-15 -1.5309688E-05
 -3.0560750E-05 -4.5681758E-05 -6.0617007E-05 -7.5301818E-05 -8.9678382E-05
 -1.0368799E-04 -1.1726738E-04 -1.3036816E-04 -1.4293268E-04 -1.5490843E-04
 -1.6625151E-04 -1.7690606E-04 -1.8683715E-04 -1.9599986E-04 -2.0435610E-04
 -2.1187289E-04 -2.1852281E-04 -2.2426687E-04 -2.2909736E-04 -2.3298251E-04
 -2.3590893E-04 -2.3787039E-04 -2.3885041E-04  2.2426066E-04  2.2333955E-04
  2.2149895E-04  2.1874916E-04  2.1510405E-04  2.1056800E-04  2.0517423E-04
  1.9893046E-04  1.9187412E-04  1.8402672E-04  1.7542277E-04  1.6610157E-04
  1.5609473E-04  1.4544625E-04  1.3420281E-04  1.2240354E-04  1.1010462E-04
  9.7352808E-05  8.4202045E-05  7.0701324E-05  5.6914832E-05  4.2891603E-05
  2.8692946E-05  1.4375192E-05  3.5428870E-15 -1.4375191E-05 -2.8692946E-05
 -4.2891603E-05 -5.6914825E-05 -7.0701324E-05 -8.4202060E-05 -9.7352829E-05
 -1.1010461E-04 -1.2240354E-04 -1.3420283E-04 -1.4544625E-04 -1.5609471E-04
 -1.6610157E-04 -1.7542277E-04 -1.8402677E-04 -1.9187412E-04 -1.9893046E-04
 -2.0517423E-04 -2.1056800E-04 -2.1510401E-04 -2.1874913E-04 -2.2149895E-04
 -2.2333955E-04 -2.2426066E-04  2.0683071E-04  2.0598061E-04  2.0428334E-04
  2.0174799E-04  1.9838524E-04  1.9420242E-04  1.8922533E-04  1.8347075E-04
  1.7696089E-04  1.6972201E-04  1.6178981E-04  1.5319166E-04  1.4396093E-04
  1.3414289E-04  1.2377190E-04  1.1289076E-04  1.0154599E-04  8.9787391E-05
  7.7657372E-05  6.5205830E-05  5.2491385E-05  3.9558017E-05  2.6463049E-05
  1.3258104E-05  3.9158549E-15 -1.3258102E-05 -2.6463051E-05 -3.9558032E-05
 -5.2491399E-05 -6.5205830E-05 -7.7657372E-05 -8.9787391E-05 -1.0154599E-04
 -1.1289075E-04 -1.2377190E-04 -1.3414289E-04 -1.4396095E-04 -1.5319166E-04
 -1.6178981E-04 -1.6972201E-04 -1.7696089E-04 -1.8347075E-04 -1.8922533E-04
 -1.9420242E-04 -1.9838524E-04 -2.0174799E-04 -2.0428334E-04 -2.0598061E-04
 -2.0683071E-04  1.8574129E-04  1.8497871E-04  1.8345502E-04  1.8117786E-04
  1.7815630E-04  1.7440217E-04  1.6993088E-04  1.6476501E-04  1.5891640E-04
  1.5241721E-04  1.4529565E-04  1.3757012E-04  1.2928285E-04  1.2046571E-04
  1.1115144E-04  1.0138141E-04  9.1191461E-05  8.0632970E-05  6.9739457E-05
  5.8557369E-05  4.7138234E-05  3.5525842E-05  2.3763900E-05  1.1907018E-05
  4.2887205E-15 -1.1907019E-05 -2.3763891E-05 -3.5525831E-05 -4.7138241E-05
 -5.8557369E-05 -6.9739443E-05 -8.0632963E-05 -9.1191447E-05 -1.0138140E-04
 -1.1115144E-04 -1.2046570E-04 -1.2928285E-04 -1.3757014E-04 -1.4529565E-04
 -1.5241721E-04 -1.5891642E-04 -1.6476498E-04 -1.6993089E-04 -1.7440216E-04
 -1.7815629E-04 -1.8117788E-04 -1.8345502E-04 -1.8497871E-04 -1.8574129E-04
  1.5948949E-04  1.5883402E-04  1.5752624E-04  1.5557051E-04  1.5297456E-04
  1.4975326E-04  1.4591438E-04  1.4147600E-04  1.3645607E-04  1.3087589E-04
  1.2475970E-04  1.1812546E-04  1.1101084E-04  1.0343893E-04  9.5442345E-05
  8.7051834E-05  7.8303266E-05  6.9236026E-05  5.9882066E-05  5.0281644E-05
  4.0476043E-05  3.0504318E-05  2.0405665E-05  1.0224047E-05  0.0000000E+00
 -1.0224026E-05 -2.0405663E-05 -3.0504318E-05 -4.0476043E-05 -5.0281651E-05
 -5.9882077E-05 -6.9236041E-05 -7.8303288E-05 -8.7051842E-05 -9.5442338E-05
 -1.0343893E-04 -1.1101083E-04 -1.1812546E-04 -1.2475970E-04 -1.3087591E-04
 -1.3645609E-04 -1.4147602E-04 -1.4591437E-04 -1.4975329E-04 -1.5297455E-04
 -1.5557052E-04 -1.5752621E-04 -1.5883404E-04 -1.5948949E-04  1.2455269E-04
  1.2404060E-04  1.2301790E-04  1.2149211E-04  1.1946481E-04  1.1694802E-04
  1.1395237E-04  1.1048393E-04  1.0656522E-04  1.0220546E-04  9.7430311E-05
  9.2250164E-05  8.6692417E-05  8.0779741E-05  7.4534641E-05  6.7982881E-05
  6.1150269E-05  5.4069587E-05  4.6764173E-05  3.9266662E-05  3.1610602E-05
  2.3821696E-05  1.5936004E-05  7.9838528E-06  2.5172968E-15 -7.9838737E-06
 -1.5936004E-05 -2.3821700E-05 -3.1610580E-05 -3.9266666E-05 -4.6764151E-05
 -5.4069598E-05 -6.1150240E-05 -6.7982859E-05 -7.4534633E-05 -8.0779762E-05
 -8.6692417E-05 -9.2250149E-05 -9.7430304E-05 -1.0220543E-04 -1.0656522E-04
 -1.1048394E-04 -1.1395238E-04 -1.1694802E-04 -1.1946481E-04 -1.2149213E-04
 -1.2301790E-04 -1.2404060E-04 -1.2455271E-04  5.2958665E-05  5.2740710E-05
  5.2306335E-05  5.1657087E-05  5.0795981E-05  4.9724629E-05  4.8452188E-05
  4.6977195E-05  4.5310251E-05  4.3456104E-05  4.1426963E-05  3.9224316E-05
  3.6860671E-05  3.4346493E-05  3.1691096E-05  2.8906683E-05  2.5999771E-05
  2.2989747E-05  1.9884554E-05  1.6695165E-05  1.3441073E-05  1.0128822E-05
  6.7750630E-06  3.3951796E-06  0.0000000E+00 -3.3951799E-06 -6.7750630E-06
 -1.0128822E-05 -1.3441073E-05 -1.6695165E-05 -1.9884554E-05 -2.2989747E-05
 -2.5999772E-05 -2.8906683E-05 -3.1691096E-05 -3.4346493E-05 -3.6860671E-05
 -3.9224316E-05 -4.1426963E-05 -4.3456104E-05 -4.5310251E-05 -4.6977191E-05
 -4.8452188E-05 -4.9724629E-05 -5.0795981E-05 -5.1657087E-05 -5.2306335E-05
 -5.2740710E-05 -5.2958665E-05  2.8600908E-04  2.8483279E-04  2.8248935E-04
  2.7898164E-04  2.7432782E-04  2.6854911E-04  2.6166197E-04  2.5370746E-04
  2.4470314E-04  2.3469658E-04  2.2372653E-04  2.1183370E-04  1.9907433E-04
  1.8549486E-04  1.7115322E-04  1.5610752E-04  1.4042307E-04  1.2415758E-04
  1.0738473E-04  9.0169058E-05  7.2587041E-05  5.4699274E-05  3.6593214E-05
  1.8334407E-05 -9.3232620E-16 -1.8334407E-05 -3.6593210E-05 -5.4699267E-05
 -7.2587041E-05 -9.0169058E-05 -1.0738473E-04 -1.2415758E-04 -1.4042307E-04
 -1.5610752E-04 -1.7115324E-04 -1.8549486E-04 -1.9907435E-04 -2.1183370E-04
 -2.2372653E-04 -2.3469659E-04 -2.4470314E-04 -2.5370746E-04 -2.6166197E-04
 -2.6854911E-04 -2.7432785E-04 -2.7898164E-04 -2.8248935E-04 -2.8483279E-04
 -2.8600908E-04  2.8204941E-04  2.8088971E-04  2.7857788E-04  2.7511851E-04
  2.7053111E-04  2.6482943E-04  2.5804041E-04  2.5019477E-04  2.4131584E-04
  2.3144674E-04  2.2062899E-04  2.0890242E-04  1.9631667E-04  1.8292764E-04
  1.6878211E-04  1.5394790E-04  1.3847796E-04  1.2243904E-04  1.0589703E-04
  8.8921886E-05  7.1581126E-05  5.3942720E-05  3.6087335E-05  1.8079023E-05
  2.6106375E-15 -1.8079023E-05 -3.6087335E-05 -5.3942713E-05 -7.1581118E-05
 -8.8921886E-05 -1.0589704E-04 -1.2243904E-04 -1.3847796E-04 -1.5394788E-04
 -1.6878211E-04 -1.8292767E-04 -1.9631667E-04 -2.0890241E-04 -2.2062898E-04
 -2.3144676E-04 -2.4131584E-04 -2.5019477E-04 -2.5804041E-04 -2.6482943E-04
 -2.7053111E-04 -2.7511848E-04 -2.7857788E-04 -2.8088974E-04 -2.8204941E-04
  2.7668086E-04  2.7554543E-04  2.7327443E-04  2.6988299E-04  2.6538165E-04
  2.5979019E-04  2.5312972E-04  2.4543179E-04  2.3672523E-04  2.2704162E-04
  2.1642938E-04  2.0492806E-04  1.9257914E-04  1.7944675E-04  1.6557015E-04
  1.5101679E-04  1.3584309E-04  1.2010887E-04  1.0388235E-04  8.7229040E-05
  7.0217502E-05  5.2917494E-05  3.5400113E-05  1.7734734E-05  1.6781855E-15
 -1.7734730E-05 -3.5400113E-05 -5.2917490E-05 -7.0217502E-05 -8.7229047E-05
 -1.0388236E-04 -1.2010889E-04 -1.3584306E-04 -1.5101676E-04 -1.6557015E-04
 -1.7944675E-04 -1.9257916E-04 -2.0492804E-04 -2.1642938E-04 -2.2704162E-04
 -2.3672522E-04 -2.4543179E-04 -2.5312972E-04 -2.5979019E-04 -2.6538162E-04
 -2.6988290E-04 -2.7327440E-04 -2.7554543E-04 -2.7668083E-04  2.6982080E-04
  2.6871247E-04  2.6649877E-04  2.6319039E-04  2.5880098E-04  2.5334980E-04
  2.4685392E-04  2.3934465E-04  2.3085429E-04  2.2141357E-04  2.1106275E-04
  1.9984512E-04  1.8780590E-04  1.7499663E-04  1.6146436E-04  1.4727186E-04
  1.3247557E-04  1.1713104E-04  1.0130643E-04  8.5065098E-05  6.8476329E-05
  5.1606741E-05  3.4521228E-05  1.7295501E-05  0.0000000E+00 -1.7295501E-05
 -3.4521228E-05 -5.1606738E-05 -6.8476329E-05 -8.5065098E-05 -1.0130643E-04
 -1.1713104E-04 -1.3247557E-04 -1.4727186E-04 -1.6146436E-04 -1.7499663E-04
 -1.8780591E-04 -1.9984512E-04 -2.1106275E-04 -2.2141360E-04 -2.3085425E-04
 -2.3934465E-04 -2.4685389E-04 -2.5334980E-04 -2.5880098E-04 -2.6319039E-04
 -2.6649877E-04 -2.6871247E-04 -2.6982080E-04  2.6134972E-04  2.6027465E-04
  2.5813354E-04  2.5492624E-04  2.5067569E-04  2.4539517E-04  2.3910469E-04
  2.3182944E-04  2.2360621E-04  2.1446170E-04  2.0443693E-04  1.9356965E-04
  1.8191080E-04  1.6950189E-04  1.5639373E-04  1.4264976E-04  1.2831550E-04
  1.1345278E-04  9.8126424E-05  8.2395367E-05  6.6326174E-05  4.9986462E-05
  3.3437151E-05  1.6751899E-05 -2.4240946E-15 -1.6751899E-05 -3.3437151E-05
 -4.9986465E-05 -6.6326167E-05 -8.2395360E-05 -9.8126424E-05 -1.1345278E-04
 -1.2831550E-04 -1.4264976E-04 -1.5639374E-04 -1.6950189E-04 -1.8191080E-04
 -1.9356965E-04 -2.0443696E-04 -2.1446170E-04 -2.2360621E-04 -2.3182944E-04
 -2.3910469E-04 -2.4539520E-04 -2.5067566E-04 -2.5492624E-04 -2.5813354E-04
 -2.6027465E-04 -2.6134972E-04  2.5110308E-04  2.5007027E-04  2.4801219E-04
  2.4493330E-04  2.4084728E-04  2.3577218E-04  2.2973077E-04  2.2274104E-04
  2.1483931E-04  2.0605281E-04  1.9642182E-04  1.8598048E-04  1.7477936E-04
  1.6285501E-04  1.5026315E-04  1.3705695E-04  1.2328275E-04  1.0900588E-04
  9.4278948E-05  7.9165438E-05  6.3726060E-05  4.8025042E-05  3.2128057E-05
  1.6094911E-05  2.7970118E-15 -1.6094904E-05 -3.2128049E-05 -4.8025042E-05
 -6.3726060E-05 -7.9165460E-05 -9.4278956E-05 -1.0900586E-04 -1.2328275E-04
 -1.3705695E-04 -1.5026315E-04 -1.6285501E-04 -1.7477936E-04 -1.8598049E-04
 -1.9642182E-04 -2.0605279E-04 -2.1483927E-04 -2.2274106E-04 -2.2973077E-04
 -2.3577218E-04 -2.4084725E-04 -2.4493330E-04 -2.4801216E-04 -2.5007027E-04
 -2.5110308E-04  2.3885041E-04  2.3787039E-04  2.3590890E-04  2.3298251E-04
  2.2909736E-04  2.2426689E-04  2.1852281E-04  2.1187290E-04  2.0435610E-04
  1.9599988E-04  1.8683715E-04  1.7690608E-04  1.6625151E-04  1.5490843E-04
  1.4293268E-04  1.3036815E-04  1.1726739E-04  1.0368799E-04  8.9678382E-05
  7.5301832E-05  6.0617011E-05  4.5681769E-05  3.0560754E-05  1.5309688E-05
  6.3400120E-15 -1.5309688E-05 -3.0560750E-05 -4.5681758E-05 -6.0617007E-05
 -7.5301818E-05 -8.9678382E-05 -1.0368799E-04 -1.1726738E-04 -1.3036816E-04
 -1.4293268E-04 -1.5490843E-04 -1.6625151E-04 -1.7690606E-04 -1.8683715E-04
 -1.9599986E-04 -2.0435610E-04 -2.1187289E-04 -2.1852281E-04 -2.2426687E-04
 -2.2909736E-04 -2.3298251E-04 -2.3590893E-04 -2.3787039E-04 -2.3885041E-04
  2.2426066E-04  2.2333955E-04  2.2149895E-04  2.1874916E-04  2.1510405E-04
  2.1056800E-04  2.0517423E-04  1.9893046E-04  1.9187412E-04  1.8402672E-04
  1.7542277E-04  1.6610157E-04  1.5609473E-04  1.4544625E-04  1.3420281E-04
  1.2240354E-04  1.1010462E-04  9.7352808E-05  8.4202045E-05  7.0701324E-05
  5.6914832E-05  4.2891603E-05  2.8692946E-05  1.4375192E-05  3.5428870E-15
 -1.4375191E-05 -2.8692946E-05 -4.2891603E-05 -5.6914825E-05 -7.0701324E-05
 -8.4202060E-05 -9.7352829E-05 -1.1010461E-04 -1.2240354E-04 -1.3420283E-04
 -1.4544625E-04 -1.5609471E-04 -1.6610157E-04 -1.7542277E-04 -1.8402677E-04
 -1.9187412E-04 -1.9893046E-04 -2.0517423E-04 -2.1056800E-04 -2.1510401E-04
 -2.1874913E-04 -2.2149895E-04 -2.2333955E-04 -2.2426066E-04  2.0683071E-04
  2.0598061E-04  2.0428334E-04  2.0174799E-04  1.9838524E-04  1.9420242E-04
  1.8922533E-04  1.8347075E-04  1.7696089E-04  1.6972201E-04  1.6178981E-04
  1.5319166E-04  1.4396093E-04  1.3414289E-04  1.2377190E-04  1.1289076E-04
  1.0154599E-04  8.9787391E-05  7.7657372E-05  6.5205830E-05  5.2491385E-05
  3.9558017E-05  2.6463049E-05  1.3258104E-05  3.9158549E-15 -1.3258102E-05
 -2.6463051E-05 -3.9558032E-05 -5.2491399E-05 -6.5205830E-05 -7.7657372E-05
 -8.9787391E-05 -1.0154599E-04 -1.1289075E-04 -1.2377190E-04 -1.3414289E-04
 -1.4396095E-04 -1.5319166E-04 -1.6178981E-04 -1.6972201E-04 -1.7696089E-04
 -1.8347075E-04 -1.8922533E-04 -1.9420242E-04 -1.9838524E-04 -2.0174799E-04
 -2.0428334E-04 -2.0598061E-04 -2.0683071E-04  1.8574129E-04  1.8497871E-04
  1.8345502E-04  1.8117786E-04  1.7815630E-04  1.7440217E-04  1.6993088E-04
  1.6476501E-04  1.5891640E-04  1.5241721E-04  1.4529565E-04  1.3757012E-04
  1.2928285E-04  1.2046571E-04  1.1115144E-04  1.0138141E-04  9.1191461E-05
  8.0632970E-05  6.9739457E-05  5.8557369E-05  4.7138234E-05  3.5525842E-05
  2.3763900E-05  1.1907018E-05  4.2887205E-15 -1.1907019E-05 -2.3763891E-05
 -3.5525831E-05 -4.7138241E-05 -5.8557369E-05 -6.9739443E-05 -8.0632963E-05
 -9.1191447E-05 -1.0138140E-04 -1.1115144E-04 -1.2046570E-04 -1.2928285E-04
 -1.3757014E-04 -1.4529565E-04 -1.5241721E-04 -1.5891642E-04 -1.6476498E-04
 -1.6993089E-04 -1.7440216E-04 -1.7815629E-04 -1.8117788E-04 -1.8345502E-04
 -1.8497871E-04 -1.8574129E-04  1.5948949E-04  1.5883402E-04  1.5752624E-04
  1.5557051E-04  1.5297456E-04  1.4975326E-04  1.4591438E-04  1.4147600E-04
  1.3645607E-04  1.3087589E-04  1.2475970E-04  1.1812546E-04  1.1101084E-04
  1.0343893E-04  9.5442345E-05  8.7051834E-05  7.8303266E-05  6.9236026E-05
  5.9882066E-05  5.0281644E-05  4.0476043E-05  3.0504318E-05  2.0405665E-05
  1.0224047E-05  0.0000000E+00 -1.0224026E-05 -2.0405663E-05 -3.0504318E-05
 -4.0476043E-05 -5.0281651E-05 -5.9882077E-05 -6.9236041E-05 -7.8303288E-05
 -8.7051842E-05 -9.5442338E-05 -1.0343893E-04 -1.1101083E-04 -1.1812546E-04
 -1.2475970E-04 -1.3087591E-04 -1.3645609E-04 -1.4147602E-04 -1.4591437E-04
 -1.4975329E-04 -1.5297455E-04 -1.5557052E-04 -1.5752621E-04 -1.5883404E-04
 -1.5948949E-04  1.2455269E-04  1.2404060E-04  1.2301790E-04  1.2149211E-04
  1.1946481E-04  1.1694802E-04  1.1395237E-04  1.1048393E-04  1.0656522E-04
  1.0220546E-04  9.7430311E-05  9.2250164E-05  8.6692417E-05  8.0779741E-05
  7.4534641E-05  6.7982881E-05  6.1150269E-05  5.4069587E-05  4.6764173E-05
  3.9266662E-05  3.1610602E-05  2.3821696E-05  1.5936004E-05  7.9838528E-06
  2.5172968E-15 -7.9838737E-06 -1.5936004E-05 -2.3821700E-05 -3.1610580E-05
 -3.9266666E-05 -4.6764151E-05 -5.4069598E-05 -6.1150240E-05 -6.7982859E-05
 -7.4534633E-05 -8.0779762E-05 -8.6692417E-05 -9.2250149E-05 -9.7430304E-05
 -1.0220543E-04 -1.0656522E-04 -1.1048394E-04 -1.1395238E-04 -1.1694802E-04
 -1.1946481E-04 -1.2149213E-04 -1.2301790E-04 -1.2404060E-04 -1.2455271E-04
  5.2958665E-05  5.2740710E-05  5.2306335E-05  5.1657087E-05  5.0795981E-05
  4.9724629E-05  4.8452188E-05  4.6977195E-05  4.5310251E-05  4.3456104E-05
  4.1426963E-05  3.9224316E-05  3.6860671E-05  3.4346493E-05  3.1691096E-05
  2.8906683E-05  2.5999771E-05  2.2989747E-05  1.9884554E-05  1.6695165E-05
  1.3441073E-05  1.0128822E-05  6.7750630E-06  3.3951796E-06  0.0000000E+00
 -3.3951799E-06 -6.7750630E-06 -1.0128822E-05 -1.3441073E-05 -1.6695165E-05
 -1.9884554E-05 -2.2989747E-05 -2.5999772E-05 -2.8906683E-05 -3.1691096E-05
 -3.4346493E-05 -3.6860671E-05 -3.9224316E-05 -4.1426963E-05 -4.3456104E-05
 -4.5310251E-05 -4.6977191E-05 -4.8452188E-05 -4.9724629E-05 -5.0795981E-05
 -5.1657087E-05 -5.2306335E-05 -5.2740710E-05 -5.2958665E-05
