 
      1    196     49      1
    1  0.3586420E-01  0.1150100E-02 -0.3333333E-02  0.1825712E+00  0.5852361E-02 -0.9831752E+00  0.9449189E-04
    1  0.3571683E-01  0.3445567E-02 -0.3333333E-02  0.1818207E+00  0.1754140E-01 -0.9831752E+00  0.9449141E-04
    1  0.3542270E-01  0.5726866E-02 -0.3333333E-02  0.1803239E+00  0.2915088E-01 -0.9831752E+00  0.9449109E-04
    1  0.3498300E-01  0.7984634E-02 -0.3333333E-02  0.1780846E+00  0.4064909E-01 -0.9831752E+00  0.9449161E-04
    1  0.3439954E-01  0.1020960E-01 -0.3333334E-02  0.1751152E+00  0.5197256E-01 -0.9831753E+00  0.9449205E-04
    1  0.3367473E-01  0.1239260E-01 -0.3333333E-02  0.1714253E+00  0.6308601E-01 -0.9831752E+00  0.9449013E-04
    1  0.3281157E-01  0.1452470E-01 -0.3333334E-02  0.1670326E+00  0.7393625E-01 -0.9831752E+00  0.9449359E-04
    1  0.3181353E-01  0.1659713E-01 -0.3333333E-02  0.1619487E+00  0.8449300E-01 -0.9831753E+00  0.9449288E-04
    1  0.3068477E-01  0.1860133E-01 -0.3333333E-02  0.1562050E+00  0.9469149E-01 -0.9831753E+00  0.9449122E-04
    1  0.2942993E-01  0.2052907E-01 -0.3333333E-02  0.1498148E+00  0.1045085E+00 -0.9831752E+00  0.9448993E-04
    1  0.2805417E-01  0.2237247E-01 -0.3333333E-02  0.1428154E+00  0.1138870E+00 -0.9831752E+00  0.9449268E-04
    1  0.2656313E-01  0.2412397E-01 -0.3333333E-02  0.1352237E+00  0.1228047E+00 -0.9831752E+00  0.9449148E-04
    1  0.2496293E-01  0.2577630E-01 -0.3333333E-02  0.1270753E+00  0.1312186E+00 -0.9831752E+00  0.9449128E-04
    1  0.2326013E-01  0.2732270E-01 -0.3333333E-02  0.1184068E+00  0.1390910E+00 -0.9831753E+00  0.9449201E-04
    1  0.2146177E-01  0.2875683E-01 -0.3333333E-02  0.1092542E+00  0.1463900E+00 -0.9831752E+00  0.9449071E-04
    1  0.1957523E-01  0.3007283E-01 -0.3333333E-02  0.9965371E-01  0.1530869E+00 -0.9831753E+00  0.9449212E-04
    1  0.1760823E-01  0.3126524E-01 -0.3333333E-02  0.8963218E-01  0.1591620E+00 -0.9831752E+00  0.9449177E-04
    1  0.1556887E-01  0.3232913E-01 -0.3333333E-02  0.7925578E-01  0.1645754E+00 -0.9831753E+00  0.9449161E-04
    1  0.1346557E-01  0.3326023E-01 -0.3333333E-02  0.6855195E-01  0.1693136E+00 -0.9831753E+00  0.9449034E-04
    1  0.1130693E-01  0.3405463E-01 -0.3333333E-02  0.5755566E-01  0.1733603E+00 -0.9831752E+00  0.9449106E-04
    1  0.9101801E-02  0.3470910E-01 -0.3333333E-02  0.4633672E-01  0.1766901E+00 -0.9831752E+00  0.9449312E-04
    1  0.6859267E-02  0.3522097E-01 -0.3333333E-02  0.3491851E-01  0.1792962E+00 -0.9831753E+00  0.9449168E-04
    1  0.4588567E-02  0.3558807E-01 -0.3333333E-02  0.2335665E-01  0.1811654E+00 -0.9831752E+00  0.9449098E-04
    1  0.2299000E-02  0.3580894E-01 -0.3333333E-02  0.1170464E-01  0.1822895E+00 -0.9831753E+00  0.9449254E-04
    1  0.0000000E+00  0.3588267E-01 -0.3333333E-02  0.0000000E+00  0.1826648E+00 -0.9831752E+00  0.9448999E-04
    1 -0.2299000E-02  0.3580894E-01 -0.3333334E-02 -0.1170464E-01  0.1822895E+00 -0.9831753E+00  0.9449255E-04
    1 -0.4588567E-02  0.3558807E-01 -0.3333333E-02 -0.2335665E-01  0.1811654E+00 -0.9831752E+00  0.9449098E-04
    1 -0.6859267E-02  0.3522097E-01 -0.3333333E-02 -0.3491851E-01  0.1792962E+00 -0.9831753E+00  0.9449168E-04
    1 -0.9101801E-02  0.3470910E-01 -0.3333333E-02 -0.4633672E-01  0.1766901E+00 -0.9831752E+00  0.9449312E-04
    1 -0.1130693E-01  0.3405463E-01 -0.3333333E-02 -0.5755566E-01  0.1733604E+00 -0.9831752E+00  0.9449106E-04
    1 -0.1346557E-01  0.3326023E-01 -0.3333333E-02 -0.6855195E-01  0.1693136E+00 -0.9831753E+00  0.9449034E-04
    1 -0.1556887E-01  0.3232913E-01 -0.3333333E-02 -0.7925578E-01  0.1645754E+00 -0.9831753E+00  0.9449161E-04
    1 -0.1760823E-01  0.3126524E-01 -0.3333333E-02 -0.8963217E-01  0.1591620E+00 -0.9831752E+00  0.9449178E-04
    1 -0.1957523E-01  0.3007283E-01 -0.3333333E-02 -0.9965371E-01  0.1530869E+00 -0.9831753E+00  0.9449212E-04
    1 -0.2146177E-01  0.2875683E-01 -0.3333333E-02 -0.1092542E+00  0.1463900E+00 -0.9831753E+00  0.9449071E-04
    1 -0.2326013E-01  0.2732270E-01 -0.3333333E-02 -0.1184068E+00  0.1390910E+00 -0.9831753E+00  0.9449201E-04
    1 -0.2496293E-01  0.2577630E-01 -0.3333333E-02 -0.1270753E+00  0.1312186E+00 -0.9831752E+00  0.9449128E-04
    1 -0.2656313E-01  0.2412397E-01 -0.3333333E-02 -0.1352237E+00  0.1228047E+00 -0.9831752E+00  0.9449148E-04
    1 -0.2805417E-01  0.2237247E-01 -0.3333333E-02 -0.1428154E+00  0.1138870E+00 -0.9831752E+00  0.9449268E-04
    1 -0.2942993E-01  0.2052907E-01 -0.3333333E-02 -0.1498148E+00  0.1045085E+00 -0.9831752E+00  0.9448993E-04
    1 -0.3068477E-01  0.1860133E-01 -0.3333333E-02 -0.1562050E+00  0.9469149E-01 -0.9831753E+00  0.9449122E-04
    1 -0.3181353E-01  0.1659713E-01 -0.3333333E-02 -0.1619487E+00  0.8449300E-01 -0.9831753E+00  0.9449288E-04
    1 -0.3281157E-01  0.1452470E-01 -0.3333334E-02 -0.1670326E+00  0.7393625E-01 -0.9831752E+00  0.9449359E-04
    1 -0.3367473E-01  0.1239260E-01 -0.3333333E-02 -0.1714253E+00  0.6308601E-01 -0.9831752E+00  0.9449013E-04
    1 -0.3439954E-01  0.1020960E-01 -0.3333334E-02 -0.1751152E+00  0.5197256E-01 -0.9831753E+00  0.9449205E-04
    1 -0.3498300E-01  0.7984634E-02 -0.3333333E-02 -0.1780846E+00  0.4064909E-01 -0.9831753E+00  0.9449160E-04
    1 -0.3542270E-01  0.5726866E-02 -0.3333333E-02 -0.1803239E+00  0.2915088E-01 -0.9831752E+00  0.9449109E-04
    1 -0.3571683E-01  0.3445567E-02 -0.3333333E-02 -0.1818207E+00  0.1754140E-01 -0.9831752E+00  0.9449141E-04
    1 -0.3586420E-01  0.1150100E-02 -0.3333333E-02 -0.1825712E+00  0.5852361E-02 -0.9831752E+00  0.9449190E-04
           0
