 
      1   1568    392      1
    1  0.1270443E+00  0.4074051E-02 -0.4996209E-03  0.8654907E+00  0.2775520E-01 -0.5001554E+00  0.9414429E-05
    1  0.1265223E+00  0.1220547E-01 -0.4996238E-03  0.8619248E+00  0.8315276E-01 -0.5001714E+00  0.9414570E-05
    1  0.1254803E+00  0.2028669E-01 -0.4996217E-03  0.8548115E+00  0.1381934E+00 -0.5001998E+00  0.9414707E-05
    1  0.1239228E+00  0.2828456E-01 -0.4996193E-03  0.8442077E+00  0.1926833E+00 -0.5001865E+00  0.9414685E-05
    1  0.1218559E+00  0.3616624E-01 -0.4996227E-03  0.8301325E+00  0.2463787E+00 -0.5001775E+00  0.9414581E-05
    1  0.1192884E+00  0.4389922E-01 -0.4996212E-03  0.8126351E+00  0.2990580E+00 -0.5001885E+00  0.9414560E-05
    1  0.1162307E+00  0.5145183E-01 -0.4996209E-03  0.7918063E+00  0.3505166E+00 -0.5001808E+00  0.9414676E-05
    1  0.1126953E+00  0.5879309E-01 -0.4996231E-03  0.7677227E+00  0.4005189E+00 -0.5001863E+00  0.9414662E-05
    1  0.1086969E+00  0.6589270E-01 -0.4996218E-03  0.7404760E+00  0.4488724E+00 -0.5002088E+00  0.9414693E-05
    1  0.1042518E+00  0.7272151E-01 -0.4996180E-03  0.7101959E+00  0.4954103E+00 -0.5001904E+00  0.9414727E-05
    1  0.9937830E-01  0.7925155E-01 -0.4996202E-03  0.6770182E+00  0.5398995E+00 -0.5001547E+00  0.9414436E-05
    1  0.9409645E-01  0.8545595E-01 -0.4996261E-03  0.6410208E+00  0.5821598E+00 -0.5001824E+00  0.9414597E-05
    1  0.8842796E-01  0.9130912E-01 -0.4996203E-03  0.6023968E+00  0.6220199E+00 -0.5002093E+00  0.9414813E-05
    1  0.8239608E-01  0.9678710E-01 -0.4996182E-03  0.5613149E+00  0.6593603E+00 -0.5001695E+00  0.9414501E-05
    1  0.7602561E-01  0.1018674E+00 -0.4996221E-03  0.5179268E+00  0.6939701E+00 -0.5001571E+00  0.9414454E-05
    1  0.6934272E-01  0.1065291E+00 -0.4996222E-03  0.4723928E+00  0.7257222E+00 -0.5001723E+00  0.9414625E-05
    1  0.6237487E-01  0.1107530E+00 -0.4996214E-03  0.4249172E+00  0.7544979E+00 -0.5001783E+00  0.9414540E-05
    1  0.5515081E-01  0.1145218E+00 -0.4996189E-03  0.3757216E+00  0.7801756E+00 -0.5001591E+00  0.9414418E-05
    1  0.4770003E-01  0.1178201E+00 -0.4996250E-03  0.3249533E+00  0.8026427E+00 -0.5001701E+00  0.9414589E-05
    1  0.4005329E-01  0.1206341E+00 -0.4996184E-03  0.2728535E+00  0.8218109E+00 -0.5001778E+00  0.9414575E-05
    1  0.3224191E-01  0.1229525E+00 -0.4996220E-03  0.2196510E+00  0.8376149E+00 -0.5001547E+00  0.9414471E-05
    1  0.2429809E-01  0.1247656E+00 -0.4996216E-03  0.1655281E+00  0.8499634E+00 -0.5001627E+00  0.9414406E-05
    1  0.1625446E-01  0.1260660E+00 -0.4996205E-03  0.1107397E+00  0.8588241E+00 -0.5001578E+00  0.9414443E-05
    1  0.8143958E-02  0.1268485E+00 -0.4996219E-03  0.5547764E-01  0.8641582E+00 -0.5001528E+00  0.9414480E-05
    1 -0.2328306E-09  0.1271096E+00 -0.4996218E-03  0.0000000E+00  0.8659322E+00 -0.5001613E+00  0.9414480E-05
    1 -0.8143958E-02  0.1268485E+00 -0.4996202E-03 -0.5547764E-01  0.8641582E+00 -0.5001528E+00  0.9414480E-05
    1 -0.1625446E-01  0.1260660E+00 -0.4996232E-03 -0.1107397E+00  0.8588241E+00 -0.5001579E+00  0.9414443E-05
    1 -0.2429809E-01  0.1247656E+00 -0.4996202E-03 -0.1655281E+00  0.8499634E+00 -0.5001627E+00  0.9414406E-05
    1 -0.3224190E-01  0.1229525E+00 -0.4996214E-03 -0.2196510E+00  0.8376149E+00 -0.5001547E+00  0.9414471E-05
    1 -0.4005330E-01  0.1206341E+00 -0.4996242E-03 -0.2728535E+00  0.8218108E+00 -0.5001779E+00  0.9414574E-05
    1 -0.4770003E-01  0.1178201E+00 -0.4996175E-03 -0.3249533E+00  0.8026427E+00 -0.5001700E+00  0.9414589E-05
    1 -0.5515082E-01  0.1145218E+00 -0.4996241E-03 -0.3757216E+00  0.7801756E+00 -0.5001591E+00  0.9414418E-05
    1 -0.6237488E-01  0.1107530E+00 -0.4996207E-03 -0.4249172E+00  0.7544979E+00 -0.5001783E+00  0.9414539E-05
    1 -0.6934272E-01  0.1065291E+00 -0.4996215E-03 -0.4723928E+00  0.7257222E+00 -0.5001723E+00  0.9414625E-05
    1 -0.7602560E-01  0.1018674E+00 -0.4996198E-03 -0.5179269E+00  0.6939701E+00 -0.5001571E+00  0.9414455E-05
    1 -0.8239609E-01  0.9678711E-01 -0.4996232E-03 -0.5613149E+00  0.6593603E+00 -0.5001695E+00  0.9414501E-05
    1 -0.8842798E-01  0.9130913E-01 -0.4996236E-03 -0.6023967E+00  0.6220199E+00 -0.5002092E+00  0.9414813E-05
    1 -0.9409644E-01  0.8545595E-01 -0.4996169E-03 -0.6410208E+00  0.5821598E+00 -0.5001824E+00  0.9414597E-05
    1 -0.9937832E-01  0.7925156E-01 -0.4996234E-03 -0.6770182E+00  0.5398995E+00 -0.5001547E+00  0.9414436E-05
    1 -0.1042518E+00  0.7272151E-01 -0.4996233E-03 -0.7101959E+00  0.4954103E+00 -0.5001904E+00  0.9414726E-05
    1 -0.1086969E+00  0.6589270E-01 -0.4996205E-03 -0.7404760E+00  0.4488724E+00 -0.5002088E+00  0.9414693E-05
    1 -0.1126953E+00  0.5879309E-01 -0.4996191E-03 -0.7677227E+00  0.4005189E+00 -0.5001864E+00  0.9414662E-05
    1 -0.1162307E+00  0.5145183E-01 -0.4996232E-03 -0.7918063E+00  0.3505166E+00 -0.5001808E+00  0.9414676E-05
    1 -0.1192884E+00  0.4389923E-01 -0.4996208E-03 -0.8126351E+00  0.2990580E+00 -0.5001885E+00  0.9414560E-05
    1 -0.1218559E+00  0.3616624E-01 -0.4996205E-03 -0.8301325E+00  0.2463787E+00 -0.5001775E+00  0.9414582E-05
    1 -0.1239228E+00  0.2828456E-01 -0.4996235E-03 -0.8442077E+00  0.1926833E+00 -0.5001865E+00  0.9414686E-05
    1 -0.1254803E+00  0.2028669E-01 -0.4996205E-03 -0.8548115E+00  0.1381934E+00 -0.5001999E+00  0.9414707E-05
    1 -0.1265222E+00  0.1220547E-01 -0.4996185E-03 -0.8619248E+00  0.8315276E-01 -0.5001714E+00  0.9414569E-05
    1 -0.1270443E+00  0.4074051E-02 -0.4996224E-03 -0.8654907E+00  0.2775520E-01 -0.5001554E+00  0.9414429E-05
    1  0.1233481E+00  0.3955528E-02 -0.5953516E-02  0.8233381E+00  0.2640509E-01 -0.5669366E+00  0.9606018E-04
    1  0.1228412E+00  0.1185034E-01 -0.5953517E-02  0.8199561E+00  0.7910121E-01 -0.5669346E+00  0.9606063E-04
    1  0.1218295E+00  0.1969646E-01 -0.5953513E-02  0.8132053E+00  0.1314707E+00 -0.5669326E+00  0.9605938E-04
    1  0.1203173E+00  0.2746162E-01 -0.5953511E-02  0.8031095E+00  0.1833017E+00 -0.5669352E+00  0.9606037E-04
    1  0.1183106E+00  0.3511398E-01 -0.5953521E-02  0.7897142E+00  0.2343829E+00 -0.5669358E+00  0.9606071E-04
    1  0.1158178E+00  0.4262200E-01 -0.5953521E-02  0.7730736E+00  0.2845010E+00 -0.5669360E+00  0.9605940E-04
    1  0.1128490E+00  0.4995489E-01 -0.5953508E-02  0.7532607E+00  0.3334444E+00 -0.5669330E+00  0.9606102E-04
    1  0.1094165E+00  0.5708255E-01 -0.5953517E-02  0.7303466E+00  0.3810279E+00 -0.5669319E+00  0.9605990E-04
    1  0.1055344E+00  0.6397558E-01 -0.5953522E-02  0.7044386E+00  0.4270270E+00 -0.5669340E+00  0.9605947E-04
    1  0.1012187E+00  0.7060575E-01 -0.5953521E-02  0.6756259E+00  0.4712915E+00 -0.5669339E+00  0.9606055E-04
    1  0.9648697E-01  0.7694581E-01 -0.5953511E-02  0.6440447E+00  0.5136054E+00 -0.5669356E+00  0.9606006E-04
    1  0.9135878E-01  0.8296963E-01 -0.5953515E-02  0.6098102E+00  0.5538192E+00 -0.5669354E+00  0.9606025E-04
    1  0.8585520E-01  0.8865257E-01 -0.5953513E-02  0.5730814E+00  0.5917465E+00 -0.5669336E+00  0.9606054E-04
    1  0.7999881E-01  0.9397119E-01 -0.5953517E-02  0.5339865E+00  0.6272519E+00 -0.5669334E+00  0.9605952E-04
    1  0.7381371E-01  0.9890364E-01 -0.5953521E-02  0.4927020E+00  0.6601752E+00 -0.5669333E+00  0.9606006E-04
    1  0.6732526E-01  0.1034297E+00 -0.5953506E-02  0.4493885E+00  0.6903874E+00 -0.5669349E+00  0.9606058E-04
    1  0.6056015E-01  0.1075307E+00 -0.5953518E-02  0.4042327E+00  0.7177615E+00 -0.5669342E+00  0.9605974E-04
    1  0.5354623E-01  0.1111899E+00 -0.5953524E-02  0.3574224E+00  0.7421821E+00 -0.5669348E+00  0.9606000E-04
    1  0.4631226E-01  0.1143921E+00 -0.5953510E-02  0.3091277E+00  0.7635596E+00 -0.5669363E+00  0.9606060E-04
    1  0.3888795E-01  0.1171243E+00 -0.5953517E-02  0.2595722E+00  0.7817972E+00 -0.5669349E+00  0.9606007E-04
    1  0.3130386E-01  0.1193752E+00 -0.5953512E-02  0.2089514E+00  0.7968204E+00 -0.5669361E+00  0.9606052E-04
    1  0.2359117E-01  0.1211356E+00 -0.5953521E-02  0.1574701E+00  0.8085715E+00 -0.5669350E+00  0.9605953E-04
    1  0.1578154E-01  0.1223983E+00 -0.5953515E-02  0.1053458E+00  0.8169992E+00 -0.5669343E+00  0.9606007E-04
    1  0.7907025E-02  0.1231579E+00 -0.5953516E-02  0.5277343E-01  0.8220694E+00 -0.5669363E+00  0.9606062E-04
    1  0.5820766E-10  0.1234114E+00 -0.5953516E-02  0.0000000E+00  0.8237613E+00 -0.5669369E+00  0.9606059E-04
    1 -0.7907024E-02  0.1231579E+00 -0.5953515E-02 -0.5277347E-01  0.8220694E+00 -0.5669363E+00  0.9606061E-04
    1 -0.1578154E-01  0.1223983E+00 -0.5953510E-02 -0.1053458E+00  0.8169992E+00 -0.5669343E+00  0.9606007E-04
    1 -0.2359117E-01  0.1211356E+00 -0.5953527E-02 -0.1574701E+00  0.8085715E+00 -0.5669350E+00  0.9605953E-04
    1 -0.3130387E-01  0.1193752E+00 -0.5953510E-02 -0.2089513E+00  0.7968204E+00 -0.5669361E+00  0.9606052E-04
    1 -0.3888796E-01  0.1171243E+00 -0.5953516E-02 -0.2595722E+00  0.7817972E+00 -0.5669349E+00  0.9606007E-04
    1 -0.4631227E-01  0.1143922E+00 -0.5953514E-02 -0.3091277E+00  0.7635597E+00 -0.5669363E+00  0.9606060E-04
    1 -0.5354622E-01  0.1111899E+00 -0.5953516E-02 -0.3574223E+00  0.7421821E+00 -0.5669348E+00  0.9606000E-04
    1 -0.6056016E-01  0.1075307E+00 -0.5953525E-02 -0.4042327E+00  0.7177615E+00 -0.5669342E+00  0.9605974E-04
    1 -0.6732525E-01  0.1034297E+00 -0.5953502E-02 -0.4493885E+00  0.6903874E+00 -0.5669349E+00  0.9606058E-04
    1 -0.7381371E-01  0.9890364E-01 -0.5953521E-02 -0.4927020E+00  0.6601752E+00 -0.5669332E+00  0.9606006E-04
    1 -0.7999881E-01  0.9397118E-01 -0.5953518E-02 -0.5339865E+00  0.6272519E+00 -0.5669334E+00  0.9605952E-04
    1 -0.8585520E-01  0.8865256E-01 -0.5953512E-02 -0.5730814E+00  0.5917466E+00 -0.5669336E+00  0.9606054E-04
    1 -0.9135879E-01  0.8296964E-01 -0.5953521E-02 -0.6098102E+00  0.5538192E+00 -0.5669354E+00  0.9606024E-04
    1 -0.9648696E-01  0.7694580E-01 -0.5953507E-02 -0.6440446E+00  0.5136054E+00 -0.5669356E+00  0.9606006E-04
    1 -0.1012187E+00  0.7060575E-01 -0.5953520E-02 -0.6756259E+00  0.4712915E+00 -0.5669339E+00  0.9606057E-04
    1 -0.1055344E+00  0.6397559E-01 -0.5953523E-02 -0.7044386E+00  0.4270271E+00 -0.5669340E+00  0.9605946E-04
    1 -0.1094165E+00  0.5708255E-01 -0.5953511E-02 -0.7303466E+00  0.3810279E+00 -0.5669319E+00  0.9605990E-04
    1 -0.1128490E+00  0.4995491E-01 -0.5953518E-02 -0.7532607E+00  0.3334444E+00 -0.5669331E+00  0.9606102E-04
    1 -0.1158178E+00  0.4262200E-01 -0.5953520E-02 -0.7730737E+00  0.2845009E+00 -0.5669359E+00  0.9605940E-04
    1 -0.1183106E+00  0.3511398E-01 -0.5953523E-02 -0.7897142E+00  0.2343829E+00 -0.5669358E+00  0.9606071E-04
    1 -0.1203173E+00  0.2746162E-01 -0.5953508E-02 -0.8031095E+00  0.1833017E+00 -0.5669352E+00  0.9606038E-04
    1 -0.1218295E+00  0.1969646E-01 -0.5953508E-02 -0.8132053E+00  0.1314707E+00 -0.5669326E+00  0.9605939E-04
    1 -0.1228412E+00  0.1185034E-01 -0.5953526E-02 -0.8199561E+00  0.7910122E-01 -0.5669347E+00  0.9606062E-04
    1 -0.1233481E+00  0.3955527E-02 -0.5953511E-02 -0.8233381E+00  0.2640509E-01 -0.5669367E+00  0.9606018E-04
    1  0.1158309E+00  0.3714470E-02 -0.1594107E-01  0.7731602E+00  0.2479521E-01 -0.6337259E+00  0.9604542E-04
    1  0.1153549E+00  0.1112816E-01 -0.1594106E-01  0.7699835E+00  0.7427732E-01 -0.6337258E+00  0.9604557E-04
    1  0.1144049E+00  0.1849611E-01 -0.1594108E-01  0.7636395E+00  0.1234626E+00 -0.6337285E+00  0.9604533E-04
    1  0.1129848E+00  0.2578802E-01 -0.1594106E-01  0.7541625E+00  0.1721280E+00 -0.6337277E+00  0.9604493E-04
    1  0.1111005E+00  0.3297401E-01 -0.1594107E-01  0.7415852E+00  0.2200969E+00 -0.6337260E+00  0.9604629E-04
    1  0.1087595E+00  0.4002450E-01 -0.1594107E-01  0.7259558E+00  0.2671660E+00 -0.6337275E+00  0.9604509E-04
    1  0.1059717E+00  0.4691052E-01 -0.1594106E-01  0.7073522E+00  0.3131148E+00 -0.6337287E+00  0.9604621E-04
    1  0.1027484E+00  0.5360378E-01 -0.1594106E-01  0.6858323E+00  0.3578050E+00 -0.6337269E+00  0.9604536E-04
    1  0.9910285E-01  0.6007675E-01 -0.1594107E-01  0.6615041E+00  0.4010028E+00 -0.6337263E+00  0.9604549E-04
    1  0.9505013E-01  0.6630288E-01 -0.1594105E-01  0.6344493E+00  0.4425662E+00 -0.6337265E+00  0.9604551E-04
    1  0.9060676E-01  0.7225651E-01 -0.1594108E-01  0.6047872E+00  0.4823086E+00 -0.6337277E+00  0.9604535E-04
    1  0.8579112E-01  0.7791324E-01 -0.1594106E-01  0.5726492E+00  0.5200596E+00 -0.6337277E+00  0.9604574E-04
    1  0.8062294E-01  0.8324984E-01 -0.1594106E-01  0.5381502E+00  0.5556833E+00 -0.6337274E+00  0.9604565E-04
    1  0.7512348E-01  0.8824432E-01 -0.1594106E-01  0.5014411E+00  0.5890200E+00 -0.6337289E+00  0.9604517E-04
    1  0.6931530E-01  0.9287619E-01 -0.1594107E-01  0.4626742E+00  0.6199372E+00 -0.6337275E+00  0.9604603E-04
    1  0.6322229E-01  0.9712641E-01 -0.1594106E-01  0.4220006E+00  0.6483119E+00 -0.6337250E+00  0.9604483E-04
    1  0.5686950E-01  0.1009775E+00 -0.1594107E-01  0.3795975E+00  0.6740164E+00 -0.6337252E+00  0.9604511E-04
    1  0.5028297E-01  0.1044136E+00 -0.1594108E-01  0.3356304E+00  0.6969511E+00 -0.6337281E+00  0.9604619E-04
    1  0.4348984E-01  0.1074208E+00 -0.1594106E-01  0.2902950E+00  0.7170208E+00 -0.6337271E+00  0.9604535E-04
    1  0.3651804E-01  0.1099865E+00 -0.1594106E-01  0.2437508E+00  0.7341511E+00 -0.6337253E+00  0.9604493E-04
    1  0.2939615E-01  0.1121002E+00 -0.1594107E-01  0.1962191E+00  0.7482590E+00 -0.6337245E+00  0.9604561E-04
    1  0.2215345E-01  0.1137533E+00 -0.1594107E-01  0.1478733E+00  0.7592936E+00 -0.6337245E+00  0.9604520E-04
    1  0.1481975E-01  0.1149390E+00 -0.1594107E-01  0.9892190E-01  0.7672061E+00 -0.6337265E+00  0.9604525E-04
    1  0.7425145E-02  0.1156523E+00 -0.1594106E-01  0.4955985E-01  0.7719691E+00 -0.6337250E+00  0.9604529E-04
    1  0.0000000E+00  0.1158904E+00 -0.1594107E-01  0.0000000E+00  0.7735597E+00 -0.6337234E+00  0.9604559E-04
    1 -0.7425146E-02  0.1156523E+00 -0.1594106E-01 -0.4955985E-01  0.7719691E+00 -0.6337250E+00  0.9604528E-04
    1 -0.1481975E-01  0.1149390E+00 -0.1594107E-01 -0.9892190E-01  0.7672061E+00 -0.6337265E+00  0.9604525E-04
    1 -0.2215345E-01  0.1137533E+00 -0.1594106E-01 -0.1478733E+00  0.7592936E+00 -0.6337245E+00  0.9604520E-04
    1 -0.2939615E-01  0.1121002E+00 -0.1594108E-01 -0.1962191E+00  0.7482590E+00 -0.6337243E+00  0.9604561E-04
    1 -0.3651804E-01  0.1099865E+00 -0.1594106E-01 -0.2437508E+00  0.7341511E+00 -0.6337253E+00  0.9604494E-04
    1 -0.4348985E-01  0.1074208E+00 -0.1594106E-01 -0.2902950E+00  0.7170208E+00 -0.6337271E+00  0.9604535E-04
    1 -0.5028297E-01  0.1044136E+00 -0.1594107E-01 -0.3356304E+00  0.6969511E+00 -0.6337281E+00  0.9604618E-04
    1 -0.5686949E-01  0.1009775E+00 -0.1594106E-01 -0.3795975E+00  0.6740164E+00 -0.6337252E+00  0.9604511E-04
    1 -0.6322230E-01  0.9712642E-01 -0.1594107E-01 -0.4220006E+00  0.6483119E+00 -0.6337250E+00  0.9604482E-04
    1 -0.6931531E-01  0.9287620E-01 -0.1594107E-01 -0.4626742E+00  0.6199372E+00 -0.6337275E+00  0.9604603E-04
    1 -0.7512347E-01  0.8824432E-01 -0.1594106E-01 -0.5014411E+00  0.5890200E+00 -0.6337289E+00  0.9604517E-04
    1 -0.8062294E-01  0.8324984E-01 -0.1594106E-01 -0.5381502E+00  0.5556833E+00 -0.6337274E+00  0.9604565E-04
    1 -0.8579112E-01  0.7791324E-01 -0.1594107E-01 -0.5726492E+00  0.5200596E+00 -0.6337277E+00  0.9604574E-04
    1 -0.9060676E-01  0.7225649E-01 -0.1594107E-01 -0.6047872E+00  0.4823086E+00 -0.6337277E+00  0.9604535E-04
    1 -0.9505014E-01  0.6630288E-01 -0.1594106E-01 -0.6344493E+00  0.4425662E+00 -0.6337265E+00  0.9604551E-04
    1 -0.9910285E-01  0.6007675E-01 -0.1594107E-01 -0.6615041E+00  0.4010028E+00 -0.6337263E+00  0.9604549E-04
    1 -0.1027484E+00  0.5360379E-01 -0.1594107E-01 -0.6858323E+00  0.3578049E+00 -0.6337269E+00  0.9604536E-04
    1 -0.1059717E+00  0.4691052E-01 -0.1594106E-01 -0.7073522E+00  0.3131148E+00 -0.6337287E+00  0.9604621E-04
    1 -0.1087595E+00  0.4002450E-01 -0.1594106E-01 -0.7259558E+00  0.2671660E+00 -0.6337274E+00  0.9604508E-04
    1 -0.1111005E+00  0.3297401E-01 -0.1594107E-01 -0.7415853E+00  0.2200970E+00 -0.6337261E+00  0.9604628E-04
    1 -0.1129848E+00  0.2578802E-01 -0.1594106E-01 -0.7541626E+00  0.1721279E+00 -0.6337277E+00  0.9604493E-04
    1 -0.1144049E+00  0.1849611E-01 -0.1594108E-01 -0.7636394E+00  0.1234626E+00 -0.6337284E+00  0.9604534E-04
    1 -0.1153549E+00  0.1112816E-01 -0.1594105E-01 -0.7699835E+00  0.7427731E-01 -0.6337257E+00  0.9604557E-04
    1 -0.1158309E+00  0.3714470E-02 -0.1594107E-01 -0.7731602E+00  0.2479521E-01 -0.6337259E+00  0.9604543E-04
    1  0.1068573E+00  0.3426710E-02 -0.2592342E-01  0.7132059E+00  0.2286872E-01 -0.7005814E+00  0.9602556E-04
    1  0.1064181E+00  0.1026605E-01 -0.2592343E-01  0.7102738E+00  0.6852351E-01 -0.7005824E+00  0.9602564E-04
    1  0.1055417E+00  0.1706317E-01 -0.2592340E-01  0.7044254E+00  0.1138869E+00 -0.7005817E+00  0.9602508E-04
    1  0.1042316E+00  0.2379018E-01 -0.2592344E-01  0.6956820E+00  0.1587814E+00 -0.7005818E+00  0.9602518E-04
    1  0.1024933E+00  0.3041947E-01 -0.2592341E-01  0.6840784E+00  0.2030278E+00 -0.7005830E+00  0.9602630E-04
    1  0.1003337E+00  0.3692374E-01 -0.2592342E-01  0.6696620E+00  0.2464507E+00 -0.7005817E+00  0.9602529E-04
    1  0.9776184E-01  0.4327627E-01 -0.2592341E-01  0.6525022E+00  0.2888360E+00 -0.7005815E+00  0.9602495E-04
    1  0.9478825E-01  0.4945097E-01 -0.2592343E-01  0.6326509E+00  0.3300563E+00 -0.7005825E+00  0.9602613E-04
    1  0.9142517E-01  0.5542250E-01 -0.2592341E-01  0.6102080E+00  0.3699072E+00 -0.7005818E+00  0.9602542E-04
    1  0.8768642E-01  0.6116624E-01 -0.2592342E-01  0.5852501E+00  0.4082485E+00 -0.7005822E+00  0.9602479E-04
    1  0.8358730E-01  0.6665862E-01 -0.2592342E-01  0.5578926E+00  0.4449073E+00 -0.7005808E+00  0.9602567E-04
    1  0.7914474E-01  0.7187715E-01 -0.2592342E-01  0.5282466E+00  0.4797332E+00 -0.7005794E+00  0.9602523E-04
    1  0.7437693E-01  0.7680029E-01 -0.2592342E-01  0.4964151E+00  0.5125984E+00 -0.7005818E+00  0.9602544E-04
    1  0.6930348E-01  0.8140782E-01 -0.2592343E-01  0.4625590E+00  0.5433444E+00 -0.7005827E+00  0.9602566E-04
    1  0.6394531E-01  0.8568090E-01 -0.2592341E-01  0.4267974E+00  0.5718635E+00 -0.7005827E+00  0.9602560E-04
    1  0.5832434E-01  0.8960184E-01 -0.2592342E-01  0.3892776E+00  0.5980351E+00 -0.7005833E+00  0.9602528E-04
    1  0.5246370E-01  0.9315456E-01 -0.2592343E-01  0.3501561E+00  0.6217501E+00 -0.7005838E+00  0.9602572E-04
    1  0.4638746E-01  0.9632452E-01 -0.2592340E-01  0.3096098E+00  0.6429058E+00 -0.7005811E+00  0.9602572E-04
    1  0.4012061E-01  0.9909869E-01 -0.2592343E-01  0.2677845E+00  0.6614217E+00 -0.7005803E+00  0.9602499E-04
    1  0.3368891E-01  0.1014656E+00 -0.2592343E-01  0.2248464E+00  0.6772206E+00 -0.7005829E+00  0.9602556E-04
    1  0.2711878E-01  0.1034156E+00 -0.2592341E-01  0.1810038E+00  0.6902319E+00 -0.7005838E+00  0.9602570E-04
    1  0.2043720E-01  0.1049406E+00 -0.2592342E-01  0.1364062E+00  0.7004116E+00 -0.7005834E+00  0.9602569E-04
    1  0.1367164E-01  0.1060344E+00 -0.2592342E-01  0.9125167E-01  0.7077135E+00 -0.7005817E+00  0.9602543E-04
    1  0.6849891E-02  0.1066925E+00 -0.2592343E-01  0.4571722E-01  0.7121056E+00 -0.7005823E+00  0.9602579E-04
    1 -0.5820766E-10  0.1069122E+00 -0.2592341E-01  0.0000000E+00  0.7135707E+00 -0.7005833E+00  0.9602553E-04
    1 -0.6849891E-02  0.1066925E+00 -0.2592343E-01 -0.4571719E-01  0.7121056E+00 -0.7005824E+00  0.9602579E-04
    1 -0.1367164E-01  0.1060344E+00 -0.2592342E-01 -0.9125163E-01  0.7077135E+00 -0.7005816E+00  0.9602543E-04
    1 -0.2043720E-01  0.1049406E+00 -0.2592342E-01 -0.1364061E+00  0.7004116E+00 -0.7005834E+00  0.9602569E-04
    1 -0.2711878E-01  0.1034156E+00 -0.2592340E-01 -0.1810038E+00  0.6902319E+00 -0.7005838E+00  0.9602570E-04
    1 -0.3368891E-01  0.1014656E+00 -0.2592343E-01 -0.2248464E+00  0.6772206E+00 -0.7005829E+00  0.9602556E-04
    1 -0.4012061E-01  0.9909869E-01 -0.2592342E-01 -0.2677845E+00  0.6614217E+00 -0.7005803E+00  0.9602499E-04
    1 -0.4638746E-01  0.9632453E-01 -0.2592342E-01 -0.3096098E+00  0.6429058E+00 -0.7005811E+00  0.9602571E-04
    1 -0.5246370E-01  0.9315456E-01 -0.2592343E-01 -0.3501561E+00  0.6217501E+00 -0.7005838E+00  0.9602572E-04
    1 -0.5832434E-01  0.8960183E-01 -0.2592342E-01 -0.3892776E+00  0.5980351E+00 -0.7005833E+00  0.9602528E-04
    1 -0.6394531E-01  0.8568089E-01 -0.2592341E-01 -0.4267974E+00  0.5718635E+00 -0.7005827E+00  0.9602561E-04
    1 -0.6930348E-01  0.8140782E-01 -0.2592343E-01 -0.4625590E+00  0.5433444E+00 -0.7005827E+00  0.9602566E-04
    1 -0.7437693E-01  0.7680029E-01 -0.2592342E-01 -0.4964151E+00  0.5125984E+00 -0.7005818E+00  0.9602544E-04
    1 -0.7914473E-01  0.7187715E-01 -0.2592342E-01 -0.5282466E+00  0.4797332E+00 -0.7005794E+00  0.9602524E-04
    1 -0.8358732E-01  0.6665863E-01 -0.2592343E-01 -0.5578925E+00  0.4449073E+00 -0.7005807E+00  0.9602567E-04
    1 -0.8768641E-01  0.6116624E-01 -0.2592342E-01 -0.5852501E+00  0.4082485E+00 -0.7005822E+00  0.9602478E-04
    1 -0.9142518E-01  0.5542251E-01 -0.2592342E-01 -0.6102080E+00  0.3699072E+00 -0.7005818E+00  0.9602541E-04
    1 -0.9478825E-01  0.4945097E-01 -0.2592343E-01 -0.6326509E+00  0.3300562E+00 -0.7005824E+00  0.9602612E-04
    1 -0.9776184E-01  0.4327627E-01 -0.2592341E-01 -0.6525023E+00  0.2888359E+00 -0.7005816E+00  0.9602494E-04
    1 -0.1003337E+00  0.3692374E-01 -0.2592342E-01 -0.6696620E+00  0.2464507E+00 -0.7005817E+00  0.9602529E-04
    1 -0.1024933E+00  0.3041947E-01 -0.2592342E-01 -0.6840784E+00  0.2030278E+00 -0.7005830E+00  0.9602630E-04
    1 -0.1042316E+00  0.2379018E-01 -0.2592343E-01 -0.6956820E+00  0.1587814E+00 -0.7005818E+00  0.9602518E-04
    1 -0.1055417E+00  0.1706318E-01 -0.2592341E-01 -0.7044254E+00  0.1138869E+00 -0.7005817E+00  0.9602508E-04
    1 -0.1064181E+00  0.1026605E-01 -0.2592343E-01 -0.7102738E+00  0.6852355E-01 -0.7005824E+00  0.9602564E-04
    1 -0.1068573E+00  0.3426710E-02 -0.2592342E-01 -0.7132059E+00  0.2286876E-01 -0.7005814E+00  0.9602556E-04
    1  0.9601608E-01  0.3079042E-02 -0.3589599E-01  0.6406665E+00  0.2054287E-01 -0.7675444E+00  0.9599535E-04
    1  0.9562154E-01  0.9224485E-02 -0.3589598E-01  0.6380339E+00  0.6155505E-01 -0.7675439E+00  0.9599570E-04
    1  0.9483400E-01  0.1533202E-01 -0.3589602E-01  0.6327798E+00  0.1023017E+00 -0.7675442E+00  0.9599548E-04
    1  0.9365686E-01  0.2137657E-01 -0.3589598E-01  0.6249239E+00  0.1426365E+00 -0.7675447E+00  0.9599570E-04
    1  0.9209482E-01  0.2733327E-01 -0.3589599E-01  0.6145019E+00  0.1823783E+00 -0.7675452E+00  0.9599567E-04
    1  0.9015435E-01  0.3317764E-01 -0.3589599E-01  0.6015529E+00  0.2213799E+00 -0.7675447E+00  0.9599570E-04
    1  0.8784343E-01  0.3888566E-01 -0.3589600E-01  0.5861359E+00  0.2594614E+00 -0.7675444E+00  0.9599483E-04
    1  0.8517154E-01  0.4443393E-01 -0.3589599E-01  0.5683070E+00  0.2964848E+00 -0.7675440E+00  0.9599656E-04
    1  0.8214965E-01  0.4979962E-01 -0.3589600E-01  0.5481420E+00  0.3322877E+00 -0.7675449E+00  0.9599519E-04
    1  0.7879019E-01  0.5496059E-01 -0.3589600E-01  0.5257236E+00  0.3667258E+00 -0.7675459E+00  0.9599533E-04
    1  0.7510697E-01  0.5989580E-01 -0.3589600E-01  0.5011533E+00  0.3996497E+00 -0.7675452E+00  0.9599663E-04
    1  0.7111513E-01  0.6458490E-01 -0.3589599E-01  0.4745122E+00  0.4309424E+00 -0.7675459E+00  0.9599541E-04
    1  0.6683104E-01  0.6900851E-01 -0.3589598E-01  0.4459277E+00  0.4604599E+00 -0.7675449E+00  0.9599535E-04
    1  0.6227233E-01  0.7314862E-01 -0.3589598E-01  0.4155131E+00  0.4880836E+00 -0.7675437E+00  0.9599587E-04
    1  0.5745774E-01  0.7698813E-01 -0.3589600E-01  0.3833879E+00  0.5137017E+00 -0.7675444E+00  0.9599545E-04
    1  0.5240704E-01  0.8051129E-01 -0.3589600E-01  0.3496870E+00  0.5372104E+00 -0.7675441E+00  0.9599591E-04
    1  0.4714100E-01  0.8370361E-01 -0.3589597E-01  0.3145435E+00  0.5585158E+00 -0.7675432E+00  0.9599463E-04
    1  0.4168123E-01  0.8655193E-01 -0.3589601E-01  0.2781216E+00  0.5775152E+00 -0.7675445E+00  0.9599574E-04
    1  0.3605019E-01  0.8904465E-01 -0.3589600E-01  0.2405459E+00  0.5941482E+00 -0.7675452E+00  0.9599629E-04
    1  0.3027100E-01  0.9117146E-01 -0.3589597E-01  0.2019787E+00  0.6083431E+00 -0.7675436E+00  0.9599517E-04
    1  0.2436744E-01  0.9292357E-01 -0.3589600E-01  0.1625920E+00  0.6200331E+00 -0.7675433E+00  0.9599490E-04
    1  0.1836376E-01  0.9429389E-01 -0.3589600E-01  0.1225372E+00  0.6291754E+00 -0.7675436E+00  0.9599550E-04
    1  0.1228460E-01  0.9527676E-01 -0.3589599E-01  0.8196723E-01  0.6357332E+00 -0.7675446E+00  0.9599549E-04
    1  0.6154931E-02  0.9586805E-01 -0.3589599E-01  0.4106966E-01  0.6396787E+00 -0.7675445E+00  0.9599666E-04
    1  0.1164153E-09  0.9606545E-01 -0.3589599E-01  0.0000000E+00  0.6409974E+00 -0.7675430E+00  0.9599416E-04
    1 -0.6154933E-02  0.9586807E-01 -0.3589600E-01 -0.4106966E-01  0.6396787E+00 -0.7675444E+00  0.9599664E-04
    1 -0.1228460E-01  0.9527674E-01 -0.3589598E-01 -0.8196726E-01  0.6357331E+00 -0.7675446E+00  0.9599549E-04
    1 -0.1836376E-01  0.9429389E-01 -0.3589600E-01 -0.1225372E+00  0.6291754E+00 -0.7675436E+00  0.9599550E-04
    1 -0.2436744E-01  0.9292357E-01 -0.3589600E-01 -0.1625920E+00  0.6200331E+00 -0.7675433E+00  0.9599490E-04
    1 -0.3027100E-01  0.9117147E-01 -0.3589597E-01 -0.2019788E+00  0.6083432E+00 -0.7675436E+00  0.9599516E-04
    1 -0.3605019E-01  0.8904466E-01 -0.3589601E-01 -0.2405459E+00  0.5941482E+00 -0.7675452E+00  0.9599629E-04
    1 -0.4168123E-01  0.8655191E-01 -0.3589600E-01 -0.2781216E+00  0.5775152E+00 -0.7675445E+00  0.9599574E-04
    1 -0.4714100E-01  0.8370361E-01 -0.3589597E-01 -0.3145435E+00  0.5585158E+00 -0.7675431E+00  0.9599463E-04
    1 -0.5240704E-01  0.8051129E-01 -0.3589600E-01 -0.3496870E+00  0.5372104E+00 -0.7675441E+00  0.9599591E-04
    1 -0.5745773E-01  0.7698812E-01 -0.3589600E-01 -0.3833879E+00  0.5137017E+00 -0.7675444E+00  0.9599545E-04
    1 -0.6227234E-01  0.7314862E-01 -0.3589598E-01 -0.4155132E+00  0.4880836E+00 -0.7675436E+00  0.9599587E-04
    1 -0.6683106E-01  0.6900853E-01 -0.3589600E-01 -0.4459277E+00  0.4604599E+00 -0.7675449E+00  0.9599535E-04
    1 -0.7111512E-01  0.6458488E-01 -0.3589598E-01 -0.4745122E+00  0.4309425E+00 -0.7675459E+00  0.9599541E-04
    1 -0.7510698E-01  0.5989580E-01 -0.3589600E-01 -0.5011533E+00  0.3996497E+00 -0.7675452E+00  0.9599663E-04
    1 -0.7879019E-01  0.5496060E-01 -0.3589600E-01 -0.5257236E+00  0.3667258E+00 -0.7675459E+00  0.9599533E-04
    1 -0.8214964E-01  0.4979961E-01 -0.3589599E-01 -0.5481420E+00  0.3322878E+00 -0.7675449E+00  0.9599519E-04
    1 -0.8517156E-01  0.4443393E-01 -0.3589599E-01 -0.5683071E+00  0.2964848E+00 -0.7675440E+00  0.9599656E-04
    1 -0.8784342E-01  0.3888566E-01 -0.3589600E-01 -0.5861359E+00  0.2594614E+00 -0.7675444E+00  0.9599482E-04
    1 -0.9015436E-01  0.3317764E-01 -0.3589600E-01 -0.6015529E+00  0.2213799E+00 -0.7675447E+00  0.9599570E-04
    1 -0.9209483E-01  0.2733326E-01 -0.3589598E-01 -0.6145019E+00  0.1823783E+00 -0.7675452E+00  0.9599567E-04
    1 -0.9365687E-01  0.2137657E-01 -0.3589598E-01 -0.6249239E+00  0.1426366E+00 -0.7675447E+00  0.9599570E-04
    1 -0.9483401E-01  0.1533202E-01 -0.3589601E-01 -0.6327798E+00  0.1023017E+00 -0.7675442E+00  0.9599548E-04
    1 -0.9562153E-01  0.9224484E-02 -0.3589598E-01 -0.6380339E+00  0.6155505E-01 -0.7675439E+00  0.9599570E-04
    1 -0.9601608E-01  0.3079042E-02 -0.3589599E-01 -0.6406665E+00  0.2054290E-01 -0.7675443E+00  0.9599535E-04
    1  0.8256424E-01  0.2647675E-02 -0.4584665E-01  0.5503675E+00  0.1764600E-01 -0.8347360E+00  0.9594405E-04
    1  0.8222499E-01  0.7932145E-02 -0.4584665E-01  0.5481071E+00  0.5287454E-01 -0.8347352E+00  0.9594381E-04
    1  0.8154787E-01  0.1318403E-01 -0.4584663E-01  0.5435941E+00  0.8788478E-01 -0.8347346E+00  0.9594383E-04
    1  0.8053555E-01  0.1838173E-01 -0.4584666E-01  0.5368454E+00  0.1225352E+00 -0.8347347E+00  0.9594380E-04
    1  0.7919237E-01  0.2350387E-01 -0.4584664E-01  0.5278913E+00  0.1566766E+00 -0.8347353E+00  0.9594304E-04
    1  0.7752377E-01  0.2852944E-01 -0.4584665E-01  0.5167697E+00  0.1901731E+00 -0.8347355E+00  0.9594407E-04
    1  0.7553659E-01  0.3343780E-01 -0.4584666E-01  0.5035221E+00  0.2228951E+00 -0.8347354E+00  0.9594412E-04
    1  0.7323906E-01  0.3820877E-01 -0.4584663E-01  0.4882068E+00  0.2546954E+00 -0.8347360E+00  0.9594397E-04
    1  0.7064052E-01  0.4282268E-01 -0.4584665E-01  0.4708850E+00  0.2854542E+00 -0.8347355E+00  0.9594377E-04
    1  0.6775172E-01  0.4726065E-01 -0.4584666E-01  0.4516294E+00  0.3150385E+00 -0.8347345E+00  0.9594367E-04
    1  0.6458452E-01  0.5150446E-01 -0.4584664E-01  0.4305193E+00  0.3433232E+00 -0.8347349E+00  0.9594463E-04
    1  0.6115188E-01  0.5553656E-01 -0.4584665E-01  0.4076312E+00  0.3702079E+00 -0.8347352E+00  0.9594332E-04
    1  0.5746803E-01  0.5934045E-01 -0.4584665E-01  0.3830809E+00  0.3955573E+00 -0.8347356E+00  0.9594311E-04
    1  0.5354802E-01  0.6290051E-01 -0.4584665E-01  0.3569476E+00  0.4192909E+00 -0.8347357E+00  0.9594411E-04
    1  0.4940795E-01  0.6620213E-01 -0.4584664E-01  0.3293527E+00  0.4412979E+00 -0.8347353E+00  0.9594421E-04
    1  0.4506483E-01  0.6923172E-01 -0.4584665E-01  0.3003971E+00  0.4614950E+00 -0.8347359E+00  0.9594468E-04
    1  0.4053655E-01  0.7197675E-01 -0.4584666E-01  0.2702134E+00  0.4797919E+00 -0.8347362E+00  0.9594266E-04
    1  0.3584172E-01  0.7442605E-01 -0.4584664E-01  0.2389191E+00  0.4961199E+00 -0.8347352E+00  0.9594450E-04
    1  0.3099958E-01  0.7656957E-01 -0.4584663E-01  0.2066418E+00  0.5104075E+00 -0.8347355E+00  0.9594391E-04
    1  0.2603005E-01  0.7839833E-01 -0.4584667E-01  0.1735129E+00  0.5225981E+00 -0.8347362E+00  0.9594367E-04
    1  0.2095357E-01  0.7990501E-01 -0.4584666E-01  0.1396744E+00  0.5326415E+00 -0.8347360E+00  0.9594444E-04
    1  0.1579100E-01  0.8108339E-01 -0.4584663E-01  0.1052652E+00  0.5404949E+00 -0.8347362E+00  0.9594352E-04
    1  0.1056353E-01  0.8192849E-01 -0.4584666E-01  0.7041599E-01  0.5461304E+00 -0.8347355E+00  0.9594411E-04
    1  0.5292618E-02  0.8243701E-01 -0.4584664E-01  0.3528105E-01  0.5495201E+00 -0.8347352E+00  0.9594460E-04
    1  0.0000000E+00  0.8260672E-01 -0.4584665E-01  0.0000000E+00  0.5506501E+00 -0.8347362E+00  0.9594295E-04
    1 -0.5292618E-02  0.8243701E-01 -0.4584663E-01 -0.3528098E-01  0.5495201E+00 -0.8347352E+00  0.9594460E-04
    1 -0.1056353E-01  0.8192849E-01 -0.4584666E-01 -0.7041599E-01  0.5461304E+00 -0.8347354E+00  0.9594410E-04
    1 -0.1579100E-01  0.8108339E-01 -0.4584663E-01 -0.1052652E+00  0.5404949E+00 -0.8347362E+00  0.9594352E-04
    1 -0.2095357E-01  0.7990500E-01 -0.4584666E-01 -0.1396744E+00  0.5326415E+00 -0.8347360E+00  0.9594444E-04
    1 -0.2603004E-01  0.7839832E-01 -0.4584666E-01 -0.1735129E+00  0.5225981E+00 -0.8347362E+00  0.9594369E-04
    1 -0.3099957E-01  0.7656957E-01 -0.4584662E-01 -0.2066418E+00  0.5104075E+00 -0.8347355E+00  0.9594391E-04
    1 -0.3584172E-01  0.7442605E-01 -0.4584665E-01 -0.2389191E+00  0.4961199E+00 -0.8347352E+00  0.9594450E-04
    1 -0.4053655E-01  0.7197675E-01 -0.4584666E-01 -0.2702135E+00  0.4797919E+00 -0.8347362E+00  0.9594267E-04
    1 -0.4506482E-01  0.6923172E-01 -0.4584664E-01 -0.3003971E+00  0.4614949E+00 -0.8347360E+00  0.9594469E-04
    1 -0.4940795E-01  0.6620213E-01 -0.4584664E-01 -0.3293527E+00  0.4412979E+00 -0.8347353E+00  0.9594421E-04
    1 -0.5354802E-01  0.6290051E-01 -0.4584665E-01 -0.3569476E+00  0.4192909E+00 -0.8347357E+00  0.9594411E-04
    1 -0.5746803E-01  0.5934045E-01 -0.4584664E-01 -0.3830809E+00  0.3955573E+00 -0.8347356E+00  0.9594310E-04
    1 -0.6115188E-01  0.5553656E-01 -0.4584665E-01 -0.4076312E+00  0.3702079E+00 -0.8347352E+00  0.9594332E-04
    1 -0.6458452E-01  0.5150446E-01 -0.4584664E-01 -0.4305193E+00  0.3433232E+00 -0.8347349E+00  0.9594463E-04
    1 -0.6775171E-01  0.4726065E-01 -0.4584665E-01 -0.4516294E+00  0.3150386E+00 -0.8347345E+00  0.9594369E-04
    1 -0.7064052E-01  0.4282268E-01 -0.4584666E-01 -0.4708851E+00  0.2854542E+00 -0.8347354E+00  0.9594377E-04
    1 -0.7323906E-01  0.3820877E-01 -0.4584663E-01 -0.4882069E+00  0.2546954E+00 -0.8347361E+00  0.9594398E-04
    1 -0.7553659E-01  0.3343780E-01 -0.4584666E-01 -0.5035221E+00  0.2228951E+00 -0.8347355E+00  0.9594411E-04
    1 -0.7752377E-01  0.2852944E-01 -0.4584665E-01 -0.5167698E+00  0.1901731E+00 -0.8347355E+00  0.9594407E-04
    1 -0.7919237E-01  0.2350387E-01 -0.4584664E-01 -0.5278913E+00  0.1566766E+00 -0.8347354E+00  0.9594303E-04
    1 -0.8053555E-01  0.1838173E-01 -0.4584666E-01 -0.5368454E+00  0.1225353E+00 -0.8347349E+00  0.9594380E-04
    1 -0.8154787E-01  0.1318403E-01 -0.4584663E-01 -0.5435941E+00  0.8788485E-01 -0.8347345E+00  0.9594382E-04
    1 -0.8222499E-01  0.7932144E-02 -0.4584666E-01 -0.5481071E+00  0.5287462E-01 -0.8347352E+00  0.9594382E-04
    1 -0.8256425E-01  0.2647675E-02 -0.4584665E-01 -0.5503675E+00  0.1764600E-01 -0.8347360E+00  0.9594405E-04
    1  0.6484585E-01  0.2079490E-02 -0.5572826E-01  0.4302017E+00  0.1379093E-01 -0.9026275E+00  0.9582599E-04
    1  0.6457941E-01  0.6229923E-02 -0.5572826E-01  0.4284333E+00  0.4133005E-01 -0.9026278E+00  0.9582590E-04
    1  0.6404757E-01  0.1035472E-01 -0.5572826E-01  0.4249052E+00  0.6869298E-01 -0.9026278E+00  0.9582493E-04
    1  0.6325257E-01  0.1443698E-01 -0.5572825E-01  0.4196298E+00  0.9578306E-01 -0.9026275E+00  0.9582615E-04
    1  0.6219756E-01  0.1845991E-01 -0.5572828E-01  0.4126323E+00  0.1224680E+00 -0.9026273E+00  0.9582505E-04
    1  0.6088711E-01  0.2240700E-01 -0.5572825E-01  0.4039391E+00  0.1486510E+00 -0.9026272E+00  0.9582509E-04
    1  0.5932635E-01  0.2626202E-01 -0.5572827E-01  0.3935855E+00  0.1742259E+00 -0.9026272E+00  0.9582672E-04
    1  0.5752181E-01  0.3000912E-01 -0.5572829E-01  0.3816112E+00  0.1990913E+00 -0.9026271E+00  0.9582528E-04
    1  0.5548098E-01  0.3363292E-01 -0.5572825E-01  0.3680750E+00  0.2231246E+00 -0.9026274E+00  0.9582561E-04
    1  0.5321214E-01  0.3711850E-01 -0.5572825E-01  0.3530175E+00  0.2462555E+00 -0.9026278E+00  0.9582521E-04
    1  0.5072458E-01  0.4045153E-01 -0.5572827E-01  0.3365204E+00  0.2683603E+00 -0.9026277E+00  0.9582638E-04
    1  0.4802863E-01  0.4361837E-01 -0.5572826E-01  0.3186316E+00  0.2893754E+00 -0.9026271E+00  0.9582535E-04
    1  0.4513531E-01  0.4660593E-01 -0.5572827E-01  0.2994374E+00  0.3091952E+00 -0.9026271E+00  0.9582467E-04
    1  0.4205653E-01  0.4940199E-01 -0.5572826E-01  0.2790108E+00  0.3277448E+00 -0.9026275E+00  0.9582606E-04
    1  0.3880493E-01  0.5199509E-01 -0.5572825E-01  0.2574419E+00  0.3449445E+00 -0.9026278E+00  0.9582553E-04
    1  0.3539386E-01  0.5437449E-01 -0.5572826E-01  0.2348111E+00  0.3607322E+00 -0.9026273E+00  0.9582598E-04
    1  0.3183734E-01  0.5653045E-01 -0.5572828E-01  0.2112131E+00  0.3750375E+00 -0.9026272E+00  0.9582512E-04
    1  0.2815001E-01  0.5845414E-01 -0.5572826E-01  0.1867546E+00  0.3877960E+00 -0.9026278E+00  0.9582615E-04
    1  0.2434703E-01  0.6013761E-01 -0.5572826E-01  0.1615254E+00  0.3989653E+00 -0.9026273E+00  0.9582414E-04
    1  0.2044400E-01  0.6157398E-01 -0.5572825E-01  0.1356262E+00  0.4084969E+00 -0.9026272E+00  0.9582572E-04
    1  0.1645690E-01  0.6275729E-01 -0.5572827E-01  0.1091814E+00  0.4163455E+00 -0.9026272E+00  0.9582666E-04
    1  0.1240220E-01  0.6368276E-01 -0.5572827E-01  0.8228084E-01  0.4224859E+00 -0.9026270E+00  0.9582452E-04
    1  0.8296576E-02  0.6434659E-01 -0.5572825E-01  0.5504264E-01  0.4268888E+00 -0.9026275E+00  0.9582592E-04
    1  0.4156811E-02  0.6474590E-01 -0.5572826E-01  0.2757597E-01  0.4295382E+00 -0.9026275E+00  0.9582619E-04
    1  0.2910383E-10  0.6487922E-01 -0.5572825E-01  0.0000000E+00  0.4304231E+00 -0.9026272E+00  0.9582433E-04
    1 -0.4156811E-02  0.6474591E-01 -0.5572827E-01 -0.2757589E-01  0.4295382E+00 -0.9026275E+00  0.9582619E-04
    1 -0.8296575E-02  0.6434659E-01 -0.5572824E-01 -0.5504264E-01  0.4268888E+00 -0.9026275E+00  0.9582591E-04
    1 -0.1240220E-01  0.6368275E-01 -0.5572827E-01 -0.8228084E-01  0.4224859E+00 -0.9026270E+00  0.9582452E-04
    1 -0.1645690E-01  0.6275729E-01 -0.5572826E-01 -0.1091815E+00  0.4163455E+00 -0.9026272E+00  0.9582667E-04
    1 -0.2044400E-01  0.6157398E-01 -0.5572825E-01 -0.1356262E+00  0.4084969E+00 -0.9026272E+00  0.9582572E-04
    1 -0.2434703E-01  0.6013762E-01 -0.5572827E-01 -0.1615254E+00  0.3989653E+00 -0.9026273E+00  0.9582413E-04
    1 -0.2815001E-01  0.5845414E-01 -0.5572826E-01 -0.1867546E+00  0.3877960E+00 -0.9026279E+00  0.9582615E-04
    1 -0.3183733E-01  0.5653045E-01 -0.5572826E-01 -0.2112131E+00  0.3750374E+00 -0.9026272E+00  0.9582511E-04
    1 -0.3539386E-01  0.5437450E-01 -0.5572826E-01 -0.2348111E+00  0.3607321E+00 -0.9026273E+00  0.9582598E-04
    1 -0.3880493E-01  0.5199509E-01 -0.5572825E-01 -0.2574419E+00  0.3449445E+00 -0.9026278E+00  0.9582553E-04
    1 -0.4205653E-01  0.4940199E-01 -0.5572826E-01 -0.2790108E+00  0.3277448E+00 -0.9026275E+00  0.9582606E-04
    1 -0.4513531E-01  0.4660593E-01 -0.5572826E-01 -0.2994374E+00  0.3091952E+00 -0.9026271E+00  0.9582467E-04
    1 -0.4802864E-01  0.4361837E-01 -0.5572826E-01 -0.3186315E+00  0.2893753E+00 -0.9026272E+00  0.9582535E-04
    1 -0.5072458E-01  0.4045153E-01 -0.5572827E-01 -0.3365205E+00  0.2683603E+00 -0.9026277E+00  0.9582638E-04
    1 -0.5321214E-01  0.3711850E-01 -0.5572824E-01 -0.3530176E+00  0.2462554E+00 -0.9026278E+00  0.9582522E-04
    1 -0.5548098E-01  0.3363292E-01 -0.5572826E-01 -0.3680750E+00  0.2231245E+00 -0.9026275E+00  0.9582561E-04
    1 -0.5752181E-01  0.3000912E-01 -0.5572828E-01 -0.3816112E+00  0.1990913E+00 -0.9026271E+00  0.9582528E-04
    1 -0.5932635E-01  0.2626201E-01 -0.5572828E-01 -0.3935856E+00  0.1742260E+00 -0.9026271E+00  0.9582671E-04
    1 -0.6088710E-01  0.2240700E-01 -0.5572825E-01 -0.4039391E+00  0.1486509E+00 -0.9026273E+00  0.9582510E-04
    1 -0.6219756E-01  0.1845991E-01 -0.5572828E-01 -0.4126323E+00  0.1224680E+00 -0.9026273E+00  0.9582505E-04
    1 -0.6325257E-01  0.1443699E-01 -0.5572826E-01 -0.4196298E+00  0.9578300E-01 -0.9026275E+00  0.9582615E-04
    1 -0.6404757E-01  0.1035472E-01 -0.5572827E-01 -0.4249052E+00  0.6869298E-01 -0.9026278E+00  0.9582493E-04
    1 -0.6457942E-01  0.6229922E-02 -0.5572825E-01 -0.4284333E+00  0.4133005E-01 -0.9026278E+00  0.9582590E-04
    1 -0.6484585E-01  0.2079490E-02 -0.5572826E-01 -0.4302017E+00  0.1379085E-01 -0.9026274E+00  0.9582599E-04
    1  0.3586420E-01  0.1150100E-02 -0.6433333E-01  0.1825712E+00  0.5852362E-02 -0.9831752E+00  0.9449189E-04
    1  0.3571683E-01  0.3445567E-02 -0.6433333E-01  0.1818208E+00  0.1754141E-01 -0.9831752E+00  0.9449141E-04
    1  0.3542270E-01  0.5726866E-02 -0.6433333E-01  0.1803239E+00  0.2915088E-01 -0.9831752E+00  0.9449109E-04
    1  0.3498300E-01  0.7984634E-02 -0.6433333E-01  0.1780846E+00  0.4064910E-01 -0.9831752E+00  0.9449161E-04
    1  0.3439954E-01  0.1020960E-01 -0.6433333E-01  0.1751153E+00  0.5197257E-01 -0.9831753E+00  0.9449205E-04
    1  0.3367473E-01  0.1239260E-01 -0.6433333E-01  0.1714253E+00  0.6308602E-01 -0.9831752E+00  0.9449013E-04
    1  0.3281157E-01  0.1452470E-01 -0.6433333E-01  0.1670326E+00  0.7393627E-01 -0.9831752E+00  0.9449359E-04
    1  0.3181353E-01  0.1659713E-01 -0.6433333E-01  0.1619487E+00  0.8449300E-01 -0.9831753E+00  0.9449288E-04
    1  0.3068477E-01  0.1860133E-01 -0.6433333E-01  0.1562050E+00  0.9469150E-01 -0.9831753E+00  0.9449122E-04
    1  0.2942993E-01  0.2052907E-01 -0.6433333E-01  0.1498148E+00  0.1045085E+00 -0.9831752E+00  0.9448993E-04
    1  0.2805417E-01  0.2237247E-01 -0.6433333E-01  0.1428155E+00  0.1138870E+00 -0.9831752E+00  0.9449268E-04
    1  0.2656313E-01  0.2412397E-01 -0.6433333E-01  0.1352237E+00  0.1228047E+00 -0.9831752E+00  0.9449148E-04
    1  0.2496293E-01  0.2577630E-01 -0.6433333E-01  0.1270753E+00  0.1312186E+00 -0.9831752E+00  0.9449128E-04
    1  0.2326013E-01  0.2732270E-01 -0.6433333E-01  0.1184068E+00  0.1390911E+00 -0.9831753E+00  0.9449201E-04
    1  0.2146177E-01  0.2875683E-01 -0.6433333E-01  0.1092542E+00  0.1463900E+00 -0.9831752E+00  0.9449071E-04
    1  0.1957523E-01  0.3007284E-01 -0.6433333E-01  0.9965373E-01  0.1530869E+00 -0.9831752E+00  0.9449213E-04
    1  0.1760823E-01  0.3126524E-01 -0.6433333E-01  0.8963220E-01  0.1591620E+00 -0.9831752E+00  0.9449177E-04
    1  0.1556887E-01  0.3232913E-01 -0.6433333E-01  0.7925580E-01  0.1645754E+00 -0.9831752E+00  0.9449162E-04
    1  0.1346557E-01  0.3326023E-01 -0.6433333E-01  0.6855197E-01  0.1693137E+00 -0.9831753E+00  0.9449034E-04
    1  0.1130693E-01  0.3405463E-01 -0.6433333E-01  0.5755567E-01  0.1733604E+00 -0.9831752E+00  0.9449106E-04
    1  0.9101801E-02  0.3470910E-01 -0.6433333E-01  0.4633673E-01  0.1766901E+00 -0.9831752E+00  0.9449312E-04
    1  0.6859267E-02  0.3522097E-01 -0.6433333E-01  0.3491851E-01  0.1792963E+00 -0.9831753E+00  0.9449168E-04
    1  0.4588567E-02  0.3558807E-01 -0.6433333E-01  0.2335665E-01  0.1811655E+00 -0.9831752E+00  0.9449098E-04
    1  0.2299000E-02  0.3580894E-01 -0.6433333E-01  0.1170464E-01  0.1822895E+00 -0.9831752E+00  0.9449255E-04
    1  0.0000000E+00  0.3588267E-01 -0.6433333E-01  0.0000000E+00  0.1826649E+00 -0.9831752E+00  0.9448999E-04
    1 -0.2299000E-02  0.3580894E-01 -0.6433333E-01 -0.1170464E-01  0.1822895E+00 -0.9831752E+00  0.9449256E-04
    1 -0.4588567E-02  0.3558807E-01 -0.6433333E-01 -0.2335665E-01  0.1811655E+00 -0.9831752E+00  0.9449098E-04
    1 -0.6859267E-02  0.3522097E-01 -0.6433333E-01 -0.3491851E-01  0.1792963E+00 -0.9831753E+00  0.9449168E-04
    1 -0.9101801E-02  0.3470910E-01 -0.6433333E-01 -0.4633673E-01  0.1766901E+00 -0.9831752E+00  0.9449312E-04
    1 -0.1130693E-01  0.3405463E-01 -0.6433333E-01 -0.5755567E-01  0.1733604E+00 -0.9831752E+00  0.9449106E-04
    1 -0.1346557E-01  0.3326023E-01 -0.6433333E-01 -0.6855197E-01  0.1693137E+00 -0.9831753E+00  0.9449034E-04
    1 -0.1556887E-01  0.3232913E-01 -0.6433333E-01 -0.7925580E-01  0.1645754E+00 -0.9831752E+00  0.9449162E-04
    1 -0.1760823E-01  0.3126524E-01 -0.6433333E-01 -0.8963219E-01  0.1591620E+00 -0.9831752E+00  0.9449178E-04
    1 -0.1957523E-01  0.3007284E-01 -0.6433333E-01 -0.9965373E-01  0.1530869E+00 -0.9831752E+00  0.9449213E-04
    1 -0.2146177E-01  0.2875683E-01 -0.6433333E-01 -0.1092542E+00  0.1463900E+00 -0.9831753E+00  0.9449071E-04
    1 -0.2326013E-01  0.2732270E-01 -0.6433333E-01 -0.1184068E+00  0.1390911E+00 -0.9831753E+00  0.9449201E-04
    1 -0.2496293E-01  0.2577630E-01 -0.6433333E-01 -0.1270753E+00  0.1312186E+00 -0.9831752E+00  0.9449128E-04
    1 -0.2656313E-01  0.2412397E-01 -0.6433333E-01 -0.1352237E+00  0.1228047E+00 -0.9831752E+00  0.9449148E-04
    1 -0.2805417E-01  0.2237247E-01 -0.6433333E-01 -0.1428155E+00  0.1138870E+00 -0.9831752E+00  0.9449268E-04
    1 -0.2942993E-01  0.2052907E-01 -0.6433333E-01 -0.1498148E+00  0.1045085E+00 -0.9831752E+00  0.9448993E-04
    1 -0.3068477E-01  0.1860133E-01 -0.6433333E-01 -0.1562050E+00  0.9469150E-01 -0.9831753E+00  0.9449122E-04
    1 -0.3181353E-01  0.1659713E-01 -0.6433333E-01 -0.1619487E+00  0.8449301E-01 -0.9831753E+00  0.9449288E-04
    1 -0.3281157E-01  0.1452470E-01 -0.6433333E-01 -0.1670326E+00  0.7393627E-01 -0.9831752E+00  0.9449359E-04
    1 -0.3367473E-01  0.1239260E-01 -0.6433333E-01 -0.1714253E+00  0.6308602E-01 -0.9831752E+00  0.9449013E-04
    1 -0.3439954E-01  0.1020960E-01 -0.6433333E-01 -0.1751153E+00  0.5197257E-01 -0.9831753E+00  0.9449205E-04
    1 -0.3498300E-01  0.7984634E-02 -0.6433333E-01 -0.1780846E+00  0.4064910E-01 -0.9831753E+00  0.9449160E-04
    1 -0.3542270E-01  0.5726866E-02 -0.6433333E-01 -0.1803239E+00  0.2915088E-01 -0.9831752E+00  0.9449109E-04
    1 -0.3571683E-01  0.3445567E-02 -0.6433333E-01 -0.1818208E+00  0.1754141E-01 -0.9831752E+00  0.9449141E-04
    1 -0.3586420E-01  0.1150100E-02 -0.6433333E-01 -0.1825712E+00  0.5852362E-02 -0.9831752E+00  0.9449190E-04
           0
