  2   1
     1  0.1266251E+00  0.8129600E-02 -0.1000000E-02
     2  0.1272018E+00  0.8166600E-02  0.0000000E+00
     3  0.1268858E+00  0.0000000E+00 -0.1000000E-02
     4  0.1274637E+00  0.0000000E+00  0.0000000E+00
     5  0.1258440E+00  0.1622580E-01 -0.1000000E-02
     6  0.1264172E+00  0.1629970E-01  0.0000000E+00
     7  0.1266251E+00  0.8129600E-02 -0.1000000E-02
     8  0.1272018E+00  0.8166600E-02  0.0000000E+00
     9  0.1245459E+00  0.2425530E-01 -0.1000000E-02
    10  0.1251132E+00  0.2436580E-01  0.0000000E+00
    11  0.1258440E+00  0.1622580E-01 -0.1000000E-02
    12  0.1264172E+00  0.1629970E-01  0.0000000E+00
    13  0.1227360E+00  0.3218520E-01 -0.1000000E-02
    14  0.1232950E+00  0.3233180E-01  0.0000000E+00
    15  0.1245459E+00  0.2425530E-01 -0.1000000E-02
    16  0.1251132E+00  0.2436580E-01  0.0000000E+00
    17  0.1204217E+00  0.3998280E-01 -0.1000000E-02
    18  0.1209702E+00  0.4016490E-01  0.0000000E+00
    19  0.1227360E+00  0.3218520E-01 -0.1000000E-02
    20  0.1232950E+00  0.3233180E-01  0.0000000E+00
    21  0.1176126E+00  0.4761600E-01 -0.1000000E-02
    22  0.1181483E+00  0.4783290E-01  0.0000000E+00
    23  0.1204217E+00  0.3998280E-01 -0.1000000E-02
    24  0.1209702E+00  0.4016490E-01  0.0000000E+00
    25  0.1143201E+00  0.5505370E-01 -0.1000000E-02
    26  0.1148408E+00  0.5530440E-01  0.0000000E+00
    27  0.1176126E+00  0.4761600E-01 -0.1000000E-02
    28  0.1181483E+00  0.4783290E-01  0.0000000E+00
    29  0.1105579E+00  0.6226510E-01 -0.1000000E-02
    30  0.1110615E+00  0.6254870E-01  0.0000000E+00
    31  0.1143201E+00  0.5505370E-01 -0.1000000E-02
    32  0.1148408E+00  0.5530440E-01  0.0000000E+00
    33  0.1063415E+00  0.6922060E-01 -0.1000000E-02
    34  0.1068259E+00  0.6953590E-01  0.0000000E+00
    35  0.1105579E+00  0.6226510E-01 -0.1000000E-02
    36  0.1110615E+00  0.6254870E-01  0.0000000E+00
    37  0.1016880E+00  0.7589170E-01 -0.1000000E-02
    38  0.1021511E+00  0.7623740E-01  0.0000000E+00
    39  0.1063415E+00  0.6922060E-01 -0.1000000E-02
    40  0.1068259E+00  0.6953590E-01  0.0000000E+00
    41  0.9661670E-01  0.8225100E-01 -0.1000000E-02
    42  0.9705670E-01  0.8262560E-01  0.0000000E+00
    43  0.1016880E+00  0.7589170E-01 -0.1000000E-02
    44  0.1021511E+00  0.7623740E-01  0.0000000E+00
    45  0.9114830E-01  0.8827220E-01 -0.1000000E-02
    46  0.9156350E-01  0.8867430E-01  0.0000000E+00
    47  0.9661670E-01  0.8225100E-01 -0.1000000E-02
    48  0.9705670E-01  0.8262560E-01  0.0000000E+00
    49  0.8530540E-01  0.9393080E-01 -0.1000000E-02
    50  0.8569400E-01  0.9435860E-01  0.0000000E+00
    51  0.9114830E-01  0.8827220E-01 -0.1000000E-02
    52  0.9156350E-01  0.8867430E-01  0.0000000E+00
    53  0.7911200E-01  0.9920330E-01 -0.1000000E-02
    54  0.7947230E-01  0.9965510E-01  0.0000000E+00
    55  0.8530540E-01  0.9393080E-01 -0.1000000E-02
    56  0.8569400E-01  0.9435860E-01  0.0000000E+00
    57  0.7259350E-01  0.1040682E+00 -0.1000000E-02
    58  0.7292410E-01  0.1045422E+00  0.0000000E+00
    59  0.7911200E-01  0.9920330E-01 -0.1000000E-02
    60  0.7947230E-01  0.9965510E-01  0.0000000E+00
    61  0.6577660E-01  0.1085055E+00 -0.1000000E-02
    62  0.6607620E-01  0.1089997E+00  0.0000000E+00
    63  0.7259350E-01  0.1040682E+00 -0.1000000E-02
    64  0.7292410E-01  0.1045422E+00  0.0000000E+00
    65  0.5868950E-01  0.1124968E+00 -0.1000000E-02
    66  0.5895680E-01  0.1130092E+00  0.0000000E+00
    67  0.6577660E-01  0.1085055E+00 -0.1000000E-02
    68  0.6607620E-01  0.1089997E+00  0.0000000E+00
    69  0.5136130E-01  0.1160260E+00 -0.1000000E-02
    70  0.5159520E-01  0.1165544E+00  0.0000000E+00
    71  0.5868950E-01  0.1124968E+00 -0.1000000E-02
    72  0.5895680E-01  0.1130092E+00  0.0000000E+00
    73  0.4382190E-01  0.1190783E+00 -0.1000000E-02
    74  0.4402150E-01  0.1196207E+00  0.0000000E+00
    75  0.5136130E-01  0.1160260E+00 -0.1000000E-02
    76  0.5159520E-01  0.1165544E+00  0.0000000E+00
    77  0.3610250E-01  0.1216413E+00 -0.1000000E-02
    78  0.3626690E-01  0.1221953E+00  0.0000000E+00
    79  0.4382190E-01  0.1190783E+00 -0.1000000E-02
    80  0.4402150E-01  0.1196207E+00  0.0000000E+00
    81  0.2823470E-01  0.1237045E+00 -0.1000000E-02
    82  0.2836330E-01  0.1242679E+00  0.0000000E+00
    83  0.3610250E-01  0.1216413E+00 -0.1000000E-02
    84  0.3626690E-01  0.1221953E+00  0.0000000E+00
    85  0.2025100E-01  0.1252593E+00 -0.1000000E-02
    86  0.2034320E-01  0.1258298E+00  0.0000000E+00
    87  0.2823470E-01  0.1237045E+00 -0.1000000E-02
    88  0.2836330E-01  0.1242679E+00  0.0000000E+00
    89  0.1218400E-01  0.1262995E+00 -0.1000000E-02
    90  0.1223950E-01  0.1268747E+00  0.0000000E+00
    91  0.2025100E-01  0.1252593E+00 -0.1000000E-02
    92  0.2034320E-01  0.1258298E+00  0.0000000E+00
    93  0.4066900E-02  0.1268206E+00 -0.1000000E-02
    94  0.4085400E-02  0.1273982E+00  0.0000000E+00
    95  0.1218400E-01  0.1262995E+00 -0.1000000E-02
    96  0.1223950E-01  0.1268747E+00  0.0000000E+00
    97 -0.4066900E-02  0.1268206E+00 -0.1000000E-02
    98 -0.4085400E-02  0.1273982E+00  0.0000000E+00
    99  0.4066900E-02  0.1268206E+00 -0.1000000E-02
   100  0.4085400E-02  0.1273982E+00  0.0000000E+00
   101 -0.1218400E-01  0.1262995E+00 -0.1000000E-02
   102 -0.1223950E-01  0.1268747E+00  0.0000000E+00
   103 -0.4066900E-02  0.1268206E+00 -0.1000000E-02
   104 -0.4085400E-02  0.1273982E+00  0.0000000E+00
   105 -0.2025100E-01  0.1252593E+00 -0.1000000E-02
   106 -0.2034320E-01  0.1258298E+00  0.0000000E+00
   107 -0.1218400E-01  0.1262995E+00 -0.1000000E-02
   108 -0.1223950E-01  0.1268747E+00  0.0000000E+00
   109 -0.2823470E-01  0.1237045E+00 -0.1000000E-02
   110 -0.2836330E-01  0.1242679E+00  0.0000000E+00
   111 -0.2025100E-01  0.1252593E+00 -0.1000000E-02
   112 -0.2034320E-01  0.1258298E+00  0.0000000E+00
   113 -0.3610250E-01  0.1216413E+00 -0.1000000E-02
   114 -0.3626690E-01  0.1221953E+00  0.0000000E+00
   115 -0.2823470E-01  0.1237045E+00 -0.1000000E-02
   116 -0.2836330E-01  0.1242679E+00  0.0000000E+00
   117 -0.4382190E-01  0.1190783E+00 -0.1000000E-02
   118 -0.4402150E-01  0.1196207E+00  0.0000000E+00
   119 -0.3610250E-01  0.1216413E+00 -0.1000000E-02
   120 -0.3626690E-01  0.1221953E+00  0.0000000E+00
   121 -0.5136130E-01  0.1160260E+00 -0.1000000E-02
   122 -0.5159520E-01  0.1165544E+00  0.0000000E+00
   123 -0.4382190E-01  0.1190783E+00 -0.1000000E-02
   124 -0.4402150E-01  0.1196207E+00  0.0000000E+00
   125 -0.5868950E-01  0.1124968E+00 -0.1000000E-02
   126 -0.5895680E-01  0.1130092E+00  0.0000000E+00
   127 -0.5136130E-01  0.1160260E+00 -0.1000000E-02
   128 -0.5159520E-01  0.1165544E+00  0.0000000E+00
   129 -0.6577660E-01  0.1085055E+00 -0.1000000E-02
   130 -0.6607620E-01  0.1089997E+00  0.0000000E+00
   131 -0.5868950E-01  0.1124968E+00 -0.1000000E-02
   132 -0.5895680E-01  0.1130092E+00  0.0000000E+00
   133 -0.7259350E-01  0.1040682E+00 -0.1000000E-02
   134 -0.7292410E-01  0.1045422E+00  0.0000000E+00
   135 -0.6577660E-01  0.1085055E+00 -0.1000000E-02
   136 -0.6607620E-01  0.1089997E+00  0.0000000E+00
   137 -0.7911200E-01  0.9920330E-01 -0.1000000E-02
   138 -0.7947230E-01  0.9965510E-01  0.0000000E+00
   139 -0.7259350E-01  0.1040682E+00 -0.1000000E-02
   140 -0.7292410E-01  0.1045422E+00  0.0000000E+00
   141 -0.8530540E-01  0.9393080E-01 -0.1000000E-02
   142 -0.8569400E-01  0.9435860E-01  0.0000000E+00
   143 -0.7911200E-01  0.9920330E-01 -0.1000000E-02
   144 -0.7947230E-01  0.9965510E-01  0.0000000E+00
   145 -0.9114830E-01  0.8827220E-01 -0.1000000E-02
   146 -0.9156350E-01  0.8867430E-01  0.0000000E+00
   147 -0.8530540E-01  0.9393080E-01 -0.1000000E-02
   148 -0.8569400E-01  0.9435860E-01  0.0000000E+00
   149 -0.9661670E-01  0.8225100E-01 -0.1000000E-02
   150 -0.9705670E-01  0.8262560E-01  0.0000000E+00
   151 -0.9114830E-01  0.8827220E-01 -0.1000000E-02
   152 -0.9156350E-01  0.8867430E-01  0.0000000E+00
   153 -0.1016880E+00  0.7589170E-01 -0.1000000E-02
   154 -0.1021511E+00  0.7623740E-01  0.0000000E+00
   155 -0.9661670E-01  0.8225100E-01 -0.1000000E-02
   156 -0.9705670E-01  0.8262560E-01  0.0000000E+00
   157 -0.1063415E+00  0.6922060E-01 -0.1000000E-02
   158 -0.1068259E+00  0.6953590E-01  0.0000000E+00
   159 -0.1016880E+00  0.7589170E-01 -0.1000000E-02
   160 -0.1021511E+00  0.7623740E-01  0.0000000E+00
   161 -0.1105579E+00  0.6226510E-01 -0.1000000E-02
   162 -0.1110615E+00  0.6254870E-01  0.0000000E+00
   163 -0.1063415E+00  0.6922060E-01 -0.1000000E-02
   164 -0.1068259E+00  0.6953590E-01  0.0000000E+00
   165 -0.1143201E+00  0.5505370E-01 -0.1000000E-02
   166 -0.1148408E+00  0.5530440E-01  0.0000000E+00
   167 -0.1105579E+00  0.6226510E-01 -0.1000000E-02
   168 -0.1110615E+00  0.6254870E-01  0.0000000E+00
   169 -0.1176126E+00  0.4761600E-01 -0.1000000E-02
   170 -0.1181483E+00  0.4783290E-01  0.0000000E+00
   171 -0.1143201E+00  0.5505370E-01 -0.1000000E-02
   172 -0.1148408E+00  0.5530440E-01  0.0000000E+00
   173 -0.1204217E+00  0.3998280E-01 -0.1000000E-02
   174 -0.1209702E+00  0.4016490E-01  0.0000000E+00
   175 -0.1176126E+00  0.4761600E-01 -0.1000000E-02
   176 -0.1181483E+00  0.4783290E-01  0.0000000E+00
   177 -0.1227360E+00  0.3218520E-01 -0.1000000E-02
   178 -0.1232950E+00  0.3233180E-01  0.0000000E+00
   179 -0.1204217E+00  0.3998280E-01 -0.1000000E-02
   180 -0.1209702E+00  0.4016490E-01  0.0000000E+00
   181 -0.1245459E+00  0.2425530E-01 -0.1000000E-02
   182 -0.1251132E+00  0.2436580E-01  0.0000000E+00
   183 -0.1227360E+00  0.3218520E-01 -0.1000000E-02
   184 -0.1232950E+00  0.3233180E-01  0.0000000E+00
   185 -0.1258440E+00  0.1622580E-01 -0.1000000E-02
   186 -0.1264172E+00  0.1629970E-01  0.0000000E+00
   187 -0.1245459E+00  0.2425530E-01 -0.1000000E-02
   188 -0.1251132E+00  0.2436580E-01  0.0000000E+00
   189 -0.1266251E+00  0.8129600E-02 -0.1000000E-02
   190 -0.1272018E+00  0.8166600E-02  0.0000000E+00
   191 -0.1258440E+00  0.1622580E-01 -0.1000000E-02
   192 -0.1264172E+00  0.1629970E-01  0.0000000E+00
   193 -0.1268858E+00  0.0000000E+00 -0.1000000E-02
   194 -0.1274637E+00  0.0000000E+00  0.0000000E+00
   195 -0.1266251E+00  0.8129600E-02 -0.1000000E-02
   196 -0.1272018E+00  0.8166600E-02  0.0000000E+00
   197  0.1197534E+00  0.7688400E-02 -0.1100000E-01
   198  0.1266251E+00  0.8129600E-02 -0.1000000E-02
   199  0.1200000E+00  0.0000000E+00 -0.1100000E-01
   200  0.1268858E+00  0.0000000E+00 -0.1000000E-02
   201  0.1190148E+00  0.1534530E-01 -0.1100000E-01
   202  0.1258440E+00  0.1622580E-01 -0.1000000E-02
   203  0.1197534E+00  0.7688400E-02 -0.1100000E-01
   204  0.1266251E+00  0.8129600E-02 -0.1000000E-02
   205  0.1177871E+00  0.2293900E-01 -0.1100000E-01
   206  0.1245459E+00  0.2425530E-01 -0.1000000E-02
   207  0.1190148E+00  0.1534530E-01 -0.1100000E-01
   208  0.1258440E+00  0.1622580E-01 -0.1000000E-02
   209  0.1160754E+00  0.3043850E-01 -0.1100000E-01
   210  0.1227360E+00  0.3218520E-01 -0.1000000E-02
   211  0.1177871E+00  0.2293900E-01 -0.1100000E-01
   212  0.1245459E+00  0.2425530E-01 -0.1000000E-02
   213  0.1138867E+00  0.3781300E-01 -0.1100000E-01
   214  0.1204217E+00  0.3998280E-01 -0.1000000E-02
   215  0.1160754E+00  0.3043850E-01 -0.1100000E-01
   216  0.1227360E+00  0.3218520E-01 -0.1000000E-02
   217  0.1112300E+00  0.4503200E-01 -0.1100000E-01
   218  0.1176126E+00  0.4761600E-01 -0.1000000E-02
   219  0.1138867E+00  0.3781300E-01 -0.1100000E-01
   220  0.1204217E+00  0.3998280E-01 -0.1000000E-02
   221  0.1081163E+00  0.5206610E-01 -0.1100000E-01
   222  0.1143201E+00  0.5505370E-01 -0.1000000E-02
   223  0.1112300E+00  0.4503200E-01 -0.1100000E-01
   224  0.1176126E+00  0.4761600E-01 -0.1000000E-02
   225  0.1045582E+00  0.5888610E-01 -0.1100000E-01
   226  0.1105579E+00  0.6226510E-01 -0.1000000E-02
   227  0.1081163E+00  0.5206610E-01 -0.1100000E-01
   228  0.1143201E+00  0.5505370E-01 -0.1000000E-02
   229  0.1005706E+00  0.6546420E-01 -0.1100000E-01
   230  0.1063415E+00  0.6922060E-01 -0.1000000E-02
   231  0.1045582E+00  0.5888610E-01 -0.1100000E-01
   232  0.1105579E+00  0.6226510E-01 -0.1000000E-02
   233  0.9616960E-01  0.7177330E-01 -0.1100000E-01
   234  0.1016880E+00  0.7589170E-01 -0.1000000E-02
   235  0.1005706E+00  0.6546420E-01 -0.1100000E-01
   236  0.1063415E+00  0.6922060E-01 -0.1000000E-02
   237  0.9137350E-01  0.7778740E-01 -0.1100000E-01
   238  0.9661670E-01  0.8225100E-01 -0.1000000E-02
   239  0.9616960E-01  0.7177330E-01 -0.1100000E-01
   240  0.1016880E+00  0.7589170E-01 -0.1000000E-02
   241  0.8620190E-01  0.8348190E-01 -0.1100000E-01
   242  0.9114830E-01  0.8827220E-01 -0.1000000E-02
   243  0.9137350E-01  0.7778740E-01 -0.1100000E-01
   244  0.9661670E-01  0.8225100E-01 -0.1000000E-02
   245  0.8067610E-01  0.8883340E-01 -0.1100000E-01
   246  0.8530540E-01  0.9393080E-01 -0.1000000E-02
   247  0.8620190E-01  0.8348190E-01 -0.1100000E-01
   248  0.9114830E-01  0.8827220E-01 -0.1000000E-02
   249  0.7481880E-01  0.9381980E-01 -0.1100000E-01
   250  0.7911200E-01  0.9920330E-01 -0.1000000E-02
   251  0.8067610E-01  0.8883340E-01 -0.1100000E-01
   252  0.8530540E-01  0.9393080E-01 -0.1000000E-02
   253  0.6865400E-01  0.9842070E-01 -0.1100000E-01
   254  0.7259350E-01  0.1040682E+00 -0.1000000E-02
   255  0.7481880E-01  0.9381980E-01 -0.1100000E-01
   256  0.7911200E-01  0.9920330E-01 -0.1000000E-02
   257  0.6220710E-01  0.1026171E+00 -0.1100000E-01
   258  0.6577660E-01  0.1085055E+00 -0.1000000E-02
   259  0.6865400E-01  0.9842070E-01 -0.1100000E-01
   260  0.7259350E-01  0.1040682E+00 -0.1000000E-02
   261  0.5550460E-01  0.1063919E+00 -0.1100000E-01
   262  0.5868950E-01  0.1124968E+00 -0.1000000E-02
   263  0.6220710E-01  0.1026171E+00 -0.1100000E-01
   264  0.6577660E-01  0.1085055E+00 -0.1000000E-02
   265  0.4857400E-01  0.1097295E+00 -0.1100000E-01
   266  0.5136130E-01  0.1160260E+00 -0.1000000E-02
   267  0.5550460E-01  0.1063919E+00 -0.1100000E-01
   268  0.5868950E-01  0.1124968E+00 -0.1000000E-02
   269  0.4144380E-01  0.1126162E+00 -0.1100000E-01
   270  0.4382190E-01  0.1190783E+00 -0.1000000E-02
   271  0.4857400E-01  0.1097295E+00 -0.1100000E-01
   272  0.5136130E-01  0.1160260E+00 -0.1000000E-02
   273  0.3414330E-01  0.1150401E+00 -0.1100000E-01
   274  0.3610250E-01  0.1216413E+00 -0.1000000E-02
   275  0.4144380E-01  0.1126162E+00 -0.1100000E-01
   276  0.4382190E-01  0.1190783E+00 -0.1000000E-02
   277  0.2670250E-01  0.1169913E+00 -0.1100000E-01
   278  0.2823470E-01  0.1237045E+00 -0.1000000E-02
   279  0.3414330E-01  0.1150401E+00 -0.1100000E-01
   280  0.3610250E-01  0.1216413E+00 -0.1000000E-02
   281  0.1915200E-01  0.1184618E+00 -0.1100000E-01
   282  0.2025100E-01  0.1252593E+00 -0.1000000E-02
   283  0.2670250E-01  0.1169913E+00 -0.1100000E-01
   284  0.2823470E-01  0.1237045E+00 -0.1000000E-02
   285  0.1152280E-01  0.1194455E+00 -0.1100000E-01
   286  0.1218400E-01  0.1262995E+00 -0.1000000E-02
   287  0.1915200E-01  0.1184618E+00 -0.1100000E-01
   288  0.2025100E-01  0.1252593E+00 -0.1000000E-02
   289  0.3846200E-02  0.1199383E+00 -0.1100000E-01
   290  0.4066900E-02  0.1268206E+00 -0.1000000E-02
   291  0.1152280E-01  0.1194455E+00 -0.1100000E-01
   292  0.1218400E-01  0.1262995E+00 -0.1000000E-02
   293 -0.3846200E-02  0.1199383E+00 -0.1100000E-01
   294 -0.4066900E-02  0.1268206E+00 -0.1000000E-02
   295  0.3846200E-02  0.1199383E+00 -0.1100000E-01
   296  0.4066900E-02  0.1268206E+00 -0.1000000E-02
   297 -0.1152280E-01  0.1194455E+00 -0.1100000E-01
   298 -0.1218400E-01  0.1262995E+00 -0.1000000E-02
   299 -0.3846200E-02  0.1199383E+00 -0.1100000E-01
   300 -0.4066900E-02  0.1268206E+00 -0.1000000E-02
   301 -0.1915200E-01  0.1184618E+00 -0.1100000E-01
   302 -0.2025100E-01  0.1252593E+00 -0.1000000E-02
   303 -0.1152280E-01  0.1194455E+00 -0.1100000E-01
   304 -0.1218400E-01  0.1262995E+00 -0.1000000E-02
   305 -0.2670250E-01  0.1169913E+00 -0.1100000E-01
   306 -0.2823470E-01  0.1237045E+00 -0.1000000E-02
   307 -0.1915200E-01  0.1184618E+00 -0.1100000E-01
   308 -0.2025100E-01  0.1252593E+00 -0.1000000E-02
   309 -0.3414330E-01  0.1150401E+00 -0.1100000E-01
   310 -0.3610250E-01  0.1216413E+00 -0.1000000E-02
   311 -0.2670250E-01  0.1169913E+00 -0.1100000E-01
   312 -0.2823470E-01  0.1237045E+00 -0.1000000E-02
   313 -0.4144380E-01  0.1126162E+00 -0.1100000E-01
   314 -0.4382190E-01  0.1190783E+00 -0.1000000E-02
   315 -0.3414330E-01  0.1150401E+00 -0.1100000E-01
   316 -0.3610250E-01  0.1216413E+00 -0.1000000E-02
   317 -0.4857400E-01  0.1097295E+00 -0.1100000E-01
   318 -0.5136130E-01  0.1160260E+00 -0.1000000E-02
   319 -0.4144380E-01  0.1126162E+00 -0.1100000E-01
   320 -0.4382190E-01  0.1190783E+00 -0.1000000E-02
   321 -0.5550460E-01  0.1063919E+00 -0.1100000E-01
   322 -0.5868950E-01  0.1124968E+00 -0.1000000E-02
   323 -0.4857400E-01  0.1097295E+00 -0.1100000E-01
   324 -0.5136130E-01  0.1160260E+00 -0.1000000E-02
   325 -0.6220710E-01  0.1026171E+00 -0.1100000E-01
   326 -0.6577660E-01  0.1085055E+00 -0.1000000E-02
   327 -0.5550460E-01  0.1063919E+00 -0.1100000E-01
   328 -0.5868950E-01  0.1124968E+00 -0.1000000E-02
   329 -0.6865400E-01  0.9842070E-01 -0.1100000E-01
   330 -0.7259350E-01  0.1040682E+00 -0.1000000E-02
   331 -0.6220710E-01  0.1026171E+00 -0.1100000E-01
   332 -0.6577660E-01  0.1085055E+00 -0.1000000E-02
   333 -0.7481880E-01  0.9381980E-01 -0.1100000E-01
   334 -0.7911200E-01  0.9920330E-01 -0.1000000E-02
   335 -0.6865400E-01  0.9842070E-01 -0.1100000E-01
   336 -0.7259350E-01  0.1040682E+00 -0.1000000E-02
   337 -0.8067610E-01  0.8883340E-01 -0.1100000E-01
   338 -0.8530540E-01  0.9393080E-01 -0.1000000E-02
   339 -0.7481880E-01  0.9381980E-01 -0.1100000E-01
   340 -0.7911200E-01  0.9920330E-01 -0.1000000E-02
   341 -0.8620190E-01  0.8348190E-01 -0.1100000E-01
   342 -0.9114830E-01  0.8827220E-01 -0.1000000E-02
   343 -0.8067610E-01  0.8883340E-01 -0.1100000E-01
   344 -0.8530540E-01  0.9393080E-01 -0.1000000E-02
   345 -0.9137350E-01  0.7778740E-01 -0.1100000E-01
   346 -0.9661670E-01  0.8225100E-01 -0.1000000E-02
   347 -0.8620190E-01  0.8348190E-01 -0.1100000E-01
   348 -0.9114830E-01  0.8827220E-01 -0.1000000E-02
   349 -0.9616960E-01  0.7177330E-01 -0.1100000E-01
   350 -0.1016880E+00  0.7589170E-01 -0.1000000E-02
   351 -0.9137350E-01  0.7778740E-01 -0.1100000E-01
   352 -0.9661670E-01  0.8225100E-01 -0.1000000E-02
   353 -0.1005706E+00  0.6546420E-01 -0.1100000E-01
   354 -0.1063415E+00  0.6922060E-01 -0.1000000E-02
   355 -0.9616960E-01  0.7177330E-01 -0.1100000E-01
   356 -0.1016880E+00  0.7589170E-01 -0.1000000E-02
   357 -0.1045582E+00  0.5888610E-01 -0.1100000E-01
   358 -0.1105579E+00  0.6226510E-01 -0.1000000E-02
   359 -0.1005706E+00  0.6546420E-01 -0.1100000E-01
   360 -0.1063415E+00  0.6922060E-01 -0.1000000E-02
   361 -0.1081163E+00  0.5206610E-01 -0.1100000E-01
   362 -0.1143201E+00  0.5505370E-01 -0.1000000E-02
   363 -0.1045582E+00  0.5888610E-01 -0.1100000E-01
   364 -0.1105579E+00  0.6226510E-01 -0.1000000E-02
   365 -0.1112300E+00  0.4503200E-01 -0.1100000E-01
   366 -0.1176126E+00  0.4761600E-01 -0.1000000E-02
   367 -0.1081163E+00  0.5206610E-01 -0.1100000E-01
   368 -0.1143201E+00  0.5505370E-01 -0.1000000E-02
   369 -0.1138867E+00  0.3781300E-01 -0.1100000E-01
   370 -0.1204217E+00  0.3998280E-01 -0.1000000E-02
   371 -0.1112300E+00  0.4503200E-01 -0.1100000E-01
   372 -0.1176126E+00  0.4761600E-01 -0.1000000E-02
   373 -0.1160754E+00  0.3043850E-01 -0.1100000E-01
   374 -0.1227360E+00  0.3218520E-01 -0.1000000E-02
   375 -0.1138867E+00  0.3781300E-01 -0.1100000E-01
   376 -0.1204217E+00  0.3998280E-01 -0.1000000E-02
   377 -0.1177871E+00  0.2293900E-01 -0.1100000E-01
   378 -0.1245459E+00  0.2425530E-01 -0.1000000E-02
   379 -0.1160754E+00  0.3043850E-01 -0.1100000E-01
   380 -0.1227360E+00  0.3218520E-01 -0.1000000E-02
   381 -0.1190148E+00  0.1534530E-01 -0.1100000E-01
   382 -0.1258440E+00  0.1622580E-01 -0.1000000E-02
   383 -0.1177871E+00  0.2293900E-01 -0.1100000E-01
   384 -0.1245459E+00  0.2425530E-01 -0.1000000E-02
   385 -0.1197534E+00  0.7688400E-02 -0.1100000E-01
   386 -0.1266251E+00  0.8129600E-02 -0.1000000E-02
   387 -0.1190148E+00  0.1534530E-01 -0.1100000E-01
   388 -0.1258440E+00  0.1622580E-01 -0.1000000E-02
   389 -0.1200000E+00  0.0000000E+00 -0.1100000E-01
   390 -0.1268858E+00  0.0000000E+00 -0.1000000E-02
   391 -0.1197534E+00  0.7688400E-02 -0.1100000E-01
   392 -0.1266251E+00  0.8129600E-02 -0.1000000E-02
   393  0.1115737E+00  0.7163300E-02 -0.2100000E-01
   394  0.1197534E+00  0.7688400E-02 -0.1100000E-01
   395  0.1118034E+00  0.0000000E+00 -0.2100000E-01
   396  0.1200000E+00  0.0000000E+00 -0.1100000E-01
   397  0.1108855E+00  0.1429710E-01 -0.2100000E-01
   398  0.1190148E+00  0.1534530E-01 -0.1100000E-01
   399  0.1115737E+00  0.7163300E-02 -0.2100000E-01
   400  0.1197534E+00  0.7688400E-02 -0.1100000E-01
   401  0.1097416E+00  0.2137220E-01 -0.2100000E-01
   402  0.1177871E+00  0.2293900E-01 -0.1100000E-01
   403  0.1108855E+00  0.1429710E-01 -0.2100000E-01
   404  0.1190148E+00  0.1534530E-01 -0.1100000E-01
   405  0.1081469E+00  0.2835940E-01 -0.2100000E-01
   406  0.1160754E+00  0.3043850E-01 -0.1100000E-01
   407  0.1097416E+00  0.2137220E-01 -0.2100000E-01
   408  0.1177871E+00  0.2293900E-01 -0.1100000E-01
   409  0.1061077E+00  0.3523020E-01 -0.2100000E-01
   410  0.1138867E+00  0.3781300E-01 -0.1100000E-01
   411  0.1081469E+00  0.2835940E-01 -0.2100000E-01
   412  0.1160754E+00  0.3043850E-01 -0.1100000E-01
   413  0.1036324E+00  0.4195610E-01 -0.2100000E-01
   414  0.1112300E+00  0.4503200E-01 -0.1100000E-01
   415  0.1061077E+00  0.3523020E-01 -0.2100000E-01
   416  0.1138867E+00  0.3781300E-01 -0.1100000E-01
   417  0.1007314E+00  0.4850970E-01 -0.2100000E-01
   418  0.1081163E+00  0.5206610E-01 -0.1100000E-01
   419  0.1036324E+00  0.4195610E-01 -0.2100000E-01
   420  0.1112300E+00  0.4503200E-01 -0.1100000E-01
   421  0.9741640E-01  0.5486390E-01 -0.2100000E-01
   422  0.1045582E+00  0.5888610E-01 -0.1100000E-01
   423  0.1007314E+00  0.4850970E-01 -0.2100000E-01
   424  0.1081163E+00  0.5206610E-01 -0.1100000E-01
   425  0.9370110E-01  0.6099270E-01 -0.2100000E-01
   426  0.1005706E+00  0.6546420E-01 -0.1100000E-01
   427  0.9741640E-01  0.5486390E-01 -0.2100000E-01
   428  0.1045582E+00  0.5888610E-01 -0.1100000E-01
   429  0.8960080E-01  0.6687080E-01 -0.2100000E-01
   430  0.9616960E-01  0.7177330E-01 -0.1100000E-01
   431  0.9370110E-01  0.6099270E-01 -0.2100000E-01
   432  0.1005706E+00  0.6546420E-01 -0.1100000E-01
   433  0.8513220E-01  0.7247410E-01 -0.2100000E-01
   434  0.9137350E-01  0.7778740E-01 -0.1100000E-01
   435  0.8960080E-01  0.6687080E-01 -0.2100000E-01
   436  0.9616960E-01  0.7177330E-01 -0.1100000E-01
   437  0.8031390E-01  0.7777970E-01 -0.2100000E-01
   438  0.8620190E-01  0.8348190E-01 -0.1100000E-01
   439  0.8513220E-01  0.7247410E-01 -0.2100000E-01
   440  0.9137350E-01  0.7778740E-01 -0.1100000E-01
   441  0.7516550E-01  0.8276560E-01 -0.2100000E-01
   442  0.8067610E-01  0.8883340E-01 -0.1100000E-01
   443  0.8031390E-01  0.7777970E-01 -0.2100000E-01
   444  0.8620190E-01  0.8348190E-01 -0.1100000E-01
   445  0.6970830E-01  0.8741140E-01 -0.2100000E-01
   446  0.7481880E-01  0.9381980E-01 -0.1100000E-01
   447  0.7516550E-01  0.8276560E-01 -0.2100000E-01
   448  0.8067610E-01  0.8883340E-01 -0.1100000E-01
   449  0.6396460E-01  0.9169810E-01 -0.2100000E-01
   450  0.6865400E-01  0.9842070E-01 -0.1100000E-01
   451  0.6970830E-01  0.8741140E-01 -0.2100000E-01
   452  0.7481880E-01  0.9381980E-01 -0.1100000E-01
   453  0.5795810E-01  0.9560790E-01 -0.2100000E-01
   454  0.6220710E-01  0.1026171E+00 -0.1100000E-01
   455  0.6396460E-01  0.9169810E-01 -0.2100000E-01
   456  0.6865400E-01  0.9842070E-01 -0.1100000E-01
   457  0.5171340E-01  0.9912480E-01 -0.2100000E-01
   458  0.5550460E-01  0.1063919E+00 -0.1100000E-01
   459  0.5795810E-01  0.9560790E-01 -0.2100000E-01
   460  0.6220710E-01  0.1026171E+00 -0.1100000E-01
   461  0.4525610E-01  0.1022344E+00 -0.2100000E-01
   462  0.4857400E-01  0.1097295E+00 -0.1100000E-01
   463  0.5171340E-01  0.9912480E-01 -0.2100000E-01
   464  0.5550460E-01  0.1063919E+00 -0.1100000E-01
   465  0.3861300E-01  0.1049240E+00 -0.2100000E-01
   466  0.4144380E-01  0.1126162E+00 -0.1100000E-01
   467  0.4525610E-01  0.1022344E+00 -0.2100000E-01
   468  0.4857400E-01  0.1097295E+00 -0.1100000E-01
   469  0.3181120E-01  0.1071823E+00 -0.2100000E-01
   470  0.3414330E-01  0.1150401E+00 -0.1100000E-01
   471  0.3861300E-01  0.1049240E+00 -0.2100000E-01
   472  0.4144380E-01  0.1126162E+00 -0.1100000E-01
   473  0.2487860E-01  0.1090003E+00 -0.2100000E-01
   474  0.2670250E-01  0.1169913E+00 -0.1100000E-01
   475  0.3181120E-01  0.1071823E+00 -0.2100000E-01
   476  0.3414330E-01  0.1150401E+00 -0.1100000E-01
   477  0.1784380E-01  0.1103703E+00 -0.2100000E-01
   478  0.1915200E-01  0.1184618E+00 -0.1100000E-01
   479  0.2487860E-01  0.1090003E+00 -0.2100000E-01
   480  0.2670250E-01  0.1169913E+00 -0.1100000E-01
   481  0.1073570E-01  0.1112868E+00 -0.2100000E-01
   482  0.1152280E-01  0.1194455E+00 -0.1100000E-01
   483  0.1784380E-01  0.1103703E+00 -0.2100000E-01
   484  0.1915200E-01  0.1184618E+00 -0.1100000E-01
   485  0.3583500E-02  0.1117460E+00 -0.2100000E-01
   486  0.3846200E-02  0.1199383E+00 -0.1100000E-01
   487  0.1073570E-01  0.1112868E+00 -0.2100000E-01
   488  0.1152280E-01  0.1194455E+00 -0.1100000E-01
   489 -0.3583500E-02  0.1117460E+00 -0.2100000E-01
   490 -0.3846200E-02  0.1199383E+00 -0.1100000E-01
   491  0.3583500E-02  0.1117460E+00 -0.2100000E-01
   492  0.3846200E-02  0.1199383E+00 -0.1100000E-01
   493 -0.1073570E-01  0.1112868E+00 -0.2100000E-01
   494 -0.1152280E-01  0.1194455E+00 -0.1100000E-01
   495 -0.3583500E-02  0.1117460E+00 -0.2100000E-01
   496 -0.3846200E-02  0.1199383E+00 -0.1100000E-01
   497 -0.1784380E-01  0.1103703E+00 -0.2100000E-01
   498 -0.1915200E-01  0.1184618E+00 -0.1100000E-01
   499 -0.1073570E-01  0.1112868E+00 -0.2100000E-01
   500 -0.1152280E-01  0.1194455E+00 -0.1100000E-01
   501 -0.2487860E-01  0.1090003E+00 -0.2100000E-01
   502 -0.2670250E-01  0.1169913E+00 -0.1100000E-01
   503 -0.1784380E-01  0.1103703E+00 -0.2100000E-01
   504 -0.1915200E-01  0.1184618E+00 -0.1100000E-01
   505 -0.3181120E-01  0.1071823E+00 -0.2100000E-01
   506 -0.3414330E-01  0.1150401E+00 -0.1100000E-01
   507 -0.2487860E-01  0.1090003E+00 -0.2100000E-01
   508 -0.2670250E-01  0.1169913E+00 -0.1100000E-01
   509 -0.3861300E-01  0.1049240E+00 -0.2100000E-01
   510 -0.4144380E-01  0.1126162E+00 -0.1100000E-01
   511 -0.3181120E-01  0.1071823E+00 -0.2100000E-01
   512 -0.3414330E-01  0.1150401E+00 -0.1100000E-01
   513 -0.4525610E-01  0.1022344E+00 -0.2100000E-01
   514 -0.4857400E-01  0.1097295E+00 -0.1100000E-01
   515 -0.3861300E-01  0.1049240E+00 -0.2100000E-01
   516 -0.4144380E-01  0.1126162E+00 -0.1100000E-01
   517 -0.5171340E-01  0.9912480E-01 -0.2100000E-01
   518 -0.5550460E-01  0.1063919E+00 -0.1100000E-01
   519 -0.4525610E-01  0.1022344E+00 -0.2100000E-01
   520 -0.4857400E-01  0.1097295E+00 -0.1100000E-01
   521 -0.5795810E-01  0.9560790E-01 -0.2100000E-01
   522 -0.6220710E-01  0.1026171E+00 -0.1100000E-01
   523 -0.5171340E-01  0.9912480E-01 -0.2100000E-01
   524 -0.5550460E-01  0.1063919E+00 -0.1100000E-01
   525 -0.6396460E-01  0.9169810E-01 -0.2100000E-01
   526 -0.6865400E-01  0.9842070E-01 -0.1100000E-01
   527 -0.5795810E-01  0.9560790E-01 -0.2100000E-01
   528 -0.6220710E-01  0.1026171E+00 -0.1100000E-01
   529 -0.6970830E-01  0.8741140E-01 -0.2100000E-01
   530 -0.7481880E-01  0.9381980E-01 -0.1100000E-01
   531 -0.6396460E-01  0.9169810E-01 -0.2100000E-01
   532 -0.6865400E-01  0.9842070E-01 -0.1100000E-01
   533 -0.7516550E-01  0.8276560E-01 -0.2100000E-01
   534 -0.8067610E-01  0.8883340E-01 -0.1100000E-01
   535 -0.6970830E-01  0.8741140E-01 -0.2100000E-01
   536 -0.7481880E-01  0.9381980E-01 -0.1100000E-01
   537 -0.8031390E-01  0.7777970E-01 -0.2100000E-01
   538 -0.8620190E-01  0.8348190E-01 -0.1100000E-01
   539 -0.7516550E-01  0.8276560E-01 -0.2100000E-01
   540 -0.8067610E-01  0.8883340E-01 -0.1100000E-01
   541 -0.8513220E-01  0.7247410E-01 -0.2100000E-01
   542 -0.9137350E-01  0.7778740E-01 -0.1100000E-01
   543 -0.8031390E-01  0.7777970E-01 -0.2100000E-01
   544 -0.8620190E-01  0.8348190E-01 -0.1100000E-01
   545 -0.8960080E-01  0.6687080E-01 -0.2100000E-01
   546 -0.9616960E-01  0.7177330E-01 -0.1100000E-01
   547 -0.8513220E-01  0.7247410E-01 -0.2100000E-01
   548 -0.9137350E-01  0.7778740E-01 -0.1100000E-01
   549 -0.9370110E-01  0.6099270E-01 -0.2100000E-01
   550 -0.1005706E+00  0.6546420E-01 -0.1100000E-01
   551 -0.8960080E-01  0.6687080E-01 -0.2100000E-01
   552 -0.9616960E-01  0.7177330E-01 -0.1100000E-01
   553 -0.9741640E-01  0.5486390E-01 -0.2100000E-01
   554 -0.1045582E+00  0.5888610E-01 -0.1100000E-01
   555 -0.9370110E-01  0.6099270E-01 -0.2100000E-01
   556 -0.1005706E+00  0.6546420E-01 -0.1100000E-01
   557 -0.1007314E+00  0.4850970E-01 -0.2100000E-01
   558 -0.1081163E+00  0.5206610E-01 -0.1100000E-01
   559 -0.9741640E-01  0.5486390E-01 -0.2100000E-01
   560 -0.1045582E+00  0.5888610E-01 -0.1100000E-01
   561 -0.1036324E+00  0.4195610E-01 -0.2100000E-01
   562 -0.1112300E+00  0.4503200E-01 -0.1100000E-01
   563 -0.1007314E+00  0.4850970E-01 -0.2100000E-01
   564 -0.1081163E+00  0.5206610E-01 -0.1100000E-01
   565 -0.1061077E+00  0.3523020E-01 -0.2100000E-01
   566 -0.1138867E+00  0.3781300E-01 -0.1100000E-01
   567 -0.1036324E+00  0.4195610E-01 -0.2100000E-01
   568 -0.1112300E+00  0.4503200E-01 -0.1100000E-01
   569 -0.1081469E+00  0.2835940E-01 -0.2100000E-01
   570 -0.1160754E+00  0.3043850E-01 -0.1100000E-01
   571 -0.1061077E+00  0.3523020E-01 -0.2100000E-01
   572 -0.1138867E+00  0.3781300E-01 -0.1100000E-01
   573 -0.1097416E+00  0.2137220E-01 -0.2100000E-01
   574 -0.1177871E+00  0.2293900E-01 -0.1100000E-01
   575 -0.1081469E+00  0.2835940E-01 -0.2100000E-01
   576 -0.1160754E+00  0.3043850E-01 -0.1100000E-01
   577 -0.1108855E+00  0.1429710E-01 -0.2100000E-01
   578 -0.1190148E+00  0.1534530E-01 -0.1100000E-01
   579 -0.1097416E+00  0.2137220E-01 -0.2100000E-01
   580 -0.1177871E+00  0.2293900E-01 -0.1100000E-01
   581 -0.1115737E+00  0.7163300E-02 -0.2100000E-01
   582 -0.1197534E+00  0.7688400E-02 -0.1100000E-01
   583 -0.1108855E+00  0.1429710E-01 -0.2100000E-01
   584 -0.1190148E+00  0.1534530E-01 -0.1100000E-01
   585 -0.1118034E+00  0.0000000E+00 -0.2100000E-01
   586 -0.1200000E+00  0.0000000E+00 -0.1100000E-01
   587 -0.1115737E+00  0.7163300E-02 -0.2100000E-01
   588 -0.1197534E+00  0.7688400E-02 -0.1100000E-01
   589  0.1017709E+00  0.6533900E-02 -0.3100000E-01
   590  0.1115737E+00  0.7163300E-02 -0.2100000E-01
   591  0.1019804E+00  0.0000000E+00 -0.3100000E-01
   592  0.1118034E+00  0.0000000E+00 -0.2100000E-01
   593  0.1011431E+00  0.1304100E-01 -0.3100000E-01
   594  0.1108855E+00  0.1429710E-01 -0.2100000E-01
   595  0.1017709E+00  0.6533900E-02 -0.3100000E-01
   596  0.1115737E+00  0.7163300E-02 -0.2100000E-01
   597  0.1000998E+00  0.1949440E-01 -0.3100000E-01
   598  0.1097416E+00  0.2137220E-01 -0.2100000E-01
   599  0.1011431E+00  0.1304100E-01 -0.3100000E-01
   600  0.1108855E+00  0.1429710E-01 -0.2100000E-01
   601  0.9864510E-01  0.2586780E-01 -0.3100000E-01
   602  0.1081469E+00  0.2835940E-01 -0.2100000E-01
   603  0.1000998E+00  0.1949440E-01 -0.3100000E-01
   604  0.1097416E+00  0.2137220E-01 -0.2100000E-01
   605  0.9678510E-01  0.3213490E-01 -0.3100000E-01
   606  0.1061077E+00  0.3523020E-01 -0.2100000E-01
   607  0.9864510E-01  0.2586780E-01 -0.3100000E-01
   608  0.1081469E+00  0.2835940E-01 -0.2100000E-01
   609  0.9452730E-01  0.3826990E-01 -0.3100000E-01
   610  0.1036324E+00  0.4195610E-01 -0.2100000E-01
   611  0.9678510E-01  0.3213490E-01 -0.3100000E-01
   612  0.1061077E+00  0.3523020E-01 -0.2100000E-01
   613  0.9188120E-01  0.4424760E-01 -0.3100000E-01
   614  0.1007314E+00  0.4850970E-01 -0.2100000E-01
   615  0.9452730E-01  0.3826990E-01 -0.3100000E-01
   616  0.1036324E+00  0.4195610E-01 -0.2100000E-01
   617  0.8885740E-01  0.5004360E-01 -0.3100000E-01
   618  0.9741640E-01  0.5486390E-01 -0.2100000E-01
   619  0.9188120E-01  0.4424760E-01 -0.3100000E-01
   620  0.1007314E+00  0.4850970E-01 -0.2100000E-01
   621  0.8546860E-01  0.5563390E-01 -0.3100000E-01
   622  0.9370110E-01  0.6099270E-01 -0.2100000E-01
   623  0.8885740E-01  0.5004360E-01 -0.3100000E-01
   624  0.9741640E-01  0.5486390E-01 -0.2100000E-01
   625  0.8172850E-01  0.6099550E-01 -0.3100000E-01
   626  0.8960080E-01  0.6687080E-01 -0.2100000E-01
   627  0.8546860E-01  0.5563390E-01 -0.3100000E-01
   628  0.9370110E-01  0.6099270E-01 -0.2100000E-01
   629  0.7765260E-01  0.6610660E-01 -0.3100000E-01
   630  0.8513220E-01  0.7247410E-01 -0.2100000E-01
   631  0.8172850E-01  0.6099550E-01 -0.3100000E-01
   632  0.8960080E-01  0.6687080E-01 -0.2100000E-01
   633  0.7325760E-01  0.7094600E-01 -0.3100000E-01
   634  0.8031390E-01  0.7777970E-01 -0.2100000E-01
   635  0.7765260E-01  0.6610660E-01 -0.3100000E-01
   636  0.8513220E-01  0.7247410E-01 -0.2100000E-01
   637  0.6856150E-01  0.7549380E-01 -0.3100000E-01
   638  0.7516550E-01  0.8276560E-01 -0.2100000E-01
   639  0.7325760E-01  0.7094600E-01 -0.3100000E-01
   640  0.8031390E-01  0.7777970E-01 -0.2100000E-01
   641  0.6358370E-01  0.7973150E-01 -0.3100000E-01
   642  0.6970830E-01  0.8741140E-01 -0.2100000E-01
   643  0.6856150E-01  0.7549380E-01 -0.3100000E-01
   644  0.7516550E-01  0.8276560E-01 -0.2100000E-01
   645  0.5834470E-01  0.8364150E-01 -0.3100000E-01
   646  0.6396460E-01  0.9169810E-01 -0.2100000E-01
   647  0.6358370E-01  0.7973150E-01 -0.3100000E-01
   648  0.6970830E-01  0.8741140E-01 -0.2100000E-01
   649  0.5286590E-01  0.8720780E-01 -0.3100000E-01
   650  0.5795810E-01  0.9560790E-01 -0.2100000E-01
   651  0.5834470E-01  0.8364150E-01 -0.3100000E-01
   652  0.6396460E-01  0.9169810E-01 -0.2100000E-01
   653  0.4716980E-01  0.9041570E-01 -0.3100000E-01
   654  0.5171340E-01  0.9912480E-01 -0.2100000E-01
   655  0.5286590E-01  0.8720780E-01 -0.3100000E-01
   656  0.5795810E-01  0.9560790E-01 -0.2100000E-01
   657  0.4128000E-01  0.9325220E-01 -0.3100000E-01
   658  0.4525610E-01  0.1022344E+00 -0.2100000E-01
   659  0.4716980E-01  0.9041570E-01 -0.3100000E-01
   660  0.5171340E-01  0.9912480E-01 -0.2100000E-01
   661  0.3522050E-01  0.9570540E-01 -0.3100000E-01
   662  0.3861300E-01  0.1049240E+00 -0.2100000E-01
   663  0.4128000E-01  0.9325220E-01 -0.3100000E-01
   664  0.4525610E-01  0.1022344E+00 -0.2100000E-01
   665  0.2901620E-01  0.9776530E-01 -0.3100000E-01
   666  0.3181120E-01  0.1071823E+00 -0.2100000E-01
   667  0.3522050E-01  0.9570540E-01 -0.3100000E-01
   668  0.3861300E-01  0.1049240E+00 -0.2100000E-01
   669  0.2269280E-01  0.9942350E-01 -0.3100000E-01
   670  0.2487860E-01  0.1090003E+00 -0.2100000E-01
   671  0.2901620E-01  0.9776530E-01 -0.3100000E-01
   672  0.3181120E-01  0.1071823E+00 -0.2100000E-01
   673  0.1627610E-01  0.1006732E+00 -0.3100000E-01
   674  0.1784380E-01  0.1103703E+00 -0.2100000E-01
   675  0.2269280E-01  0.9942350E-01 -0.3100000E-01
   676  0.2487860E-01  0.1090003E+00 -0.2100000E-01
   677  0.9792500E-02  0.1015092E+00 -0.3100000E-01
   678  0.1073570E-01  0.1112868E+00 -0.2100000E-01
   679  0.1627610E-01  0.1006732E+00 -0.3100000E-01
   680  0.1784380E-01  0.1103703E+00 -0.2100000E-01
   681  0.3268600E-02  0.1019280E+00 -0.3100000E-01
   682  0.3583500E-02  0.1117460E+00 -0.2100000E-01
   683  0.9792500E-02  0.1015092E+00 -0.3100000E-01
   684  0.1073570E-01  0.1112868E+00 -0.2100000E-01
   685 -0.3268600E-02  0.1019280E+00 -0.3100000E-01
   686 -0.3583500E-02  0.1117460E+00 -0.2100000E-01
   687  0.3268600E-02  0.1019280E+00 -0.3100000E-01
   688  0.3583500E-02  0.1117460E+00 -0.2100000E-01
   689 -0.9792500E-02  0.1015092E+00 -0.3100000E-01
   690 -0.1073570E-01  0.1112868E+00 -0.2100000E-01
   691 -0.3268600E-02  0.1019280E+00 -0.3100000E-01
   692 -0.3583500E-02  0.1117460E+00 -0.2100000E-01
   693 -0.1627610E-01  0.1006732E+00 -0.3100000E-01
   694 -0.1784380E-01  0.1103703E+00 -0.2100000E-01
   695 -0.9792500E-02  0.1015092E+00 -0.3100000E-01
   696 -0.1073570E-01  0.1112868E+00 -0.2100000E-01
   697 -0.2269280E-01  0.9942350E-01 -0.3100000E-01
   698 -0.2487860E-01  0.1090003E+00 -0.2100000E-01
   699 -0.1627610E-01  0.1006732E+00 -0.3100000E-01
   700 -0.1784380E-01  0.1103703E+00 -0.2100000E-01
   701 -0.2901620E-01  0.9776530E-01 -0.3100000E-01
   702 -0.3181120E-01  0.1071823E+00 -0.2100000E-01
   703 -0.2269280E-01  0.9942350E-01 -0.3100000E-01
   704 -0.2487860E-01  0.1090003E+00 -0.2100000E-01
   705 -0.3522050E-01  0.9570540E-01 -0.3100000E-01
   706 -0.3861300E-01  0.1049240E+00 -0.2100000E-01
   707 -0.2901620E-01  0.9776530E-01 -0.3100000E-01
   708 -0.3181120E-01  0.1071823E+00 -0.2100000E-01
   709 -0.4128000E-01  0.9325220E-01 -0.3100000E-01
   710 -0.4525610E-01  0.1022344E+00 -0.2100000E-01
   711 -0.3522050E-01  0.9570540E-01 -0.3100000E-01
   712 -0.3861300E-01  0.1049240E+00 -0.2100000E-01
   713 -0.4716980E-01  0.9041570E-01 -0.3100000E-01
   714 -0.5171340E-01  0.9912480E-01 -0.2100000E-01
   715 -0.4128000E-01  0.9325220E-01 -0.3100000E-01
   716 -0.4525610E-01  0.1022344E+00 -0.2100000E-01
   717 -0.5286590E-01  0.8720780E-01 -0.3100000E-01
   718 -0.5795810E-01  0.9560790E-01 -0.2100000E-01
   719 -0.4716980E-01  0.9041570E-01 -0.3100000E-01
   720 -0.5171340E-01  0.9912480E-01 -0.2100000E-01
   721 -0.5834470E-01  0.8364150E-01 -0.3100000E-01
   722 -0.6396460E-01  0.9169810E-01 -0.2100000E-01
   723 -0.5286590E-01  0.8720780E-01 -0.3100000E-01
   724 -0.5795810E-01  0.9560790E-01 -0.2100000E-01
   725 -0.6358370E-01  0.7973150E-01 -0.3100000E-01
   726 -0.6970830E-01  0.8741140E-01 -0.2100000E-01
   727 -0.5834470E-01  0.8364150E-01 -0.3100000E-01
   728 -0.6396460E-01  0.9169810E-01 -0.2100000E-01
   729 -0.6856150E-01  0.7549380E-01 -0.3100000E-01
   730 -0.7516550E-01  0.8276560E-01 -0.2100000E-01
   731 -0.6358370E-01  0.7973150E-01 -0.3100000E-01
   732 -0.6970830E-01  0.8741140E-01 -0.2100000E-01
   733 -0.7325760E-01  0.7094600E-01 -0.3100000E-01
   734 -0.8031390E-01  0.7777970E-01 -0.2100000E-01
   735 -0.6856150E-01  0.7549380E-01 -0.3100000E-01
   736 -0.7516550E-01  0.8276560E-01 -0.2100000E-01
   737 -0.7765260E-01  0.6610660E-01 -0.3100000E-01
   738 -0.8513220E-01  0.7247410E-01 -0.2100000E-01
   739 -0.7325760E-01  0.7094600E-01 -0.3100000E-01
   740 -0.8031390E-01  0.7777970E-01 -0.2100000E-01
   741 -0.8172850E-01  0.6099550E-01 -0.3100000E-01
   742 -0.8960080E-01  0.6687080E-01 -0.2100000E-01
   743 -0.7765260E-01  0.6610660E-01 -0.3100000E-01
   744 -0.8513220E-01  0.7247410E-01 -0.2100000E-01
   745 -0.8546860E-01  0.5563390E-01 -0.3100000E-01
   746 -0.9370110E-01  0.6099270E-01 -0.2100000E-01
   747 -0.8172850E-01  0.6099550E-01 -0.3100000E-01
   748 -0.8960080E-01  0.6687080E-01 -0.2100000E-01
   749 -0.8885740E-01  0.5004360E-01 -0.3100000E-01
   750 -0.9741640E-01  0.5486390E-01 -0.2100000E-01
   751 -0.8546860E-01  0.5563390E-01 -0.3100000E-01
   752 -0.9370110E-01  0.6099270E-01 -0.2100000E-01
   753 -0.9188120E-01  0.4424760E-01 -0.3100000E-01
   754 -0.1007314E+00  0.4850970E-01 -0.2100000E-01
   755 -0.8885740E-01  0.5004360E-01 -0.3100000E-01
   756 -0.9741640E-01  0.5486390E-01 -0.2100000E-01
   757 -0.9452730E-01  0.3826990E-01 -0.3100000E-01
   758 -0.1036324E+00  0.4195610E-01 -0.2100000E-01
   759 -0.9188120E-01  0.4424760E-01 -0.3100000E-01
   760 -0.1007314E+00  0.4850970E-01 -0.2100000E-01
   761 -0.9678510E-01  0.3213490E-01 -0.3100000E-01
   762 -0.1061077E+00  0.3523020E-01 -0.2100000E-01
   763 -0.9452730E-01  0.3826990E-01 -0.3100000E-01
   764 -0.1036324E+00  0.4195610E-01 -0.2100000E-01
   765 -0.9864510E-01  0.2586780E-01 -0.3100000E-01
   766 -0.1081469E+00  0.2835940E-01 -0.2100000E-01
   767 -0.9678510E-01  0.3213490E-01 -0.3100000E-01
   768 -0.1061077E+00  0.3523020E-01 -0.2100000E-01
   769 -0.1000998E+00  0.1949440E-01 -0.3100000E-01
   770 -0.1097416E+00  0.2137220E-01 -0.2100000E-01
   771 -0.9864510E-01  0.2586780E-01 -0.3100000E-01
   772 -0.1081469E+00  0.2835940E-01 -0.2100000E-01
   773 -0.1011431E+00  0.1304100E-01 -0.3100000E-01
   774 -0.1108855E+00  0.1429710E-01 -0.2100000E-01
   775 -0.1000998E+00  0.1949440E-01 -0.3100000E-01
   776 -0.1097416E+00  0.2137220E-01 -0.2100000E-01
   777 -0.1017709E+00  0.6533900E-02 -0.3100000E-01
   778 -0.1115737E+00  0.7163300E-02 -0.2100000E-01
   779 -0.1011431E+00  0.1304100E-01 -0.3100000E-01
   780 -0.1108855E+00  0.1429710E-01 -0.2100000E-01
   781 -0.1019804E+00  0.0000000E+00 -0.3100000E-01
   782 -0.1118034E+00  0.0000000E+00 -0.2100000E-01
   783 -0.1017709E+00  0.6533900E-02 -0.3100000E-01
   784 -0.1115737E+00  0.7163300E-02 -0.2100000E-01
   785  0.8981510E-01  0.5766300E-02 -0.4100000E-01
   786  0.1017709E+00  0.6533900E-02 -0.3100000E-01
   787  0.9000000E-01  0.0000000E+00 -0.4100000E-01
   788  0.1019804E+00  0.0000000E+00 -0.3100000E-01
   789  0.8926110E-01  0.1150890E-01 -0.4100000E-01
   790  0.1011431E+00  0.1304100E-01 -0.3100000E-01
   791  0.8981510E-01  0.5766300E-02 -0.4100000E-01
   792  0.1017709E+00  0.6533900E-02 -0.3100000E-01
   793  0.8834030E-01  0.1720430E-01 -0.4100000E-01
   794  0.1000998E+00  0.1949440E-01 -0.3100000E-01
   795  0.8926110E-01  0.1150890E-01 -0.4100000E-01
   796  0.1011431E+00  0.1304100E-01 -0.3100000E-01
   797  0.8705650E-01  0.2282890E-01 -0.4100000E-01
   798  0.9864510E-01  0.2586780E-01 -0.3100000E-01
   799  0.8834030E-01  0.1720430E-01 -0.4100000E-01
   800  0.1000998E+00  0.1949440E-01 -0.3100000E-01
   801  0.8541500E-01  0.2835970E-01 -0.4100000E-01
   802  0.9678510E-01  0.3213490E-01 -0.3100000E-01
   803  0.8705650E-01  0.2282890E-01 -0.4100000E-01
   804  0.9864510E-01  0.2586780E-01 -0.3100000E-01
   805  0.8342250E-01  0.3377400E-01 -0.4100000E-01
   806  0.9452730E-01  0.3826990E-01 -0.3100000E-01
   807  0.8541500E-01  0.2835970E-01 -0.4100000E-01
   808  0.9678510E-01  0.3213490E-01 -0.3100000E-01
   809  0.8108720E-01  0.3904950E-01 -0.4100000E-01
   810  0.9188120E-01  0.4424760E-01 -0.3100000E-01
   811  0.8342250E-01  0.3377400E-01 -0.4100000E-01
   812  0.9452730E-01  0.3826990E-01 -0.3100000E-01
   813  0.7841870E-01  0.4416460E-01 -0.4100000E-01
   814  0.8885740E-01  0.5004360E-01 -0.3100000E-01
   815  0.8108720E-01  0.3904950E-01 -0.4100000E-01
   816  0.9188120E-01  0.4424760E-01 -0.3100000E-01
   817  0.7542790E-01  0.4909810E-01 -0.4100000E-01
   818  0.8546860E-01  0.5563390E-01 -0.3100000E-01
   819  0.7841870E-01  0.4416460E-01 -0.4100000E-01
   820  0.8885740E-01  0.5004360E-01 -0.3100000E-01
   821  0.7212720E-01  0.5382990E-01 -0.4100000E-01
   822  0.8172850E-01  0.6099550E-01 -0.3100000E-01
   823  0.7542790E-01  0.4909810E-01 -0.4100000E-01
   824  0.8546860E-01  0.5563390E-01 -0.3100000E-01
   825  0.6853010E-01  0.5834060E-01 -0.4100000E-01
   826  0.7765260E-01  0.6610660E-01 -0.3100000E-01
   827  0.7212720E-01  0.5382990E-01 -0.4100000E-01
   828  0.8172850E-01  0.6099550E-01 -0.3100000E-01
   829  0.6465140E-01  0.6261140E-01 -0.4100000E-01
   830  0.7325760E-01  0.7094600E-01 -0.3100000E-01
   831  0.6853010E-01  0.5834060E-01 -0.4100000E-01
   832  0.7765260E-01  0.6610660E-01 -0.3100000E-01
   833  0.6050710E-01  0.6662500E-01 -0.4100000E-01
   834  0.6856150E-01  0.7549380E-01 -0.3100000E-01
   835  0.6465140E-01  0.6261140E-01 -0.4100000E-01
   836  0.7325760E-01  0.7094600E-01 -0.3100000E-01
   837  0.5611410E-01  0.7036480E-01 -0.4100000E-01
   838  0.6358370E-01  0.7973150E-01 -0.3100000E-01
   839  0.6050710E-01  0.6662500E-01 -0.4100000E-01
   840  0.6856150E-01  0.7549380E-01 -0.3100000E-01
   841  0.5149050E-01  0.7381550E-01 -0.4100000E-01
   842  0.5834470E-01  0.8364150E-01 -0.3100000E-01
   843  0.5611410E-01  0.7036480E-01 -0.4100000E-01
   844  0.6358370E-01  0.7973150E-01 -0.3100000E-01
   845  0.4665530E-01  0.7696290E-01 -0.4100000E-01
   846  0.5286590E-01  0.8720780E-01 -0.3100000E-01
   847  0.5149050E-01  0.7381550E-01 -0.4100000E-01
   848  0.5834470E-01  0.8364150E-01 -0.3100000E-01
   849  0.4162850E-01  0.7979390E-01 -0.4100000E-01
   850  0.4716980E-01  0.9041570E-01 -0.3100000E-01
   851  0.4665530E-01  0.7696290E-01 -0.4100000E-01
   852  0.5286590E-01  0.8720780E-01 -0.3100000E-01
   853  0.3643050E-01  0.8229710E-01 -0.4100000E-01
   854  0.4128000E-01  0.9325220E-01 -0.3100000E-01
   855  0.4162850E-01  0.7979390E-01 -0.4100000E-01
   856  0.4716980E-01  0.9041570E-01 -0.3100000E-01
   857  0.3108280E-01  0.8446220E-01 -0.4100000E-01
   858  0.3522050E-01  0.9570540E-01 -0.3100000E-01
   859  0.3643050E-01  0.8229710E-01 -0.4100000E-01
   860  0.4128000E-01  0.9325220E-01 -0.3100000E-01
   861  0.2560750E-01  0.8628010E-01 -0.4100000E-01
   862  0.2901620E-01  0.9776530E-01 -0.3100000E-01
   863  0.3108280E-01  0.8446220E-01 -0.4100000E-01
   864  0.3522050E-01  0.9570540E-01 -0.3100000E-01
   865  0.2002690E-01  0.8774350E-01 -0.4100000E-01
   866  0.2269280E-01  0.9942350E-01 -0.3100000E-01
   867  0.2560750E-01  0.8628010E-01 -0.4100000E-01
   868  0.2901620E-01  0.9776530E-01 -0.3100000E-01
   869  0.1436400E-01  0.8884640E-01 -0.4100000E-01
   870  0.1627610E-01  0.1006732E+00 -0.3100000E-01
   871  0.2002690E-01  0.8774350E-01 -0.4100000E-01
   872  0.2269280E-01  0.9942350E-01 -0.3100000E-01
   873  0.8642100E-02  0.8958410E-01 -0.4100000E-01
   874  0.9792500E-02  0.1015092E+00 -0.3100000E-01
   875  0.1436400E-01  0.8884640E-01 -0.4100000E-01
   876  0.1627610E-01  0.1006732E+00 -0.3100000E-01
   877  0.2884600E-02  0.8995380E-01 -0.4100000E-01
   878  0.3268600E-02  0.1019280E+00 -0.3100000E-01
   879  0.8642100E-02  0.8958410E-01 -0.4100000E-01
   880  0.9792500E-02  0.1015092E+00 -0.3100000E-01
   881 -0.2884600E-02  0.8995380E-01 -0.4100000E-01
   882 -0.3268600E-02  0.1019280E+00 -0.3100000E-01
   883  0.2884600E-02  0.8995380E-01 -0.4100000E-01
   884  0.3268600E-02  0.1019280E+00 -0.3100000E-01
   885 -0.8642100E-02  0.8958410E-01 -0.4100000E-01
   886 -0.9792500E-02  0.1015092E+00 -0.3100000E-01
   887 -0.2884600E-02  0.8995380E-01 -0.4100000E-01
   888 -0.3268600E-02  0.1019280E+00 -0.3100000E-01
   889 -0.1436400E-01  0.8884640E-01 -0.4100000E-01
   890 -0.1627610E-01  0.1006732E+00 -0.3100000E-01
   891 -0.8642100E-02  0.8958410E-01 -0.4100000E-01
   892 -0.9792500E-02  0.1015092E+00 -0.3100000E-01
   893 -0.2002690E-01  0.8774350E-01 -0.4100000E-01
   894 -0.2269280E-01  0.9942350E-01 -0.3100000E-01
   895 -0.1436400E-01  0.8884640E-01 -0.4100000E-01
   896 -0.1627610E-01  0.1006732E+00 -0.3100000E-01
   897 -0.2560750E-01  0.8628010E-01 -0.4100000E-01
   898 -0.2901620E-01  0.9776530E-01 -0.3100000E-01
   899 -0.2002690E-01  0.8774350E-01 -0.4100000E-01
   900 -0.2269280E-01  0.9942350E-01 -0.3100000E-01
   901 -0.3108280E-01  0.8446220E-01 -0.4100000E-01
   902 -0.3522050E-01  0.9570540E-01 -0.3100000E-01
   903 -0.2560750E-01  0.8628010E-01 -0.4100000E-01
   904 -0.2901620E-01  0.9776530E-01 -0.3100000E-01
   905 -0.3643050E-01  0.8229710E-01 -0.4100000E-01
   906 -0.4128000E-01  0.9325220E-01 -0.3100000E-01
   907 -0.3108280E-01  0.8446220E-01 -0.4100000E-01
   908 -0.3522050E-01  0.9570540E-01 -0.3100000E-01
   909 -0.4162850E-01  0.7979390E-01 -0.4100000E-01
   910 -0.4716980E-01  0.9041570E-01 -0.3100000E-01
   911 -0.3643050E-01  0.8229710E-01 -0.4100000E-01
   912 -0.4128000E-01  0.9325220E-01 -0.3100000E-01
   913 -0.4665530E-01  0.7696290E-01 -0.4100000E-01
   914 -0.5286590E-01  0.8720780E-01 -0.3100000E-01
   915 -0.4162850E-01  0.7979390E-01 -0.4100000E-01
   916 -0.4716980E-01  0.9041570E-01 -0.3100000E-01
   917 -0.5149050E-01  0.7381550E-01 -0.4100000E-01
   918 -0.5834470E-01  0.8364150E-01 -0.3100000E-01
   919 -0.4665530E-01  0.7696290E-01 -0.4100000E-01
   920 -0.5286590E-01  0.8720780E-01 -0.3100000E-01
   921 -0.5611410E-01  0.7036480E-01 -0.4100000E-01
   922 -0.6358370E-01  0.7973150E-01 -0.3100000E-01
   923 -0.5149050E-01  0.7381550E-01 -0.4100000E-01
   924 -0.5834470E-01  0.8364150E-01 -0.3100000E-01
   925 -0.6050710E-01  0.6662500E-01 -0.4100000E-01
   926 -0.6856150E-01  0.7549380E-01 -0.3100000E-01
   927 -0.5611410E-01  0.7036480E-01 -0.4100000E-01
   928 -0.6358370E-01  0.7973150E-01 -0.3100000E-01
   929 -0.6465140E-01  0.6261140E-01 -0.4100000E-01
   930 -0.7325760E-01  0.7094600E-01 -0.3100000E-01
   931 -0.6050710E-01  0.6662500E-01 -0.4100000E-01
   932 -0.6856150E-01  0.7549380E-01 -0.3100000E-01
   933 -0.6853010E-01  0.5834060E-01 -0.4100000E-01
   934 -0.7765260E-01  0.6610660E-01 -0.3100000E-01
   935 -0.6465140E-01  0.6261140E-01 -0.4100000E-01
   936 -0.7325760E-01  0.7094600E-01 -0.3100000E-01
   937 -0.7212720E-01  0.5382990E-01 -0.4100000E-01
   938 -0.8172850E-01  0.6099550E-01 -0.3100000E-01
   939 -0.6853010E-01  0.5834060E-01 -0.4100000E-01
   940 -0.7765260E-01  0.6610660E-01 -0.3100000E-01
   941 -0.7542790E-01  0.4909810E-01 -0.4100000E-01
   942 -0.8546860E-01  0.5563390E-01 -0.3100000E-01
   943 -0.7212720E-01  0.5382990E-01 -0.4100000E-01
   944 -0.8172850E-01  0.6099550E-01 -0.3100000E-01
   945 -0.7841870E-01  0.4416460E-01 -0.4100000E-01
   946 -0.8885740E-01  0.5004360E-01 -0.3100000E-01
   947 -0.7542790E-01  0.4909810E-01 -0.4100000E-01
   948 -0.8546860E-01  0.5563390E-01 -0.3100000E-01
   949 -0.8108720E-01  0.3904950E-01 -0.4100000E-01
   950 -0.9188120E-01  0.4424760E-01 -0.3100000E-01
   951 -0.7841870E-01  0.4416460E-01 -0.4100000E-01
   952 -0.8885740E-01  0.5004360E-01 -0.3100000E-01
   953 -0.8342250E-01  0.3377400E-01 -0.4100000E-01
   954 -0.9452730E-01  0.3826990E-01 -0.3100000E-01
   955 -0.8108720E-01  0.3904950E-01 -0.4100000E-01
   956 -0.9188120E-01  0.4424760E-01 -0.3100000E-01
   957 -0.8541500E-01  0.2835970E-01 -0.4100000E-01
   958 -0.9678510E-01  0.3213490E-01 -0.3100000E-01
   959 -0.8342250E-01  0.3377400E-01 -0.4100000E-01
   960 -0.9452730E-01  0.3826990E-01 -0.3100000E-01
   961 -0.8705650E-01  0.2282890E-01 -0.4100000E-01
   962 -0.9864510E-01  0.2586780E-01 -0.3100000E-01
   963 -0.8541500E-01  0.2835970E-01 -0.4100000E-01
   964 -0.9678510E-01  0.3213490E-01 -0.3100000E-01
   965 -0.8834030E-01  0.1720430E-01 -0.4100000E-01
   966 -0.1000998E+00  0.1949440E-01 -0.3100000E-01
   967 -0.8705650E-01  0.2282890E-01 -0.4100000E-01
   968 -0.9864510E-01  0.2586780E-01 -0.3100000E-01
   969 -0.8926110E-01  0.1150890E-01 -0.4100000E-01
   970 -0.1011431E+00  0.1304100E-01 -0.3100000E-01
   971 -0.8834030E-01  0.1720430E-01 -0.4100000E-01
   972 -0.1000998E+00  0.1949440E-01 -0.3100000E-01
   973 -0.8981510E-01  0.5766300E-02 -0.4100000E-01
   974 -0.1017709E+00  0.6533900E-02 -0.3100000E-01
   975 -0.8926110E-01  0.1150890E-01 -0.4100000E-01
   976 -0.1011431E+00  0.1304100E-01 -0.3100000E-01
   977 -0.9000000E-01  0.0000000E+00 -0.4100000E-01
   978 -0.1019804E+00  0.0000000E+00 -0.3100000E-01
   979 -0.8981510E-01  0.5766300E-02 -0.4100000E-01
   980 -0.1017709E+00  0.6533900E-02 -0.3100000E-01
   981  0.7467940E-01  0.4794600E-02 -0.5100000E-01
   982  0.8981510E-01  0.5766300E-02 -0.4100000E-01
   983  0.7483310E-01  0.0000000E+00 -0.5100000E-01
   984  0.9000000E-01  0.0000000E+00 -0.4100000E-01
   985  0.7421880E-01  0.9569500E-02 -0.5100000E-01
   986  0.8926110E-01  0.1150890E-01 -0.4100000E-01
   987  0.7467940E-01  0.4794600E-02 -0.5100000E-01
   988  0.8981510E-01  0.5766300E-02 -0.4100000E-01
   989  0.7345320E-01  0.1430500E-01 -0.5100000E-01
   990  0.8834030E-01  0.1720430E-01 -0.4100000E-01
   991  0.7421880E-01  0.9569500E-02 -0.5100000E-01
   992  0.8926110E-01  0.1150890E-01 -0.4100000E-01
   993  0.7238570E-01  0.1898180E-01 -0.5100000E-01
   994  0.8705650E-01  0.2282890E-01 -0.4100000E-01
   995  0.7345320E-01  0.1430500E-01 -0.5100000E-01
   996  0.8834030E-01  0.1720430E-01 -0.4100000E-01
   997  0.7102080E-01  0.2358050E-01 -0.5100000E-01
   998  0.8541500E-01  0.2835970E-01 -0.4100000E-01
   999  0.7238570E-01  0.1898180E-01 -0.5100000E-01
  1000  0.8705650E-01  0.2282890E-01 -0.4100000E-01
  1001  0.6936410E-01  0.2808240E-01 -0.5100000E-01
  1002  0.8342250E-01  0.3377400E-01 -0.4100000E-01
  1003  0.7102080E-01  0.2358050E-01 -0.5100000E-01
  1004  0.8541500E-01  0.2835970E-01 -0.4100000E-01
  1005  0.6742230E-01  0.3246890E-01 -0.5100000E-01
  1006  0.8108720E-01  0.3904950E-01 -0.4100000E-01
  1007  0.6936410E-01  0.2808240E-01 -0.5100000E-01
  1008  0.8342250E-01  0.3377400E-01 -0.4100000E-01
  1009  0.6520350E-01  0.3672190E-01 -0.5100000E-01
  1010  0.7841870E-01  0.4416460E-01 -0.4100000E-01
  1011  0.6742230E-01  0.3246890E-01 -0.5100000E-01
  1012  0.8108720E-01  0.3904950E-01 -0.4100000E-01
  1013  0.6271680E-01  0.4082410E-01 -0.5100000E-01
  1014  0.7542790E-01  0.4909810E-01 -0.4100000E-01
  1015  0.6520350E-01  0.3672190E-01 -0.5100000E-01
  1016  0.7841870E-01  0.4416460E-01 -0.4100000E-01
  1017  0.5997230E-01  0.4475850E-01 -0.5100000E-01
  1018  0.7212720E-01  0.5382990E-01 -0.4100000E-01
  1019  0.6271680E-01  0.4082410E-01 -0.5100000E-01
  1020  0.7542790E-01  0.4909810E-01 -0.4100000E-01
  1021  0.5698140E-01  0.4850900E-01 -0.5100000E-01
  1022  0.6853010E-01  0.5834060E-01 -0.4100000E-01
  1023  0.5997230E-01  0.4475850E-01 -0.5100000E-01
  1024  0.7212720E-01  0.5382990E-01 -0.4100000E-01
  1025  0.5375630E-01  0.5206010E-01 -0.5100000E-01
  1026  0.6465140E-01  0.6261140E-01 -0.4100000E-01
  1027  0.5698140E-01  0.4850900E-01 -0.5100000E-01
  1028  0.6853010E-01  0.5834060E-01 -0.4100000E-01
  1029  0.5031040E-01  0.5539730E-01 -0.5100000E-01
  1030  0.6050710E-01  0.6662500E-01 -0.4100000E-01
  1031  0.5375630E-01  0.5206010E-01 -0.5100000E-01
  1032  0.6465140E-01  0.6261140E-01 -0.4100000E-01
  1033  0.4665770E-01  0.5850690E-01 -0.5100000E-01
  1034  0.5611410E-01  0.7036480E-01 -0.4100000E-01
  1035  0.5031040E-01  0.5539730E-01 -0.5100000E-01
  1036  0.6050710E-01  0.6662500E-01 -0.4100000E-01
  1037  0.4281330E-01  0.6137610E-01 -0.5100000E-01
  1038  0.5149050E-01  0.7381550E-01 -0.4100000E-01
  1039  0.4665770E-01  0.5850690E-01 -0.5100000E-01
  1040  0.5611410E-01  0.7036480E-01 -0.4100000E-01
  1041  0.3879290E-01  0.6399300E-01 -0.5100000E-01
  1042  0.4665530E-01  0.7696290E-01 -0.4100000E-01
  1043  0.4281330E-01  0.6137610E-01 -0.5100000E-01
  1044  0.5149050E-01  0.7381550E-01 -0.4100000E-01
  1045  0.3461320E-01  0.6634700E-01 -0.5100000E-01
  1046  0.4162850E-01  0.7979390E-01 -0.4100000E-01
  1047  0.3879290E-01  0.6399300E-01 -0.5100000E-01
  1048  0.4665530E-01  0.7696290E-01 -0.4100000E-01
  1049  0.3029120E-01  0.6842840E-01 -0.5100000E-01
  1050  0.3643050E-01  0.8229710E-01 -0.4100000E-01
  1051  0.3461320E-01  0.6634700E-01 -0.5100000E-01
  1052  0.4162850E-01  0.7979390E-01 -0.4100000E-01
  1053  0.2584480E-01  0.7022850E-01 -0.5100000E-01
  1054  0.3108280E-01  0.8446220E-01 -0.4100000E-01
  1055  0.3029120E-01  0.6842840E-01 -0.5100000E-01
  1056  0.3643050E-01  0.8229710E-01 -0.4100000E-01
  1057  0.2129210E-01  0.7174010E-01 -0.5100000E-01
  1058  0.2560750E-01  0.8628010E-01 -0.4100000E-01
  1059  0.2584480E-01  0.7022850E-01 -0.5100000E-01
  1060  0.3108280E-01  0.8446220E-01 -0.4100000E-01
  1061  0.1665190E-01  0.7295690E-01 -0.5100000E-01
  1062  0.2002690E-01  0.8774350E-01 -0.4100000E-01
  1063  0.2129210E-01  0.7174010E-01 -0.5100000E-01
  1064  0.2560750E-01  0.8628010E-01 -0.4100000E-01
  1065  0.1194340E-01  0.7387390E-01 -0.5100000E-01
  1066  0.1436400E-01  0.8884640E-01 -0.4100000E-01
  1067  0.1665190E-01  0.7295690E-01 -0.5100000E-01
  1068  0.2002690E-01  0.8774350E-01 -0.4100000E-01
  1069  0.7185700E-02  0.7448740E-01 -0.5100000E-01
  1070  0.8642100E-02  0.8958410E-01 -0.4100000E-01
  1071  0.1194340E-01  0.7387390E-01 -0.5100000E-01
  1072  0.1436400E-01  0.8884640E-01 -0.4100000E-01
  1073  0.2398500E-02  0.7479470E-01 -0.5100000E-01
  1074  0.2884600E-02  0.8995380E-01 -0.4100000E-01
  1075  0.7185700E-02  0.7448740E-01 -0.5100000E-01
  1076  0.8642100E-02  0.8958410E-01 -0.4100000E-01
  1077 -0.2398500E-02  0.7479470E-01 -0.5100000E-01
  1078 -0.2884600E-02  0.8995380E-01 -0.4100000E-01
  1079  0.2398500E-02  0.7479470E-01 -0.5100000E-01
  1080  0.2884600E-02  0.8995380E-01 -0.4100000E-01
  1081 -0.7185700E-02  0.7448740E-01 -0.5100000E-01
  1082 -0.8642100E-02  0.8958410E-01 -0.4100000E-01
  1083 -0.2398500E-02  0.7479470E-01 -0.5100000E-01
  1084 -0.2884600E-02  0.8995380E-01 -0.4100000E-01
  1085 -0.1194340E-01  0.7387390E-01 -0.5100000E-01
  1086 -0.1436400E-01  0.8884640E-01 -0.4100000E-01
  1087 -0.7185700E-02  0.7448740E-01 -0.5100000E-01
  1088 -0.8642100E-02  0.8958410E-01 -0.4100000E-01
  1089 -0.1665190E-01  0.7295690E-01 -0.5100000E-01
  1090 -0.2002690E-01  0.8774350E-01 -0.4100000E-01
  1091 -0.1194340E-01  0.7387390E-01 -0.5100000E-01
  1092 -0.1436400E-01  0.8884640E-01 -0.4100000E-01
  1093 -0.2129210E-01  0.7174010E-01 -0.5100000E-01
  1094 -0.2560750E-01  0.8628010E-01 -0.4100000E-01
  1095 -0.1665190E-01  0.7295690E-01 -0.5100000E-01
  1096 -0.2002690E-01  0.8774350E-01 -0.4100000E-01
  1097 -0.2584480E-01  0.7022850E-01 -0.5100000E-01
  1098 -0.3108280E-01  0.8446220E-01 -0.4100000E-01
  1099 -0.2129210E-01  0.7174010E-01 -0.5100000E-01
  1100 -0.2560750E-01  0.8628010E-01 -0.4100000E-01
  1101 -0.3029120E-01  0.6842840E-01 -0.5100000E-01
  1102 -0.3643050E-01  0.8229710E-01 -0.4100000E-01
  1103 -0.2584480E-01  0.7022850E-01 -0.5100000E-01
  1104 -0.3108280E-01  0.8446220E-01 -0.4100000E-01
  1105 -0.3461320E-01  0.6634700E-01 -0.5100000E-01
  1106 -0.4162850E-01  0.7979390E-01 -0.4100000E-01
  1107 -0.3029120E-01  0.6842840E-01 -0.5100000E-01
  1108 -0.3643050E-01  0.8229710E-01 -0.4100000E-01
  1109 -0.3879290E-01  0.6399300E-01 -0.5100000E-01
  1110 -0.4665530E-01  0.7696290E-01 -0.4100000E-01
  1111 -0.3461320E-01  0.6634700E-01 -0.5100000E-01
  1112 -0.4162850E-01  0.7979390E-01 -0.4100000E-01
  1113 -0.4281330E-01  0.6137610E-01 -0.5100000E-01
  1114 -0.5149050E-01  0.7381550E-01 -0.4100000E-01
  1115 -0.3879290E-01  0.6399300E-01 -0.5100000E-01
  1116 -0.4665530E-01  0.7696290E-01 -0.4100000E-01
  1117 -0.4665770E-01  0.5850690E-01 -0.5100000E-01
  1118 -0.5611410E-01  0.7036480E-01 -0.4100000E-01
  1119 -0.4281330E-01  0.6137610E-01 -0.5100000E-01
  1120 -0.5149050E-01  0.7381550E-01 -0.4100000E-01
  1121 -0.5031040E-01  0.5539730E-01 -0.5100000E-01
  1122 -0.6050710E-01  0.6662500E-01 -0.4100000E-01
  1123 -0.4665770E-01  0.5850690E-01 -0.5100000E-01
  1124 -0.5611410E-01  0.7036480E-01 -0.4100000E-01
  1125 -0.5375630E-01  0.5206010E-01 -0.5100000E-01
  1126 -0.6465140E-01  0.6261140E-01 -0.4100000E-01
  1127 -0.5031040E-01  0.5539730E-01 -0.5100000E-01
  1128 -0.6050710E-01  0.6662500E-01 -0.4100000E-01
  1129 -0.5698140E-01  0.4850900E-01 -0.5100000E-01
  1130 -0.6853010E-01  0.5834060E-01 -0.4100000E-01
  1131 -0.5375630E-01  0.5206010E-01 -0.5100000E-01
  1132 -0.6465140E-01  0.6261140E-01 -0.4100000E-01
  1133 -0.5997230E-01  0.4475850E-01 -0.5100000E-01
  1134 -0.7212720E-01  0.5382990E-01 -0.4100000E-01
  1135 -0.5698140E-01  0.4850900E-01 -0.5100000E-01
  1136 -0.6853010E-01  0.5834060E-01 -0.4100000E-01
  1137 -0.6271680E-01  0.4082410E-01 -0.5100000E-01
  1138 -0.7542790E-01  0.4909810E-01 -0.4100000E-01
  1139 -0.5997230E-01  0.4475850E-01 -0.5100000E-01
  1140 -0.7212720E-01  0.5382990E-01 -0.4100000E-01
  1141 -0.6520350E-01  0.3672190E-01 -0.5100000E-01
  1142 -0.7841870E-01  0.4416460E-01 -0.4100000E-01
  1143 -0.6271680E-01  0.4082410E-01 -0.5100000E-01
  1144 -0.7542790E-01  0.4909810E-01 -0.4100000E-01
  1145 -0.6742230E-01  0.3246890E-01 -0.5100000E-01
  1146 -0.8108720E-01  0.3904950E-01 -0.4100000E-01
  1147 -0.6520350E-01  0.3672190E-01 -0.5100000E-01
  1148 -0.7841870E-01  0.4416460E-01 -0.4100000E-01
  1149 -0.6936410E-01  0.2808240E-01 -0.5100000E-01
  1150 -0.8342250E-01  0.3377400E-01 -0.4100000E-01
  1151 -0.6742230E-01  0.3246890E-01 -0.5100000E-01
  1152 -0.8108720E-01  0.3904950E-01 -0.4100000E-01
  1153 -0.7102080E-01  0.2358050E-01 -0.5100000E-01
  1154 -0.8541500E-01  0.2835970E-01 -0.4100000E-01
  1155 -0.6936410E-01  0.2808240E-01 -0.5100000E-01
  1156 -0.8342250E-01  0.3377400E-01 -0.4100000E-01
  1157 -0.7238570E-01  0.1898180E-01 -0.5100000E-01
  1158 -0.8705650E-01  0.2282890E-01 -0.4100000E-01
  1159 -0.7102080E-01  0.2358050E-01 -0.5100000E-01
  1160 -0.8541500E-01  0.2835970E-01 -0.4100000E-01
  1161 -0.7345320E-01  0.1430500E-01 -0.5100000E-01
  1162 -0.8834030E-01  0.1720430E-01 -0.4100000E-01
  1163 -0.7238570E-01  0.1898180E-01 -0.5100000E-01
  1164 -0.8705650E-01  0.2282890E-01 -0.4100000E-01
  1165 -0.7421880E-01  0.9569500E-02 -0.5100000E-01
  1166 -0.8926110E-01  0.1150890E-01 -0.4100000E-01
  1167 -0.7345320E-01  0.1430500E-01 -0.5100000E-01
  1168 -0.8834030E-01  0.1720430E-01 -0.4100000E-01
  1169 -0.7467940E-01  0.4794600E-02 -0.5100000E-01
  1170 -0.8981510E-01  0.5766300E-02 -0.4100000E-01
  1171 -0.7421880E-01  0.9569500E-02 -0.5100000E-01
  1172 -0.8926110E-01  0.1150890E-01 -0.4100000E-01
  1173 -0.7483310E-01  0.0000000E+00 -0.5100000E-01
  1174 -0.9000000E-01  0.0000000E+00 -0.4100000E-01
  1175 -0.7467940E-01  0.4794600E-02 -0.5100000E-01
  1176 -0.8981510E-01  0.5766300E-02 -0.4100000E-01
  1177  0.5374100E-01  0.3450300E-02 -0.6100000E-01
  1178  0.7467940E-01  0.4794600E-02 -0.5100000E-01
  1179  0.5385160E-01  0.0000000E+00 -0.6100000E-01
  1180  0.7483310E-01  0.0000000E+00 -0.5100000E-01
  1181  0.5340950E-01  0.6886400E-02 -0.6100000E-01
  1182  0.7421880E-01  0.9569500E-02 -0.5100000E-01
  1183  0.5374100E-01  0.3450300E-02 -0.6100000E-01
  1184  0.7467940E-01  0.4794600E-02 -0.5100000E-01
  1185  0.5285860E-01  0.1029420E-01 -0.6100000E-01
  1186  0.7345320E-01  0.1430500E-01 -0.5100000E-01
  1187  0.5340950E-01  0.6886400E-02 -0.6100000E-01
  1188  0.7421880E-01  0.9569500E-02 -0.5100000E-01
  1189  0.5209040E-01  0.1365970E-01 -0.6100000E-01
  1190  0.7238570E-01  0.1898180E-01 -0.5100000E-01
  1191  0.5285860E-01  0.1029420E-01 -0.6100000E-01
  1192  0.7345320E-01  0.1430500E-01 -0.5100000E-01
  1193  0.5110820E-01  0.1696910E-01 -0.6100000E-01
  1194  0.7102080E-01  0.2358050E-01 -0.5100000E-01
  1195  0.5209040E-01  0.1365970E-01 -0.6100000E-01
  1196  0.7238570E-01  0.1898180E-01 -0.5100000E-01
  1197  0.4991600E-01  0.2020870E-01 -0.6100000E-01
  1198  0.6936410E-01  0.2808240E-01 -0.5100000E-01
  1199  0.5110820E-01  0.1696910E-01 -0.6100000E-01
  1200  0.7102080E-01  0.2358050E-01 -0.5100000E-01
  1201  0.4851870E-01  0.2336540E-01 -0.6100000E-01
  1202  0.6742230E-01  0.3246890E-01 -0.5100000E-01
  1203  0.4991600E-01  0.2020870E-01 -0.6100000E-01
  1204  0.6936410E-01  0.2808240E-01 -0.5100000E-01
  1205  0.4692190E-01  0.2642600E-01 -0.6100000E-01
  1206  0.6520350E-01  0.3672190E-01 -0.5100000E-01
  1207  0.4851870E-01  0.2336540E-01 -0.6100000E-01
  1208  0.6742230E-01  0.3246890E-01 -0.5100000E-01
  1209  0.4513240E-01  0.2937800E-01 -0.6100000E-01
  1210  0.6271680E-01  0.4082410E-01 -0.5100000E-01
  1211  0.4692190E-01  0.2642600E-01 -0.6100000E-01
  1212  0.6520350E-01  0.3672190E-01 -0.5100000E-01
  1213  0.4315740E-01  0.3220920E-01 -0.6100000E-01
  1214  0.5997230E-01  0.4475850E-01 -0.5100000E-01
  1215  0.4513240E-01  0.2937800E-01 -0.6100000E-01
  1216  0.6271680E-01  0.4082410E-01 -0.5100000E-01
  1217  0.4100510E-01  0.3490820E-01 -0.6100000E-01
  1218  0.5698140E-01  0.4850900E-01 -0.5100000E-01
  1219  0.4315740E-01  0.3220920E-01 -0.6100000E-01
  1220  0.5997230E-01  0.4475850E-01 -0.5100000E-01
  1221  0.3868430E-01  0.3746370E-01 -0.6100000E-01
  1222  0.5375630E-01  0.5206010E-01 -0.5100000E-01
  1223  0.4100510E-01  0.3490820E-01 -0.6100000E-01
  1224  0.5698140E-01  0.4850900E-01 -0.5100000E-01
  1225  0.3620450E-01  0.3986520E-01 -0.6100000E-01
  1226  0.5031040E-01  0.5539730E-01 -0.5100000E-01
  1227  0.3868430E-01  0.3746370E-01 -0.6100000E-01
  1228  0.5375630E-01  0.5206010E-01 -0.5100000E-01
  1229  0.3357590E-01  0.4210290E-01 -0.6100000E-01
  1230  0.4665770E-01  0.5850690E-01 -0.5100000E-01
  1231  0.3620450E-01  0.3986520E-01 -0.6100000E-01
  1232  0.5031040E-01  0.5539730E-01 -0.5100000E-01
  1233  0.3080940E-01  0.4416760E-01 -0.6100000E-01
  1234  0.4281330E-01  0.6137610E-01 -0.5100000E-01
  1235  0.3357590E-01  0.4210290E-01 -0.6100000E-01
  1236  0.4665770E-01  0.5850690E-01 -0.5100000E-01
  1237  0.2791630E-01  0.4605090E-01 -0.6100000E-01
  1238  0.3879290E-01  0.6399300E-01 -0.5100000E-01
  1239  0.3080940E-01  0.4416760E-01 -0.6100000E-01
  1240  0.4281330E-01  0.6137610E-01 -0.5100000E-01
  1241  0.2490840E-01  0.4774480E-01 -0.6100000E-01
  1242  0.3461320E-01  0.6634700E-01 -0.5100000E-01
  1243  0.2791630E-01  0.4605090E-01 -0.6100000E-01
  1244  0.3879290E-01  0.6399300E-01 -0.5100000E-01
  1245  0.2179820E-01  0.4924260E-01 -0.6100000E-01
  1246  0.3029120E-01  0.6842840E-01 -0.5100000E-01
  1247  0.2490840E-01  0.4774480E-01 -0.6100000E-01
  1248  0.3461320E-01  0.6634700E-01 -0.5100000E-01
  1249  0.1859850E-01  0.5053810E-01 -0.6100000E-01
  1250  0.2584480E-01  0.7022850E-01 -0.5100000E-01
  1251  0.2179820E-01  0.4924260E-01 -0.6100000E-01
  1252  0.3029120E-01  0.6842840E-01 -0.5100000E-01
  1253  0.1532230E-01  0.5162580E-01 -0.6100000E-01
  1254  0.2129210E-01  0.7174010E-01 -0.5100000E-01
  1255  0.1859850E-01  0.5053810E-01 -0.6100000E-01
  1256  0.2584480E-01  0.7022850E-01 -0.5100000E-01
  1257  0.1198310E-01  0.5250150E-01 -0.6100000E-01
  1258  0.1665190E-01  0.7295690E-01 -0.5100000E-01
  1259  0.1532230E-01  0.5162580E-01 -0.6100000E-01
  1260  0.2129210E-01  0.7174010E-01 -0.5100000E-01
  1261  0.8594700E-02  0.5316140E-01 -0.6100000E-01
  1262  0.1194340E-01  0.7387390E-01 -0.5100000E-01
  1263  0.1198310E-01  0.5250150E-01 -0.6100000E-01
  1264  0.1665190E-01  0.7295690E-01 -0.5100000E-01
  1265  0.5171000E-02  0.5360280E-01 -0.6100000E-01
  1266  0.7185700E-02  0.7448740E-01 -0.5100000E-01
  1267  0.8594700E-02  0.5316140E-01 -0.6100000E-01
  1268  0.1194340E-01  0.7387390E-01 -0.5100000E-01
  1269  0.1726000E-02  0.5382400E-01 -0.6100000E-01
  1270  0.2398500E-02  0.7479470E-01 -0.5100000E-01
  1271  0.5171000E-02  0.5360280E-01 -0.6100000E-01
  1272  0.7185700E-02  0.7448740E-01 -0.5100000E-01
  1273 -0.1726000E-02  0.5382400E-01 -0.6100000E-01
  1274 -0.2398500E-02  0.7479470E-01 -0.5100000E-01
  1275  0.1726000E-02  0.5382400E-01 -0.6100000E-01
  1276  0.2398500E-02  0.7479470E-01 -0.5100000E-01
  1277 -0.5171000E-02  0.5360280E-01 -0.6100000E-01
  1278 -0.7185700E-02  0.7448740E-01 -0.5100000E-01
  1279 -0.1726000E-02  0.5382400E-01 -0.6100000E-01
  1280 -0.2398500E-02  0.7479470E-01 -0.5100000E-01
  1281 -0.8594700E-02  0.5316140E-01 -0.6100000E-01
  1282 -0.1194340E-01  0.7387390E-01 -0.5100000E-01
  1283 -0.5171000E-02  0.5360280E-01 -0.6100000E-01
  1284 -0.7185700E-02  0.7448740E-01 -0.5100000E-01
  1285 -0.1198310E-01  0.5250150E-01 -0.6100000E-01
  1286 -0.1665190E-01  0.7295690E-01 -0.5100000E-01
  1287 -0.8594700E-02  0.5316140E-01 -0.6100000E-01
  1288 -0.1194340E-01  0.7387390E-01 -0.5100000E-01
  1289 -0.1532230E-01  0.5162580E-01 -0.6100000E-01
  1290 -0.2129210E-01  0.7174010E-01 -0.5100000E-01
  1291 -0.1198310E-01  0.5250150E-01 -0.6100000E-01
  1292 -0.1665190E-01  0.7295690E-01 -0.5100000E-01
  1293 -0.1859850E-01  0.5053810E-01 -0.6100000E-01
  1294 -0.2584480E-01  0.7022850E-01 -0.5100000E-01
  1295 -0.1532230E-01  0.5162580E-01 -0.6100000E-01
  1296 -0.2129210E-01  0.7174010E-01 -0.5100000E-01
  1297 -0.2179820E-01  0.4924260E-01 -0.6100000E-01
  1298 -0.3029120E-01  0.6842840E-01 -0.5100000E-01
  1299 -0.1859850E-01  0.5053810E-01 -0.6100000E-01
  1300 -0.2584480E-01  0.7022850E-01 -0.5100000E-01
  1301 -0.2490840E-01  0.4774480E-01 -0.6100000E-01
  1302 -0.3461320E-01  0.6634700E-01 -0.5100000E-01
  1303 -0.2179820E-01  0.4924260E-01 -0.6100000E-01
  1304 -0.3029120E-01  0.6842840E-01 -0.5100000E-01
  1305 -0.2791630E-01  0.4605090E-01 -0.6100000E-01
  1306 -0.3879290E-01  0.6399300E-01 -0.5100000E-01
  1307 -0.2490840E-01  0.4774480E-01 -0.6100000E-01
  1308 -0.3461320E-01  0.6634700E-01 -0.5100000E-01
  1309 -0.3080940E-01  0.4416760E-01 -0.6100000E-01
  1310 -0.4281330E-01  0.6137610E-01 -0.5100000E-01
  1311 -0.2791630E-01  0.4605090E-01 -0.6100000E-01
  1312 -0.3879290E-01  0.6399300E-01 -0.5100000E-01
  1313 -0.3357590E-01  0.4210290E-01 -0.6100000E-01
  1314 -0.4665770E-01  0.5850690E-01 -0.5100000E-01
  1315 -0.3080940E-01  0.4416760E-01 -0.6100000E-01
  1316 -0.4281330E-01  0.6137610E-01 -0.5100000E-01
  1317 -0.3620450E-01  0.3986520E-01 -0.6100000E-01
  1318 -0.5031040E-01  0.5539730E-01 -0.5100000E-01
  1319 -0.3357590E-01  0.4210290E-01 -0.6100000E-01
  1320 -0.4665770E-01  0.5850690E-01 -0.5100000E-01
  1321 -0.3868430E-01  0.3746370E-01 -0.6100000E-01
  1322 -0.5375630E-01  0.5206010E-01 -0.5100000E-01
  1323 -0.3620450E-01  0.3986520E-01 -0.6100000E-01
  1324 -0.5031040E-01  0.5539730E-01 -0.5100000E-01
  1325 -0.4100510E-01  0.3490820E-01 -0.6100000E-01
  1326 -0.5698140E-01  0.4850900E-01 -0.5100000E-01
  1327 -0.3868430E-01  0.3746370E-01 -0.6100000E-01
  1328 -0.5375630E-01  0.5206010E-01 -0.5100000E-01
  1329 -0.4315740E-01  0.3220920E-01 -0.6100000E-01
  1330 -0.5997230E-01  0.4475850E-01 -0.5100000E-01
  1331 -0.4100510E-01  0.3490820E-01 -0.6100000E-01
  1332 -0.5698140E-01  0.4850900E-01 -0.5100000E-01
  1333 -0.4513240E-01  0.2937800E-01 -0.6100000E-01
  1334 -0.6271680E-01  0.4082410E-01 -0.5100000E-01
  1335 -0.4315740E-01  0.3220920E-01 -0.6100000E-01
  1336 -0.5997230E-01  0.4475850E-01 -0.5100000E-01
  1337 -0.4692190E-01  0.2642600E-01 -0.6100000E-01
  1338 -0.6520350E-01  0.3672190E-01 -0.5100000E-01
  1339 -0.4513240E-01  0.2937800E-01 -0.6100000E-01
  1340 -0.6271680E-01  0.4082410E-01 -0.5100000E-01
  1341 -0.4851870E-01  0.2336540E-01 -0.6100000E-01
  1342 -0.6742230E-01  0.3246890E-01 -0.5100000E-01
  1343 -0.4692190E-01  0.2642600E-01 -0.6100000E-01
  1344 -0.6520350E-01  0.3672190E-01 -0.5100000E-01
  1345 -0.4991600E-01  0.2020870E-01 -0.6100000E-01
  1346 -0.6936410E-01  0.2808240E-01 -0.5100000E-01
  1347 -0.4851870E-01  0.2336540E-01 -0.6100000E-01
  1348 -0.6742230E-01  0.3246890E-01 -0.5100000E-01
  1349 -0.5110820E-01  0.1696910E-01 -0.6100000E-01
  1350 -0.7102080E-01  0.2358050E-01 -0.5100000E-01
  1351 -0.4991600E-01  0.2020870E-01 -0.6100000E-01
  1352 -0.6936410E-01  0.2808240E-01 -0.5100000E-01
  1353 -0.5209040E-01  0.1365970E-01 -0.6100000E-01
  1354 -0.7238570E-01  0.1898180E-01 -0.5100000E-01
  1355 -0.5110820E-01  0.1696910E-01 -0.6100000E-01
  1356 -0.7102080E-01  0.2358050E-01 -0.5100000E-01
  1357 -0.5285860E-01  0.1029420E-01 -0.6100000E-01
  1358 -0.7345320E-01  0.1430500E-01 -0.5100000E-01
  1359 -0.5209040E-01  0.1365970E-01 -0.6100000E-01
  1360 -0.7238570E-01  0.1898180E-01 -0.5100000E-01
  1361 -0.5340950E-01  0.6886400E-02 -0.6100000E-01
  1362 -0.7421880E-01  0.9569500E-02 -0.5100000E-01
  1363 -0.5285860E-01  0.1029420E-01 -0.6100000E-01
  1364 -0.7345320E-01  0.1430500E-01 -0.5100000E-01
  1365 -0.5374100E-01  0.3450300E-02 -0.6100000E-01
  1366 -0.7467940E-01  0.4794600E-02 -0.5100000E-01
  1367 -0.5340950E-01  0.6886400E-02 -0.6100000E-01
  1368 -0.7421880E-01  0.9569500E-02 -0.5100000E-01
  1369 -0.5385160E-01  0.0000000E+00 -0.6100000E-01
  1370 -0.7483310E-01  0.0000000E+00 -0.5100000E-01
  1371 -0.5374100E-01  0.3450300E-02 -0.6100000E-01
  1372 -0.7467940E-01  0.4794600E-02 -0.5100000E-01
  1373  0.0000000E+00  0.0000000E+00 -0.7100000E-01
  1374  0.5374100E-01  0.3450300E-02 -0.6100000E-01
  1375  0.0000000E+00  0.0000000E+00 -0.7100000E-01
  1376  0.5385160E-01  0.0000000E+00 -0.6100000E-01
  1377  0.0000000E+00  0.0000000E+00 -0.7100000E-01
  1378  0.5340950E-01  0.6886400E-02 -0.6100000E-01
  1379  0.0000000E+00  0.0000000E+00 -0.7100000E-01
  1380  0.5374100E-01  0.3450300E-02 -0.6100000E-01
  1381  0.0000000E+00  0.0000000E+00 -0.7100000E-01
  1382  0.5285860E-01  0.1029420E-01 -0.6100000E-01
  1383  0.0000000E+00  0.0000000E+00 -0.7100000E-01
  1384  0.5340950E-01  0.6886400E-02 -0.6100000E-01
  1385  0.0000000E+00  0.0000000E+00 -0.7100000E-01
  1386  0.5209040E-01  0.1365970E-01 -0.6100000E-01
  1387  0.0000000E+00  0.0000000E+00 -0.7100000E-01
  1388  0.5285860E-01  0.1029420E-01 -0.6100000E-01
  1389  0.0000000E+00  0.0000000E+00 -0.7100000E-01
  1390  0.5110820E-01  0.1696910E-01 -0.6100000E-01
  1391  0.0000000E+00  0.0000000E+00 -0.7100000E-01
  1392  0.5209040E-01  0.1365970E-01 -0.6100000E-01
  1393  0.0000000E+00  0.0000000E+00 -0.7100000E-01
  1394  0.4991600E-01  0.2020870E-01 -0.6100000E-01
  1395  0.0000000E+00  0.0000000E+00 -0.7100000E-01
  1396  0.5110820E-01  0.1696910E-01 -0.6100000E-01
  1397  0.0000000E+00  0.0000000E+00 -0.7100000E-01
  1398  0.4851870E-01  0.2336540E-01 -0.6100000E-01
  1399  0.0000000E+00  0.0000000E+00 -0.7100000E-01
  1400  0.4991600E-01  0.2020870E-01 -0.6100000E-01
  1401  0.0000000E+00  0.0000000E+00 -0.7100000E-01
  1402  0.4692190E-01  0.2642600E-01 -0.6100000E-01
  1403  0.0000000E+00  0.0000000E+00 -0.7100000E-01
  1404  0.4851870E-01  0.2336540E-01 -0.6100000E-01
  1405  0.0000000E+00  0.0000000E+00 -0.7100000E-01
  1406  0.4513240E-01  0.2937800E-01 -0.6100000E-01
  1407  0.0000000E+00  0.0000000E+00 -0.7100000E-01
  1408  0.4692190E-01  0.2642600E-01 -0.6100000E-01
  1409  0.0000000E+00  0.0000000E+00 -0.7100000E-01
  1410  0.4315740E-01  0.3220920E-01 -0.6100000E-01
  1411  0.0000000E+00  0.0000000E+00 -0.7100000E-01
  1412  0.4513240E-01  0.2937800E-01 -0.6100000E-01
  1413  0.0000000E+00  0.0000000E+00 -0.7100000E-01
  1414  0.4100510E-01  0.3490820E-01 -0.6100000E-01
  1415  0.0000000E+00  0.0000000E+00 -0.7100000E-01
  1416  0.4315740E-01  0.3220920E-01 -0.6100000E-01
  1417  0.0000000E+00  0.0000000E+00 -0.7100000E-01
  1418  0.3868430E-01  0.3746370E-01 -0.6100000E-01
  1419  0.0000000E+00  0.0000000E+00 -0.7100000E-01
  1420  0.4100510E-01  0.3490820E-01 -0.6100000E-01
  1421  0.0000000E+00  0.0000000E+00 -0.7100000E-01
  1422  0.3620450E-01  0.3986520E-01 -0.6100000E-01
  1423  0.0000000E+00  0.0000000E+00 -0.7100000E-01
  1424  0.3868430E-01  0.3746370E-01 -0.6100000E-01
  1425  0.0000000E+00  0.0000000E+00 -0.7100000E-01
  1426  0.3357590E-01  0.4210290E-01 -0.6100000E-01
  1427  0.0000000E+00  0.0000000E+00 -0.7100000E-01
  1428  0.3620450E-01  0.3986520E-01 -0.6100000E-01
  1429  0.0000000E+00  0.0000000E+00 -0.7100000E-01
  1430  0.3080940E-01  0.4416760E-01 -0.6100000E-01
  1431  0.0000000E+00  0.0000000E+00 -0.7100000E-01
  1432  0.3357590E-01  0.4210290E-01 -0.6100000E-01
  1433  0.0000000E+00  0.0000000E+00 -0.7100000E-01
  1434  0.2791630E-01  0.4605090E-01 -0.6100000E-01
  1435  0.0000000E+00  0.0000000E+00 -0.7100000E-01
  1436  0.3080940E-01  0.4416760E-01 -0.6100000E-01
  1437  0.0000000E+00  0.0000000E+00 -0.7100000E-01
  1438  0.2490840E-01  0.4774480E-01 -0.6100000E-01
  1439  0.0000000E+00  0.0000000E+00 -0.7100000E-01
  1440  0.2791630E-01  0.4605090E-01 -0.6100000E-01
  1441  0.0000000E+00  0.0000000E+00 -0.7100000E-01
  1442  0.2179820E-01  0.4924260E-01 -0.6100000E-01
  1443  0.0000000E+00  0.0000000E+00 -0.7100000E-01
  1444  0.2490840E-01  0.4774480E-01 -0.6100000E-01
  1445  0.0000000E+00  0.0000000E+00 -0.7100000E-01
  1446  0.1859850E-01  0.5053810E-01 -0.6100000E-01
  1447  0.0000000E+00  0.0000000E+00 -0.7100000E-01
  1448  0.2179820E-01  0.4924260E-01 -0.6100000E-01
  1449  0.0000000E+00  0.0000000E+00 -0.7100000E-01
  1450  0.1532230E-01  0.5162580E-01 -0.6100000E-01
  1451  0.0000000E+00  0.0000000E+00 -0.7100000E-01
  1452  0.1859850E-01  0.5053810E-01 -0.6100000E-01
  1453  0.0000000E+00  0.0000000E+00 -0.7100000E-01
  1454  0.1198310E-01  0.5250150E-01 -0.6100000E-01
  1455  0.0000000E+00  0.0000000E+00 -0.7100000E-01
  1456  0.1532230E-01  0.5162580E-01 -0.6100000E-01
  1457  0.0000000E+00  0.0000000E+00 -0.7100000E-01
  1458  0.8594700E-02  0.5316140E-01 -0.6100000E-01
  1459  0.0000000E+00  0.0000000E+00 -0.7100000E-01
  1460  0.1198310E-01  0.5250150E-01 -0.6100000E-01
  1461  0.0000000E+00  0.0000000E+00 -0.7100000E-01
  1462  0.5171000E-02  0.5360280E-01 -0.6100000E-01
  1463  0.0000000E+00  0.0000000E+00 -0.7100000E-01
  1464  0.8594700E-02  0.5316140E-01 -0.6100000E-01
  1465  0.0000000E+00  0.0000000E+00 -0.7100000E-01
  1466  0.1726000E-02  0.5382400E-01 -0.6100000E-01
  1467  0.0000000E+00  0.0000000E+00 -0.7100000E-01
  1468  0.5171000E-02  0.5360280E-01 -0.6100000E-01
  1469  0.0000000E+00  0.0000000E+00 -0.7100000E-01
  1470 -0.1726000E-02  0.5382400E-01 -0.6100000E-01
  1471  0.0000000E+00  0.0000000E+00 -0.7100000E-01
  1472  0.1726000E-02  0.5382400E-01 -0.6100000E-01
  1473  0.0000000E+00  0.0000000E+00 -0.7100000E-01
  1474 -0.5171000E-02  0.5360280E-01 -0.6100000E-01
  1475  0.0000000E+00  0.0000000E+00 -0.7100000E-01
  1476 -0.1726000E-02  0.5382400E-01 -0.6100000E-01
  1477  0.0000000E+00  0.0000000E+00 -0.7100000E-01
  1478 -0.8594700E-02  0.5316140E-01 -0.6100000E-01
  1479  0.0000000E+00  0.0000000E+00 -0.7100000E-01
  1480 -0.5171000E-02  0.5360280E-01 -0.6100000E-01
  1481  0.0000000E+00  0.0000000E+00 -0.7100000E-01
  1482 -0.1198310E-01  0.5250150E-01 -0.6100000E-01
  1483  0.0000000E+00  0.0000000E+00 -0.7100000E-01
  1484 -0.8594700E-02  0.5316140E-01 -0.6100000E-01
  1485  0.0000000E+00  0.0000000E+00 -0.7100000E-01
  1486 -0.1532230E-01  0.5162580E-01 -0.6100000E-01
  1487  0.0000000E+00  0.0000000E+00 -0.7100000E-01
  1488 -0.1198310E-01  0.5250150E-01 -0.6100000E-01
  1489  0.0000000E+00  0.0000000E+00 -0.7100000E-01
  1490 -0.1859850E-01  0.5053810E-01 -0.6100000E-01
  1491  0.0000000E+00  0.0000000E+00 -0.7100000E-01
  1492 -0.1532230E-01  0.5162580E-01 -0.6100000E-01
  1493  0.0000000E+00  0.0000000E+00 -0.7100000E-01
  1494 -0.2179820E-01  0.4924260E-01 -0.6100000E-01
  1495  0.0000000E+00  0.0000000E+00 -0.7100000E-01
  1496 -0.1859850E-01  0.5053810E-01 -0.6100000E-01
  1497  0.0000000E+00  0.0000000E+00 -0.7100000E-01
  1498 -0.2490840E-01  0.4774480E-01 -0.6100000E-01
  1499  0.0000000E+00  0.0000000E+00 -0.7100000E-01
  1500 -0.2179820E-01  0.4924260E-01 -0.6100000E-01
  1501  0.0000000E+00  0.0000000E+00 -0.7100000E-01
  1502 -0.2791630E-01  0.4605090E-01 -0.6100000E-01
  1503  0.0000000E+00  0.0000000E+00 -0.7100000E-01
  1504 -0.2490840E-01  0.4774480E-01 -0.6100000E-01
  1505  0.0000000E+00  0.0000000E+00 -0.7100000E-01
  1506 -0.3080940E-01  0.4416760E-01 -0.6100000E-01
  1507  0.0000000E+00  0.0000000E+00 -0.7100000E-01
  1508 -0.2791630E-01  0.4605090E-01 -0.6100000E-01
  1509  0.0000000E+00  0.0000000E+00 -0.7100000E-01
  1510 -0.3357590E-01  0.4210290E-01 -0.6100000E-01
  1511  0.0000000E+00  0.0000000E+00 -0.7100000E-01
  1512 -0.3080940E-01  0.4416760E-01 -0.6100000E-01
  1513  0.0000000E+00  0.0000000E+00 -0.7100000E-01
  1514 -0.3620450E-01  0.3986520E-01 -0.6100000E-01
  1515  0.0000000E+00  0.0000000E+00 -0.7100000E-01
  1516 -0.3357590E-01  0.4210290E-01 -0.6100000E-01
  1517  0.0000000E+00  0.0000000E+00 -0.7100000E-01
  1518 -0.3868430E-01  0.3746370E-01 -0.6100000E-01
  1519  0.0000000E+00  0.0000000E+00 -0.7100000E-01
  1520 -0.3620450E-01  0.3986520E-01 -0.6100000E-01
  1521  0.0000000E+00  0.0000000E+00 -0.7100000E-01
  1522 -0.4100510E-01  0.3490820E-01 -0.6100000E-01
  1523  0.0000000E+00  0.0000000E+00 -0.7100000E-01
  1524 -0.3868430E-01  0.3746370E-01 -0.6100000E-01
  1525  0.0000000E+00  0.0000000E+00 -0.7100000E-01
  1526 -0.4315740E-01  0.3220920E-01 -0.6100000E-01
  1527  0.0000000E+00  0.0000000E+00 -0.7100000E-01
  1528 -0.4100510E-01  0.3490820E-01 -0.6100000E-01
  1529  0.0000000E+00  0.0000000E+00 -0.7100000E-01
  1530 -0.4513240E-01  0.2937800E-01 -0.6100000E-01
  1531  0.0000000E+00  0.0000000E+00 -0.7100000E-01
  1532 -0.4315740E-01  0.3220920E-01 -0.6100000E-01
  1533  0.0000000E+00  0.0000000E+00 -0.7100000E-01
  1534 -0.4692190E-01  0.2642600E-01 -0.6100000E-01
  1535  0.0000000E+00  0.0000000E+00 -0.7100000E-01
  1536 -0.4513240E-01  0.2937800E-01 -0.6100000E-01
  1537  0.0000000E+00  0.0000000E+00 -0.7100000E-01
  1538 -0.4851870E-01  0.2336540E-01 -0.6100000E-01
  1539  0.0000000E+00  0.0000000E+00 -0.7100000E-01
  1540 -0.4692190E-01  0.2642600E-01 -0.6100000E-01
  1541  0.0000000E+00  0.0000000E+00 -0.7100000E-01
  1542 -0.4991600E-01  0.2020870E-01 -0.6100000E-01
  1543  0.0000000E+00  0.0000000E+00 -0.7100000E-01
  1544 -0.4851870E-01  0.2336540E-01 -0.6100000E-01
  1545  0.0000000E+00  0.0000000E+00 -0.7100000E-01
  1546 -0.5110820E-01  0.1696910E-01 -0.6100000E-01
  1547  0.0000000E+00  0.0000000E+00 -0.7100000E-01
  1548 -0.4991600E-01  0.2020870E-01 -0.6100000E-01
  1549  0.0000000E+00  0.0000000E+00 -0.7100000E-01
  1550 -0.5209040E-01  0.1365970E-01 -0.6100000E-01
  1551  0.0000000E+00  0.0000000E+00 -0.7100000E-01
  1552 -0.5110820E-01  0.1696910E-01 -0.6100000E-01
  1553  0.0000000E+00  0.0000000E+00 -0.7100000E-01
  1554 -0.5285860E-01  0.1029420E-01 -0.6100000E-01
  1555  0.0000000E+00  0.0000000E+00 -0.7100000E-01
  1556 -0.5209040E-01  0.1365970E-01 -0.6100000E-01
  1557  0.0000000E+00  0.0000000E+00 -0.7100000E-01
  1558 -0.5340950E-01  0.6886400E-02 -0.6100000E-01
  1559  0.0000000E+00  0.0000000E+00 -0.7100000E-01
  1560 -0.5285860E-01  0.1029420E-01 -0.6100000E-01
  1561  0.0000000E+00  0.0000000E+00 -0.7100000E-01
  1562 -0.5374100E-01  0.3450300E-02 -0.6100000E-01
  1563  0.0000000E+00  0.0000000E+00 -0.7100000E-01
  1564 -0.5340950E-01  0.6886400E-02 -0.6100000E-01
  1565  0.0000000E+00  0.0000000E+00 -0.7100000E-01
  1566 -0.5385160E-01  0.0000000E+00 -0.6100000E-01
  1567  0.0000000E+00  0.0000000E+00 -0.7100000E-01
  1568 -0.5374100E-01  0.3450300E-02 -0.6100000E-01
     0  0.0000000E+00  0.0000000E+00  0.0000000E+00
      1      2      4      3
      5      6      8      7
      9     10     12     11
     13     14     16     15
     17     18     20     19
     21     22     24     23
     25     26     28     27
     29     30     32     31
     33     34     36     35
     37     38     40     39
     41     42     44     43
     45     46     48     47
     49     50     52     51
     53     54     56     55
     57     58     60     59
     61     62     64     63
     65     66     68     67
     69     70     72     71
     73     74     76     75
     77     78     80     79
     81     82     84     83
     85     86     88     87
     89     90     92     91
     93     94     96     95
     97     98    100     99
    101    102    104    103
    105    106    108    107
    109    110    112    111
    113    114    116    115
    117    118    120    119
    121    122    124    123
    125    126    128    127
    129    130    132    131
    133    134    136    135
    137    138    140    139
    141    142    144    143
    145    146    148    147
    149    150    152    151
    153    154    156    155
    157    158    160    159
    161    162    164    163
    165    166    168    167
    169    170    172    171
    173    174    176    175
    177    178    180    179
    181    182    184    183
    185    186    188    187
    189    190    192    191
    193    194    196    195
    197    198    200    199
    201    202    204    203
    205    206    208    207
    209    210    212    211
    213    214    216    215
    217    218    220    219
    221    222    224    223
    225    226    228    227
    229    230    232    231
    233    234    236    235
    237    238    240    239
    241    242    244    243
    245    246    248    247
    249    250    252    251
    253    254    256    255
    257    258    260    259
    261    262    264    263
    265    266    268    267
    269    270    272    271
    273    274    276    275
    277    278    280    279
    281    282    284    283
    285    286    288    287
    289    290    292    291
    293    294    296    295
    297    298    300    299
    301    302    304    303
    305    306    308    307
    309    310    312    311
    313    314    316    315
    317    318    320    319
    321    322    324    323
    325    326    328    327
    329    330    332    331
    333    334    336    335
    337    338    340    339
    341    342    344    343
    345    346    348    347
    349    350    352    351
    353    354    356    355
    357    358    360    359
    361    362    364    363
    365    366    368    367
    369    370    372    371
    373    374    376    375
    377    378    380    379
    381    382    384    383
    385    386    388    387
    389    390    392    391
    393    394    396    395
    397    398    400    399
    401    402    404    403
    405    406    408    407
    409    410    412    411
    413    414    416    415
    417    418    420    419
    421    422    424    423
    425    426    428    427
    429    430    432    431
    433    434    436    435
    437    438    440    439
    441    442    444    443
    445    446    448    447
    449    450    452    451
    453    454    456    455
    457    458    460    459
    461    462    464    463
    465    466    468    467
    469    470    472    471
    473    474    476    475
    477    478    480    479
    481    482    484    483
    485    486    488    487
    489    490    492    491
    493    494    496    495
    497    498    500    499
    501    502    504    503
    505    506    508    507
    509    510    512    511
    513    514    516    515
    517    518    520    519
    521    522    524    523
    525    526    528    527
    529    530    532    531
    533    534    536    535
    537    538    540    539
    541    542    544    543
    545    546    548    547
    549    550    552    551
    553    554    556    555
    557    558    560    559
    561    562    564    563
    565    566    568    567
    569    570    572    571
    573    574    576    575
    577    578    580    579
    581    582    584    583
    585    586    588    587
    589    590    592    591
    593    594    596    595
    597    598    600    599
    601    602    604    603
    605    606    608    607
    609    610    612    611
    613    614    616    615
    617    618    620    619
    621    622    624    623
    625    626    628    627
    629    630    632    631
    633    634    636    635
    637    638    640    639
    641    642    644    643
    645    646    648    647
    649    650    652    651
    653    654    656    655
    657    658    660    659
    661    662    664    663
    665    666    668    667
    669    670    672    671
    673    674    676    675
    677    678    680    679
    681    682    684    683
    685    686    688    687
    689    690    692    691
    693    694    696    695
    697    698    700    699
    701    702    704    703
    705    706    708    707
    709    710    712    711
    713    714    716    715
    717    718    720    719
    721    722    724    723
    725    726    728    727
    729    730    732    731
    733    734    736    735
    737    738    740    739
    741    742    744    743
    745    746    748    747
    749    750    752    751
    753    754    756    755
    757    758    760    759
    761    762    764    763
    765    766    768    767
    769    770    772    771
    773    774    776    775
    777    778    780    779
    781    782    784    783
    785    786    788    787
    789    790    792    791
    793    794    796    795
    797    798    800    799
    801    802    804    803
    805    806    808    807
    809    810    812    811
    813    814    816    815
    817    818    820    819
    821    822    824    823
    825    826    828    827
    829    830    832    831
    833    834    836    835
    837    838    840    839
    841    842    844    843
    845    846    848    847
    849    850    852    851
    853    854    856    855
    857    858    860    859
    861    862    864    863
    865    866    868    867
    869    870    872    871
    873    874    876    875
    877    878    880    879
    881    882    884    883
    885    886    888    887
    889    890    892    891
    893    894    896    895
    897    898    900    899
    901    902    904    903
    905    906    908    907
    909    910    912    911
    913    914    916    915
    917    918    920    919
    921    922    924    923
    925    926    928    927
    929    930    932    931
    933    934    936    935
    937    938    940    939
    941    942    944    943
    945    946    948    947
    949    950    952    951
    953    954    956    955
    957    958    960    959
    961    962    964    963
    965    966    968    967
    969    970    972    971
    973    974    976    975
    977    978    980    979
    981    982    984    983
    985    986    988    987
    989    990    992    991
    993    994    996    995
    997    998   1000    999
   1001   1002   1004   1003
   1005   1006   1008   1007
   1009   1010   1012   1011
   1013   1014   1016   1015
   1017   1018   1020   1019
   1021   1022   1024   1023
   1025   1026   1028   1027
   1029   1030   1032   1031
   1033   1034   1036   1035
   1037   1038   1040   1039
   1041   1042   1044   1043
   1045   1046   1048   1047
   1049   1050   1052   1051
   1053   1054   1056   1055
   1057   1058   1060   1059
   1061   1062   1064   1063
   1065   1066   1068   1067
   1069   1070   1072   1071
   1073   1074   1076   1075
   1077   1078   1080   1079
   1081   1082   1084   1083
   1085   1086   1088   1087
   1089   1090   1092   1091
   1093   1094   1096   1095
   1097   1098   1100   1099
   1101   1102   1104   1103
   1105   1106   1108   1107
   1109   1110   1112   1111
   1113   1114   1116   1115
   1117   1118   1120   1119
   1121   1122   1124   1123
   1125   1126   1128   1127
   1129   1130   1132   1131
   1133   1134   1136   1135
   1137   1138   1140   1139
   1141   1142   1144   1143
   1145   1146   1148   1147
   1149   1150   1152   1151
   1153   1154   1156   1155
   1157   1158   1160   1159
   1161   1162   1164   1163
   1165   1166   1168   1167
   1169   1170   1172   1171
   1173   1174   1176   1175
   1177   1178   1180   1179
   1181   1182   1184   1183
   1185   1186   1188   1187
   1189   1190   1192   1191
   1193   1194   1196   1195
   1197   1198   1200   1199
   1201   1202   1204   1203
   1205   1206   1208   1207
   1209   1210   1212   1211
   1213   1214   1216   1215
   1217   1218   1220   1219
   1221   1222   1224   1223
   1225   1226   1228   1227
   1229   1230   1232   1231
   1233   1234   1236   1235
   1237   1238   1240   1239
   1241   1242   1244   1243
   1245   1246   1248   1247
   1249   1250   1252   1251
   1253   1254   1256   1255
   1257   1258   1260   1259
   1261   1262   1264   1263
   1265   1266   1268   1267
   1269   1270   1272   1271
   1273   1274   1276   1275
   1277   1278   1280   1279
   1281   1282   1284   1283
   1285   1286   1288   1287
   1289   1290   1292   1291
   1293   1294   1296   1295
   1297   1298   1300   1299
   1301   1302   1304   1303
   1305   1306   1308   1307
   1309   1310   1312   1311
   1313   1314   1316   1315
   1317   1318   1320   1319
   1321   1322   1324   1323
   1325   1326   1328   1327
   1329   1330   1332   1331
   1333   1334   1336   1335
   1337   1338   1340   1339
   1341   1342   1344   1343
   1345   1346   1348   1347
   1349   1350   1352   1351
   1353   1354   1356   1355
   1357   1358   1360   1359
   1361   1362   1364   1363
   1365   1366   1368   1367
   1369   1370   1372   1371
   1373   1374   1376   1375
   1377   1378   1380   1379
   1381   1382   1384   1383
   1385   1386   1388   1387
   1389   1390   1392   1391
   1393   1394   1396   1395
   1397   1398   1400   1399
   1401   1402   1404   1403
   1405   1406   1408   1407
   1409   1410   1412   1411
   1413   1414   1416   1415
   1417   1418   1420   1419
   1421   1422   1424   1423
   1425   1426   1428   1427
   1429   1430   1432   1431
   1433   1434   1436   1435
   1437   1438   1440   1439
   1441   1442   1444   1443
   1445   1446   1448   1447
   1449   1450   1452   1451
   1453   1454   1456   1455
   1457   1458   1460   1459
   1461   1462   1464   1463
   1465   1466   1468   1467
   1469   1470   1472   1471
   1473   1474   1476   1475
   1477   1478   1480   1479
   1481   1482   1484   1483
   1485   1486   1488   1487
   1489   1490   1492   1491
   1493   1494   1496   1495
   1497   1498   1500   1499
   1501   1502   1504   1503
   1505   1506   1508   1507
   1509   1510   1512   1511
   1513   1514   1516   1515
   1517   1518   1520   1519
   1521   1522   1524   1523
   1525   1526   1528   1527
   1529   1530   1532   1531
   1533   1534   1536   1535
   1537   1538   1540   1539
   1541   1542   1544   1543
   1545   1546   1548   1547
   1549   1550   1552   1551
   1553   1554   1556   1555
   1557   1558   1560   1559
   1561   1562   1564   1563
   1565   1566   1568   1567
      0      0      0      0
