           3
  9.5998505E-05  9.5604002E-05  9.4816496E-05  9.3639494E-05  9.2077986E-05
  9.0137524E-05  8.7827997E-05  8.5155480E-05  8.2134531E-05  7.8775949E-05
  7.5093019E-05  7.1102004E-05  6.6819004E-05  6.2260478E-05  5.7446992E-05
  5.2397507E-05  4.7132518E-05  4.1673480E-05  3.6043974E-05  3.0265523E-05
  2.4362507E-05  1.8360466E-05  1.2282504E-05  6.1535825E-06  0.0000000E+00
 -6.1535834E-06 -1.2282505E-05 -1.8360464E-05 -2.4362505E-05 -3.0265523E-05
 -3.6043974E-05 -4.1673484E-05 -4.7132522E-05 -5.2397507E-05 -5.7446989E-05
 -6.2260478E-05 -6.6819004E-05 -7.1102011E-05 -7.5093019E-05 -7.8775964E-05
 -8.2134531E-05 -8.5155480E-05 -8.7827997E-05 -9.0137524E-05 -9.2077993E-05
 -9.3639486E-05 -9.4816489E-05 -9.5604002E-05 -9.5998505E-05  9.5569492E-05
  9.5176489E-05  9.4392992E-05  9.3220973E-05  9.1666494E-05  8.9735011E-05
  8.7434491E-05  8.4775500E-05  8.1767510E-05  7.8423458E-05  7.4757518E-05
  7.0784015E-05  6.6520493E-05  6.1982457E-05  5.7190544E-05  5.2162963E-05
  4.6922039E-05  4.1486990E-05  3.5882960E-05  3.0129999E-05  2.4254021E-05
  1.8277988E-05  1.2227521E-05  6.1265378E-06  0.0000000E+00 -6.1265382E-06
 -1.2227521E-05 -1.8277988E-05 -2.4254021E-05 -3.0129999E-05 -3.5882964E-05
 -4.1486990E-05 -4.6922043E-05 -5.2162963E-05 -5.7190544E-05 -6.1982457E-05
 -6.6520493E-05 -7.0784015E-05 -7.4757518E-05 -7.8423473E-05 -8.1767510E-05
 -8.4775500E-05 -8.7434484E-05 -8.9735018E-05 -9.1666494E-05 -9.3220980E-05
 -9.4392992E-05 -9.5176496E-05 -9.5569492E-05  9.4705501E-05  9.4315998E-05
  9.3540002E-05  9.2378497E-05  9.0837493E-05  8.8923996E-05  8.6643471E-05
  8.4009538E-05  8.1027967E-05  7.7714496E-05  7.4082011E-05  7.0143971E-05
  6.5919005E-05  6.1422470E-05  5.6673547E-05  5.1691492E-05  4.6497957E-05
  4.1112002E-05  3.5558045E-05  2.9857454E-05  2.4035577E-05  1.8112434E-05
  1.2117028E-05  6.0710308E-06  0.0000000E+00 -6.0710308E-06 -1.2117027E-05
 -1.8112432E-05 -2.4035577E-05 -2.9857454E-05 -3.5558041E-05 -4.1112002E-05
 -4.6497957E-05 -5.1691492E-05 -5.6673551E-05 -6.1422470E-05 -6.5919012E-05
 -7.0143971E-05 -7.4082011E-05 -7.7714503E-05 -8.1027967E-05 -8.4009538E-05
 -8.6643471E-05 -8.8923996E-05 -9.0837500E-05 -9.2378497E-05 -9.3540002E-05
 -9.4315998E-05 -9.4705501E-05  9.3394505E-05  9.3010502E-05  9.2244991E-05
  9.1099515E-05  8.9580491E-05  8.7692490E-05  8.5444459E-05  8.2846542E-05
  7.9906473E-05  7.6638535E-05  7.3056479E-05  6.9173504E-05  6.5005981E-05
  6.0572511E-05  5.5888519E-05  5.0976498E-05  4.5853965E-05  4.0543000E-05
  3.5065485E-05  2.9444545E-05  2.3702532E-05  1.7861948E-05  1.1949538E-05
  5.9864669E-06  0.0000000E+00 -5.9864669E-06 -1.1949538E-05 -1.7861947E-05
 -2.3702531E-05 -2.9444545E-05 -3.5065488E-05 -4.0543004E-05 -4.5853965E-05
 -5.0976490E-05 -5.5888519E-05 -6.0572518E-05 -6.5005981E-05 -6.9173497E-05
 -7.3056472E-05 -7.6638542E-05 -7.9906473E-05 -8.2846542E-05 -8.5444466E-05
 -8.7692490E-05 -8.9580491E-05 -9.1099508E-05 -9.2244991E-05 -9.3010509E-05
 -9.3394505E-05  9.1617017E-05  9.1241018E-05  9.0489011E-05  8.9366018E-05
  8.7875516E-05  8.6024003E-05  8.3818508E-05  8.1269514E-05  7.8386525E-05
  7.5180025E-05  7.1665992E-05  6.7857552E-05  6.3768486E-05  5.9419992E-05
  5.4825028E-05  5.0006001E-05  4.4981549E-05  3.9771505E-05  3.4398443E-05
  2.8884042E-05  2.3251030E-05  1.7522503E-05  1.1722000E-05  5.8724754E-06
  0.0000000E+00 -5.8724745E-06 -1.1722002E-05 -1.7522505E-05 -2.3251032E-05
 -2.8884042E-05 -3.4398447E-05 -3.9771505E-05 -4.4981549E-05 -5.0006001E-05
 -5.4825028E-05 -5.9419992E-05 -6.3768486E-05 -6.7857560E-05 -7.1665992E-05
 -7.5180018E-05 -7.8386533E-05 -8.1269514E-05 -8.3818508E-05 -8.6024003E-05
 -8.7875509E-05 -8.9366018E-05 -9.0489018E-05 -9.1241018E-05 -9.1617017E-05
  8.9345478E-05  8.8978479E-05  8.8245477E-05  8.7149972E-05  8.5696483E-05
  8.3891471E-05  8.1740487E-05  7.9253950E-05  7.6442528E-05  7.3316449E-05
  6.9889007E-05  6.6174514E-05  6.2187966E-05  5.7946465E-05  5.3465497E-05
  4.8765978E-05  4.3866516E-05  3.8785482E-05  3.3545486E-05  2.8167507E-05
  2.2674496E-05  1.7088500E-05  1.1430978E-05  5.7270358E-06  0.0000000E+00
 -5.7270363E-06 -1.1430976E-05 -1.7088500E-05 -2.2674496E-05 -2.8167511E-05
 -3.3545490E-05 -3.8785478E-05 -4.3866516E-05 -4.8765978E-05 -5.3465505E-05
 -5.7946469E-05 -6.2187966E-05 -6.6174514E-05 -6.9889014E-05 -7.3316456E-05
 -7.6442528E-05 -7.9253950E-05 -8.1740494E-05 -8.3891471E-05 -8.5696483E-05
 -8.7149965E-05 -8.8245484E-05 -8.8978479E-05 -8.9345478E-05  8.6540509E-05
  8.6184511E-05  8.5475520E-05  8.4413499E-05  8.3006023E-05  8.1257494E-05
  7.9174519E-05  7.6765486E-05  7.4042546E-05  7.1014510E-05  6.7695008E-05
  6.4096537E-05  6.0235976E-05  5.6127024E-05  5.1786497E-05  4.7235499E-05
  4.2488995E-05  3.7567512E-05  3.2492509E-05  2.7283511E-05  2.1962529E-05
  1.6551987E-05  1.1072011E-05  5.5470323E-06  0.0000000E+00 -5.5470323E-06
 -1.1072011E-05 -1.6551989E-05 -2.1962525E-05 -2.7283508E-05 -3.2492509E-05
 -3.7567512E-05 -4.2488995E-05 -4.7235499E-05 -5.1786501E-05 -5.6127024E-05
 -6.0235980E-05 -6.4096537E-05 -6.7695015E-05 -7.1014510E-05 -7.4042546E-05
 -7.6765486E-05 -7.9174519E-05 -8.1257494E-05 -8.3006016E-05 -8.4413499E-05
 -8.5475520E-05 -8.6184518E-05 -8.6540509E-05  8.3147490E-05  8.2805484E-05
  8.2123988E-05  8.1104481E-05  7.9751488E-05  7.8070989E-05  7.6070486E-05
  7.3755982E-05  7.1139497E-05  6.8230016E-05  6.5040949E-05  6.1583509E-05
  5.7874498E-05  5.3925989E-05  4.9756462E-05  4.5383527E-05  4.0822470E-05
  3.6095003E-05  3.1218482E-05  2.6213964E-05  2.1101532E-05  1.5902478E-05
  1.0638535E-05  5.3294757E-06  0.0000000E+00 -5.3294734E-06 -1.0638533E-05
 -1.5902478E-05 -2.1101532E-05 -2.6213973E-05 -3.1218482E-05 -3.6095000E-05
 -4.0822470E-05 -4.5383524E-05 -4.9756462E-05 -5.3925989E-05 -5.7874498E-05
 -6.1583509E-05 -6.5040949E-05 -6.8230009E-05 -7.1139482E-05 -7.3755989E-05
 -7.6070486E-05 -7.8070989E-05 -7.9751480E-05 -8.1104481E-05 -8.2123981E-05
 -8.2805476E-05 -8.3147490E-05  7.9090045E-05  7.8765537E-05  7.8116049E-05
  7.7147037E-05  7.5860538E-05  7.4261035E-05  7.2359035E-05  7.0157053E-05
  6.7668036E-05  6.4901033E-05  6.1867009E-05  5.8578546E-05  5.5050547E-05
  5.1294515E-05  4.7329020E-05  4.3168540E-05  3.8830516E-05  3.4334007E-05
  2.9695013E-05  2.4934539E-05  2.0071986E-05  1.5126510E-05  1.0119533E-05
  5.0694543E-06  0.0000000E+00 -5.0694543E-06 -1.0119535E-05 -1.5126511E-05
 -2.0071984E-05 -2.4934536E-05 -2.9695013E-05 -3.4334003E-05 -3.8830512E-05
 -4.3168537E-05 -4.7329024E-05 -5.1294519E-05 -5.5050543E-05 -5.8578546E-05
 -6.1867009E-05 -6.4901033E-05 -6.7668036E-05 -7.0157046E-05 -7.2359035E-05
 -7.4261035E-05 -7.5860538E-05 -7.7147030E-05 -7.8116049E-05 -7.8765537E-05
 -7.9090045E-05  7.4258489E-05  7.3953481E-05  7.3343996E-05  7.2433482E-05
  7.1226495E-05  6.9724476E-05  6.7938476E-05  6.5870991E-05  6.3534470E-05
  6.0935989E-05  5.8086986E-05  5.5000513E-05  5.1686984E-05  4.8160993E-05
  4.4438009E-05  4.0530962E-05  3.6458478E-05  3.2236010E-05  2.7881479E-05
  2.3411023E-05  1.8845978E-05  1.4202520E-05  9.5009782E-06  4.7599901E-06
  0.0000000E+00 -4.7599897E-06 -9.5009782E-06 -1.4202520E-05 -1.8845976E-05
 -2.3411023E-05 -2.7881484E-05 -3.2236014E-05 -3.6458478E-05 -4.0530962E-05
 -4.4438013E-05 -4.8160993E-05 -5.1686977E-05 -5.5000513E-05 -5.8086986E-05
 -6.0935999E-05 -6.3534470E-05 -6.5870991E-05 -6.7938476E-05 -6.9724476E-05
 -7.1226488E-05 -7.2433475E-05 -7.3343996E-05 -7.3953481E-05 -7.4258489E-05
  6.8485992E-05  6.8204477E-05  6.7642490E-05  6.6802982E-05  6.5689499E-05
  6.4304477E-05  6.2656480E-05  6.0750997E-05  5.8595473E-05  5.6198503E-05
  5.3571996E-05  5.0724997E-05  4.7668473E-05  4.4417524E-05  4.0983476E-05
  3.7380483E-05  3.3623979E-05  2.9730496E-05  2.5713998E-05  2.1590997E-05
  1.7381009E-05  1.3098490E-05  8.7624758E-06  4.3900282E-06  0.0000000E+00
 -4.3900322E-06 -8.7624758E-06 -1.3098495E-05 -1.7381008E-05 -2.1590993E-05
 -2.5714000E-05 -2.9730494E-05 -3.3623975E-05 -3.7380483E-05 -4.0983476E-05
 -4.4417520E-05 -4.7668469E-05 -5.0724997E-05 -5.3571988E-05 -5.6198503E-05
 -5.8595473E-05 -6.0750990E-05 -6.2656487E-05 -6.4304477E-05 -6.5689499E-05
 -6.6802975E-05 -6.7642490E-05 -6.8204477E-05 -6.8485992E-05  6.1500985E-05
  6.1248487E-05  6.0743983E-05  5.9989983E-05  5.8989513E-05  5.7746474E-05
  5.6265995E-05  5.4555512E-05  5.2618965E-05  5.0467002E-05  4.8109003E-05
  4.5550969E-05  4.2806969E-05  3.9887531E-05  3.6803474E-05  3.3568511E-05
  3.0194482E-05  2.6698479E-05  2.3091507E-05  1.9388974E-05  1.5607991E-05
  1.1763018E-05  7.8684834E-06  3.9425486E-06  0.0000000E+00 -3.9425486E-06
 -7.8684798E-06 -1.1763013E-05 -1.5607993E-05 -1.9388975E-05 -2.3091503E-05
 -2.6698475E-05 -3.0194480E-05 -3.3568507E-05 -3.6803474E-05 -3.9887527E-05
 -4.2806965E-05 -4.5550973E-05 -4.8109003E-05 -5.0467002E-05 -5.2618969E-05
 -5.4555498E-05 -5.6265999E-05 -5.7746471E-05 -5.8989506E-05 -5.9989987E-05
 -6.0743983E-05 -6.1248487E-05 -6.1500985E-05  5.2804491E-05  5.2587482E-05
  5.2154493E-05  5.1506984E-05  5.0647501E-05  4.9580987E-05  4.8309983E-05
  4.6840501E-05  4.5178484E-05  4.3330980E-05  4.1306012E-05  3.9109491E-05
  3.6753972E-05  3.4247019E-05  3.1599488E-05  2.8821501E-05  2.5924992E-05
  2.2922975E-05  1.9826022E-05  1.6647462E-05  1.3400986E-05  1.0099518E-05
  6.7559995E-06  3.3850265E-06  0.0000000E+00 -3.3850190E-06 -6.7559986E-06
 -1.0099518E-05 -1.3400986E-05 -1.6647466E-05 -1.9826026E-05 -2.2922977E-05
 -2.5924999E-05 -2.8821503E-05 -3.1599484E-05 -3.4247019E-05 -3.6753969E-05
 -3.9109487E-05 -4.1306012E-05 -4.3330987E-05 -4.5178487E-05 -4.6840512E-05
 -4.8309979E-05 -4.9580991E-05 -5.0647497E-05 -5.1506988E-05 -5.2154490E-05
 -5.2587486E-05 -5.2804491E-05  4.1224521E-05  4.1055016E-05  4.0716524E-05
  4.0211518E-05  3.9540526E-05  3.8707520E-05  3.7716021E-05  3.6568017E-05
  3.5271016E-05  3.3827993E-05  3.2247543E-05  3.0532996E-05  2.8693497E-05
  2.6736519E-05  2.4669518E-05  2.2501012E-05  2.0239531E-05  1.7895989E-05
  1.5478034E-05  1.2996486E-05  1.0462502E-05  7.8845242E-06  5.2745118E-06
  2.6424932E-06  0.0000000E+00 -2.6425005E-06 -5.2745113E-06 -7.8845242E-06
 -1.0462502E-05 -1.2996481E-05 -1.5478034E-05 -1.7895989E-05 -2.0239529E-05
 -2.2501004E-05 -2.4669513E-05 -2.6736519E-05 -2.8693505E-05 -3.0533000E-05
 -3.2247546E-05 -3.3827997E-05 -3.5271019E-05 -3.6568021E-05 -3.7716025E-05
 -3.8707520E-05 -3.9540530E-05 -4.0211518E-05 -4.0716528E-05 -4.1055016E-05
 -4.1224524E-05  1.7251510E-05  1.7180508E-05  1.7039010E-05  1.6827509E-05
  1.6547008E-05  1.6198008E-05  1.5783515E-05  1.5303007E-05  1.4760009E-05
  1.4155999E-05  1.3495021E-05  1.2777492E-05  1.2007511E-05  1.1188506E-05
  1.0323512E-05  9.4164961E-06  8.4695075E-06  7.4890104E-06  6.4775013E-06
  5.4384982E-06  4.3785035E-06  3.2995101E-06  2.2069935E-06  1.1060021E-06
  0.0000000E+00 -1.1060021E-06 -2.2069935E-06 -3.2995101E-06 -4.3785035E-06
 -5.4384982E-06 -6.4775013E-06 -7.4890104E-06 -8.4695075E-06 -9.4164961E-06
 -1.0323512E-05 -1.1188506E-05 -1.2007511E-05 -1.2777492E-05 -1.3495021E-05
 -1.4155999E-05 -1.4760009E-05 -1.5303007E-05 -1.5783515E-05 -1.6198008E-05
 -1.6547008E-05 -1.6827509E-05 -1.7039010E-05 -1.7180508E-05 -1.7251510E-05
  9.5998505E-05  9.5604002E-05  9.4816496E-05  9.3639494E-05  9.2077986E-05
  9.0137524E-05  8.7827997E-05  8.5155480E-05  8.2134531E-05  7.8775949E-05
  7.5093019E-05  7.1102004E-05  6.6819004E-05  6.2260478E-05  5.7446992E-05
  5.2397507E-05  4.7132518E-05  4.1673480E-05  3.6043974E-05  3.0265523E-05
  2.4362507E-05  1.8360466E-05  1.2282504E-05  6.1535825E-06  0.0000000E+00
 -6.1535834E-06 -1.2282505E-05 -1.8360464E-05 -2.4362505E-05 -3.0265523E-05
 -3.6043974E-05 -4.1673484E-05 -4.7132522E-05 -5.2397507E-05 -5.7446989E-05
 -6.2260478E-05 -6.6819004E-05 -7.1102011E-05 -7.5093019E-05 -7.8775964E-05
 -8.2134531E-05 -8.5155480E-05 -8.7827997E-05 -9.0137524E-05 -9.2077993E-05
 -9.3639486E-05 -9.4816489E-05 -9.5604002E-05 -9.5998505E-05  9.5569492E-05
  9.5176489E-05  9.4392992E-05  9.3220973E-05  9.1666494E-05  8.9735011E-05
  8.7434491E-05  8.4775500E-05  8.1767510E-05  7.8423458E-05  7.4757518E-05
  7.0784015E-05  6.6520493E-05  6.1982457E-05  5.7190544E-05  5.2162963E-05
  4.6922039E-05  4.1486990E-05  3.5882960E-05  3.0129999E-05  2.4254021E-05
  1.8277988E-05  1.2227521E-05  6.1265378E-06  0.0000000E+00 -6.1265382E-06
 -1.2227521E-05 -1.8277988E-05 -2.4254021E-05 -3.0129999E-05 -3.5882964E-05
 -4.1486990E-05 -4.6922043E-05 -5.2162963E-05 -5.7190544E-05 -6.1982457E-05
 -6.6520493E-05 -7.0784015E-05 -7.4757518E-05 -7.8423473E-05 -8.1767510E-05
 -8.4775500E-05 -8.7434484E-05 -8.9735018E-05 -9.1666494E-05 -9.3220980E-05
 -9.4392992E-05 -9.5176496E-05 -9.5569492E-05  9.4705501E-05  9.4315998E-05
  9.3540002E-05  9.2378497E-05  9.0837493E-05  8.8923996E-05  8.6643471E-05
  8.4009538E-05  8.1027967E-05  7.7714496E-05  7.4082011E-05  7.0143971E-05
  6.5919005E-05  6.1422470E-05  5.6673547E-05  5.1691492E-05  4.6497957E-05
  4.1112002E-05  3.5558045E-05  2.9857454E-05  2.4035577E-05  1.8112434E-05
  1.2117028E-05  6.0710308E-06  0.0000000E+00 -6.0710308E-06 -1.2117027E-05
 -1.8112432E-05 -2.4035577E-05 -2.9857454E-05 -3.5558041E-05 -4.1112002E-05
 -4.6497957E-05 -5.1691492E-05 -5.6673551E-05 -6.1422470E-05 -6.5919012E-05
 -7.0143971E-05 -7.4082011E-05 -7.7714503E-05 -8.1027967E-05 -8.4009538E-05
 -8.6643471E-05 -8.8923996E-05 -9.0837500E-05 -9.2378497E-05 -9.3540002E-05
 -9.4315998E-05 -9.4705501E-05  9.3394505E-05  9.3010502E-05  9.2244991E-05
  9.1099515E-05  8.9580491E-05  8.7692490E-05  8.5444459E-05  8.2846542E-05
  7.9906473E-05  7.6638535E-05  7.3056479E-05  6.9173504E-05  6.5005981E-05
  6.0572511E-05  5.5888519E-05  5.0976498E-05  4.5853965E-05  4.0543000E-05
  3.5065485E-05  2.9444545E-05  2.3702532E-05  1.7861948E-05  1.1949538E-05
  5.9864669E-06  0.0000000E+00 -5.9864669E-06 -1.1949538E-05 -1.7861947E-05
 -2.3702531E-05 -2.9444545E-05 -3.5065488E-05 -4.0543004E-05 -4.5853965E-05
 -5.0976490E-05 -5.5888519E-05 -6.0572518E-05 -6.5005981E-05 -6.9173497E-05
 -7.3056472E-05 -7.6638542E-05 -7.9906473E-05 -8.2846542E-05 -8.5444466E-05
 -8.7692490E-05 -8.9580491E-05 -9.1099508E-05 -9.2244991E-05 -9.3010509E-05
 -9.3394505E-05  9.1617017E-05  9.1241018E-05  9.0489011E-05  8.9366018E-05
  8.7875516E-05  8.6024003E-05  8.3818508E-05  8.1269514E-05  7.8386525E-05
  7.5180025E-05  7.1665992E-05  6.7857552E-05  6.3768486E-05  5.9419992E-05
  5.4825028E-05  5.0006001E-05  4.4981549E-05  3.9771505E-05  3.4398443E-05
  2.8884042E-05  2.3251030E-05  1.7522503E-05  1.1722000E-05  5.8724754E-06
  0.0000000E+00 -5.8724745E-06 -1.1722002E-05 -1.7522505E-05 -2.3251032E-05
 -2.8884042E-05 -3.4398447E-05 -3.9771505E-05 -4.4981549E-05 -5.0006001E-05
 -5.4825028E-05 -5.9419992E-05 -6.3768486E-05 -6.7857560E-05 -7.1665992E-05
 -7.5180018E-05 -7.8386533E-05 -8.1269514E-05 -8.3818508E-05 -8.6024003E-05
 -8.7875509E-05 -8.9366018E-05 -9.0489018E-05 -9.1241018E-05 -9.1617017E-05
  8.9345478E-05  8.8978479E-05  8.8245477E-05  8.7149972E-05  8.5696483E-05
  8.3891471E-05  8.1740487E-05  7.9253950E-05  7.6442528E-05  7.3316449E-05
  6.9889007E-05  6.6174514E-05  6.2187966E-05  5.7946465E-05  5.3465497E-05
  4.8765978E-05  4.3866516E-05  3.8785482E-05  3.3545486E-05  2.8167507E-05
  2.2674496E-05  1.7088500E-05  1.1430978E-05  5.7270358E-06  0.0000000E+00
 -5.7270363E-06 -1.1430976E-05 -1.7088500E-05 -2.2674496E-05 -2.8167511E-05
 -3.3545490E-05 -3.8785478E-05 -4.3866516E-05 -4.8765978E-05 -5.3465505E-05
 -5.7946469E-05 -6.2187966E-05 -6.6174514E-05 -6.9889014E-05 -7.3316456E-05
 -7.6442528E-05 -7.9253950E-05 -8.1740494E-05 -8.3891471E-05 -8.5696483E-05
 -8.7149965E-05 -8.8245484E-05 -8.8978479E-05 -8.9345478E-05  8.6540509E-05
  8.6184511E-05  8.5475520E-05  8.4413499E-05  8.3006023E-05  8.1257494E-05
  7.9174519E-05  7.6765486E-05  7.4042546E-05  7.1014510E-05  6.7695008E-05
  6.4096537E-05  6.0235976E-05  5.6127024E-05  5.1786497E-05  4.7235499E-05
  4.2488995E-05  3.7567512E-05  3.2492509E-05  2.7283511E-05  2.1962529E-05
  1.6551987E-05  1.1072011E-05  5.5470323E-06  0.0000000E+00 -5.5470323E-06
 -1.1072011E-05 -1.6551989E-05 -2.1962525E-05 -2.7283508E-05 -3.2492509E-05
 -3.7567512E-05 -4.2488995E-05 -4.7235499E-05 -5.1786501E-05 -5.6127024E-05
 -6.0235980E-05 -6.4096537E-05 -6.7695015E-05 -7.1014510E-05 -7.4042546E-05
 -7.6765486E-05 -7.9174519E-05 -8.1257494E-05 -8.3006016E-05 -8.4413499E-05
 -8.5475520E-05 -8.6184518E-05 -8.6540509E-05  8.3147490E-05  8.2805484E-05
  8.2123988E-05  8.1104481E-05  7.9751488E-05  7.8070989E-05  7.6070486E-05
  7.3755982E-05  7.1139497E-05  6.8230016E-05  6.5040949E-05  6.1583509E-05
  5.7874498E-05  5.3925989E-05  4.9756462E-05  4.5383527E-05  4.0822470E-05
  3.6095003E-05  3.1218482E-05  2.6213964E-05  2.1101532E-05  1.5902478E-05
  1.0638535E-05  5.3294757E-06  0.0000000E+00 -5.3294734E-06 -1.0638533E-05
 -1.5902478E-05 -2.1101532E-05 -2.6213973E-05 -3.1218482E-05 -3.6095000E-05
 -4.0822470E-05 -4.5383524E-05 -4.9756462E-05 -5.3925989E-05 -5.7874498E-05
 -6.1583509E-05 -6.5040949E-05 -6.8230009E-05 -7.1139482E-05 -7.3755989E-05
 -7.6070486E-05 -7.8070989E-05 -7.9751480E-05 -8.1104481E-05 -8.2123981E-05
 -8.2805476E-05 -8.3147490E-05  7.9090045E-05  7.8765537E-05  7.8116049E-05
  7.7147037E-05  7.5860538E-05  7.4261035E-05  7.2359035E-05  7.0157053E-05
  6.7668036E-05  6.4901033E-05  6.1867009E-05  5.8578546E-05  5.5050547E-05
  5.1294515E-05  4.7329020E-05  4.3168540E-05  3.8830516E-05  3.4334007E-05
  2.9695013E-05  2.4934539E-05  2.0071986E-05  1.5126510E-05  1.0119533E-05
  5.0694543E-06  0.0000000E+00 -5.0694543E-06 -1.0119535E-05 -1.5126511E-05
 -2.0071984E-05 -2.4934536E-05 -2.9695013E-05 -3.4334003E-05 -3.8830512E-05
 -4.3168537E-05 -4.7329024E-05 -5.1294519E-05 -5.5050543E-05 -5.8578546E-05
 -6.1867009E-05 -6.4901033E-05 -6.7668036E-05 -7.0157046E-05 -7.2359035E-05
 -7.4261035E-05 -7.5860538E-05 -7.7147030E-05 -7.8116049E-05 -7.8765537E-05
 -7.9090045E-05  7.4258489E-05  7.3953481E-05  7.3343996E-05  7.2433482E-05
  7.1226495E-05  6.9724476E-05  6.7938476E-05  6.5870991E-05  6.3534470E-05
  6.0935989E-05  5.8086986E-05  5.5000513E-05  5.1686984E-05  4.8160993E-05
  4.4438009E-05  4.0530962E-05  3.6458478E-05  3.2236010E-05  2.7881479E-05
  2.3411023E-05  1.8845978E-05  1.4202520E-05  9.5009782E-06  4.7599901E-06
  0.0000000E+00 -4.7599897E-06 -9.5009782E-06 -1.4202520E-05 -1.8845976E-05
 -2.3411023E-05 -2.7881484E-05 -3.2236014E-05 -3.6458478E-05 -4.0530962E-05
 -4.4438013E-05 -4.8160993E-05 -5.1686977E-05 -5.5000513E-05 -5.8086986E-05
 -6.0935999E-05 -6.3534470E-05 -6.5870991E-05 -6.7938476E-05 -6.9724476E-05
 -7.1226488E-05 -7.2433475E-05 -7.3343996E-05 -7.3953481E-05 -7.4258489E-05
  6.8485992E-05  6.8204477E-05  6.7642490E-05  6.6802982E-05  6.5689499E-05
  6.4304477E-05  6.2656480E-05  6.0750997E-05  5.8595473E-05  5.6198503E-05
  5.3571996E-05  5.0724997E-05  4.7668473E-05  4.4417524E-05  4.0983476E-05
  3.7380483E-05  3.3623979E-05  2.9730496E-05  2.5713998E-05  2.1590997E-05
  1.7381009E-05  1.3098490E-05  8.7624758E-06  4.3900282E-06  0.0000000E+00
 -4.3900322E-06 -8.7624758E-06 -1.3098495E-05 -1.7381008E-05 -2.1590993E-05
 -2.5714000E-05 -2.9730494E-05 -3.3623975E-05 -3.7380483E-05 -4.0983476E-05
 -4.4417520E-05 -4.7668469E-05 -5.0724997E-05 -5.3571988E-05 -5.6198503E-05
 -5.8595473E-05 -6.0750990E-05 -6.2656487E-05 -6.4304477E-05 -6.5689499E-05
 -6.6802975E-05 -6.7642490E-05 -6.8204477E-05 -6.8485992E-05  6.1500985E-05
  6.1248487E-05  6.0743983E-05  5.9989983E-05  5.8989513E-05  5.7746474E-05
  5.6265995E-05  5.4555512E-05  5.2618965E-05  5.0467002E-05  4.8109003E-05
  4.5550969E-05  4.2806969E-05  3.9887531E-05  3.6803474E-05  3.3568511E-05
  3.0194482E-05  2.6698479E-05  2.3091507E-05  1.9388974E-05  1.5607991E-05
  1.1763018E-05  7.8684834E-06  3.9425486E-06  0.0000000E+00 -3.9425486E-06
 -7.8684798E-06 -1.1763013E-05 -1.5607993E-05 -1.9388975E-05 -2.3091503E-05
 -2.6698475E-05 -3.0194480E-05 -3.3568507E-05 -3.6803474E-05 -3.9887527E-05
 -4.2806965E-05 -4.5550973E-05 -4.8109003E-05 -5.0467002E-05 -5.2618969E-05
 -5.4555498E-05 -5.6265999E-05 -5.7746471E-05 -5.8989506E-05 -5.9989987E-05
 -6.0743983E-05 -6.1248487E-05 -6.1500985E-05  5.2804491E-05  5.2587482E-05
  5.2154493E-05  5.1506984E-05  5.0647501E-05  4.9580987E-05  4.8309983E-05
  4.6840501E-05  4.5178484E-05  4.3330980E-05  4.1306012E-05  3.9109491E-05
  3.6753972E-05  3.4247019E-05  3.1599488E-05  2.8821501E-05  2.5924992E-05
  2.2922975E-05  1.9826022E-05  1.6647462E-05  1.3400986E-05  1.0099518E-05
  6.7559995E-06  3.3850265E-06  0.0000000E+00 -3.3850190E-06 -6.7559986E-06
 -1.0099518E-05 -1.3400986E-05 -1.6647466E-05 -1.9826026E-05 -2.2922977E-05
 -2.5924999E-05 -2.8821503E-05 -3.1599484E-05 -3.4247019E-05 -3.6753969E-05
 -3.9109487E-05 -4.1306012E-05 -4.3330987E-05 -4.5178487E-05 -4.6840512E-05
 -4.8309979E-05 -4.9580991E-05 -5.0647497E-05 -5.1506988E-05 -5.2154490E-05
 -5.2587486E-05 -5.2804491E-05  4.1224521E-05  4.1055016E-05  4.0716524E-05
  4.0211518E-05  3.9540526E-05  3.8707520E-05  3.7716021E-05  3.6568017E-05
  3.5271016E-05  3.3827993E-05  3.2247543E-05  3.0532996E-05  2.8693497E-05
  2.6736519E-05  2.4669518E-05  2.2501012E-05  2.0239531E-05  1.7895989E-05
  1.5478034E-05  1.2996486E-05  1.0462502E-05  7.8845242E-06  5.2745118E-06
  2.6424932E-06  0.0000000E+00 -2.6425005E-06 -5.2745113E-06 -7.8845242E-06
 -1.0462502E-05 -1.2996481E-05 -1.5478034E-05 -1.7895989E-05 -2.0239529E-05
 -2.2501004E-05 -2.4669513E-05 -2.6736519E-05 -2.8693505E-05 -3.0533000E-05
 -3.2247546E-05 -3.3827997E-05 -3.5271019E-05 -3.6568021E-05 -3.7716025E-05
 -3.8707520E-05 -3.9540530E-05 -4.0211518E-05 -4.0716528E-05 -4.1055016E-05
 -4.1224524E-05  1.7251510E-05  1.7180508E-05  1.7039010E-05  1.6827509E-05
  1.6547008E-05  1.6198008E-05  1.5783515E-05  1.5303007E-05  1.4760009E-05
  1.4155999E-05  1.3495021E-05  1.2777492E-05  1.2007511E-05  1.1188506E-05
  1.0323512E-05  9.4164961E-06  8.4695075E-06  7.4890104E-06  6.4775013E-06
  5.4384982E-06  4.3785035E-06  3.2995101E-06  2.2069935E-06  1.1060021E-06
  0.0000000E+00 -1.1060021E-06 -2.2069935E-06 -3.2995101E-06 -4.3785035E-06
 -5.4384982E-06 -6.4775013E-06 -7.4890104E-06 -8.4695075E-06 -9.4164961E-06
 -1.0323512E-05 -1.1188506E-05 -1.2007511E-05 -1.2777492E-05 -1.3495021E-05
 -1.4155999E-05 -1.4760009E-05 -1.5303007E-05 -1.5783515E-05 -1.6198008E-05
 -1.6547008E-05 -1.6827509E-05 -1.7039010E-05 -1.7180508E-05 -1.7251510E-05
 -3.2034975E-06 -3.2036171E-06 -3.2039400E-06 -3.2038802E-06 -3.2035964E-06
 -3.2033390E-06 -3.2031971E-06 -3.2033211E-06 -3.2034964E-06 -3.2033668E-06
 -3.2036712E-06 -3.2038870E-06 -3.2033413E-06 -3.2033622E-06 -3.2035909E-06
 -3.2036521E-06 -3.2037156E-06 -3.2037876E-06 -3.2040066E-06 -3.2036273E-06
 -3.2036569E-06 -3.2041589E-06 -3.2040246E-06 -3.2034955E-06 -3.2031953E-06
 -3.2035430E-06 -3.2040248E-06 -3.2041587E-06 -3.2036567E-06 -3.2036273E-06
 -3.2040066E-06 -3.2037876E-06 -3.2037153E-06 -3.2036521E-06 -3.2035909E-06
 -3.2033622E-06 -3.2033413E-06 -3.2038874E-06 -3.2036708E-06 -3.2033670E-06
 -3.2034964E-06 -3.2033211E-06 -3.2031971E-06 -3.2033390E-06 -3.2035966E-06
 -3.2038799E-06 -3.2039397E-06 -3.2036173E-06 -3.2034975E-06 -9.6107151E-06
 -9.6105714E-06 -9.6100430E-06 -9.6100766E-06 -9.6104995E-06 -9.6105077E-06
 -9.6103804E-06 -9.6107615E-06 -9.6102540E-06 -9.6102804E-06 -9.6103277E-06
 -9.6103850E-06 -9.6110161E-06 -9.6108633E-06 -9.6101439E-06 -9.6100248E-06
 -9.6100321E-06 -9.6099329E-06 -9.6101257E-06 -9.6105541E-06 -9.6103449E-06
 -9.6100021E-06 -9.6106651E-06 -9.6107515E-06 -9.6105468E-06 -9.6107524E-06
 -9.6106651E-06 -9.6100021E-06 -9.6103449E-06 -9.6105541E-06 -9.6101267E-06
 -9.6099329E-06 -9.6100321E-06 -9.6100248E-06 -9.6101439E-06 -9.6108624E-06
 -9.6110161E-06 -9.6103850E-06 -9.6103277E-06 -9.6102804E-06 -9.6102531E-06
 -9.6107615E-06 -9.6103795E-06 -9.6105086E-06 -9.6105005E-06 -9.6100766E-06
 -9.6100430E-06 -9.6105723E-06 -9.6107151E-06 -1.6017446E-05 -1.6017217E-05
 -1.6017935E-05 -1.6017992E-05 -1.6017744E-05 -1.6017817E-05 -1.6017804E-05
 -1.6017590E-05 -1.6017375E-05 -1.6017702E-05 -1.6017908E-05 -1.6017668E-05
 -1.6017460E-05 -1.6017464E-05 -1.6017806E-05 -1.6017995E-05 -1.6017566E-05
 -1.6017302E-05 -1.6017642E-05 -1.6017930E-05 -1.6017611E-05 -1.6017415E-05
 -1.6016924E-05 -1.6016969E-05 -1.6017242E-05 -1.6016969E-05 -1.6016924E-05
 -1.6017415E-05 -1.6017611E-05 -1.6017930E-05 -1.6017642E-05 -1.6017302E-05
 -1.6017564E-05 -1.6017993E-05 -1.6017806E-05 -1.6017462E-05 -1.6017464E-05
 -1.6017668E-05 -1.6017908E-05 -1.6017706E-05 -1.6017375E-05 -1.6017591E-05
 -1.6017804E-05 -1.6017817E-05 -1.6017744E-05 -1.6017992E-05 -1.6017937E-05
 -1.6017217E-05 -1.6017446E-05 -2.2424678E-05 -2.2424683E-05 -2.2424452E-05
 -2.2424039E-05 -2.2424363E-05 -2.2424452E-05 -2.2424318E-05 -2.2424521E-05
 -2.2424550E-05 -2.2424525E-05 -2.2424456E-05 -2.2423879E-05 -2.2424405E-05
 -2.2424443E-05 -2.2424130E-05 -2.2424418E-05 -2.2424385E-05 -2.2425047E-05
 -2.2424649E-05 -2.2424359E-05 -2.2424509E-05 -2.2424840E-05 -2.2424749E-05
 -2.2425236E-05 -2.2425205E-05 -2.2425238E-05 -2.2424749E-05 -2.2424840E-05
 -2.2424512E-05 -2.2424358E-05 -2.2424651E-05 -2.2425051E-05 -2.2424385E-05
 -2.2424420E-05 -2.2424130E-05 -2.2424443E-05 -2.2424407E-05 -2.2423877E-05
 -2.2424456E-05 -2.2424527E-05 -2.2424549E-05 -2.2424521E-05 -2.2424319E-05
 -2.2424452E-05 -2.2424361E-05 -2.2424038E-05 -2.2424452E-05 -2.2424685E-05
 -2.2424678E-05 -2.8831233E-05 -2.8831566E-05 -2.8831701E-05 -2.8831628E-05
 -2.8831184E-05 -2.8831580E-05 -2.8831833E-05 -2.8831924E-05 -2.8831690E-05
 -2.8831306E-05 -2.8831726E-05 -2.8832368E-05 -2.8831604E-05 -2.8831520E-05
 -2.8831577E-05 -2.8831822E-05 -2.8831812E-05 -2.8831480E-05 -2.8831124E-05
 -2.8831551E-05 -2.8831910E-05 -2.8831741E-05 -2.8831348E-05 -2.8831257E-05
 -2.8831009E-05 -2.8831257E-05 -2.8831348E-05 -2.8831742E-05 -2.8831910E-05
 -2.8831551E-05 -2.8831126E-05 -2.8831484E-05 -2.8831812E-05 -2.8831822E-05
 -2.8831577E-05 -2.8831524E-05 -2.8831604E-05 -2.8832368E-05 -2.8831726E-05
 -2.8831304E-05 -2.8831693E-05 -2.8831924E-05 -2.8831835E-05 -2.8831577E-05
 -2.8831182E-05 -2.8831630E-05 -2.8831702E-05 -2.8831566E-05 -2.8831233E-05
 -3.5238809E-05 -3.5238743E-05 -3.5238325E-05 -3.5238343E-05 -3.5238860E-05
 -3.5238823E-05 -3.5238321E-05 -3.5238347E-05 -3.5238860E-05 -3.5238732E-05
 -3.5238376E-05 -3.5238532E-05 -3.5238580E-05 -3.5238510E-05 -3.5238929E-05
 -3.5238620E-05 -3.5238569E-05 -3.5238598E-05 -3.5238703E-05 -3.5238612E-05
 -3.5238743E-05 -3.5238500E-05 -3.5238663E-05 -3.5238892E-05 -3.5239238E-05
 -3.5238896E-05 -3.5238663E-05 -3.5238496E-05 -3.5238743E-05 -3.5238616E-05
 -3.5238703E-05 -3.5238598E-05 -3.5238569E-05 -3.5238620E-05 -3.5238929E-05
 -3.5238514E-05 -3.5238580E-05 -3.5238532E-05 -3.5238372E-05 -3.5238736E-05
 -3.5238856E-05 -3.5238347E-05 -3.5238329E-05 -3.5238823E-05 -3.5238860E-05
 -3.5238343E-05 -3.5238321E-05 -3.5238743E-05 -3.5238809E-05 -4.1645788E-05
 -4.1645686E-05 -4.1646315E-05 -4.1645559E-05 -4.1645533E-05 -4.1645879E-05
 -4.1645959E-05 -4.1645275E-05 -4.1645362E-05 -4.1645850E-05 -4.1646232E-05
 -4.1645588E-05 -4.1645559E-05 -4.1645566E-05 -4.1645751E-05 -4.1645846E-05
 -4.1646053E-05 -4.1645948E-05 -4.1646294E-05 -4.1645057E-05 -4.1645479E-05
 -4.1645613E-05 -4.1645457E-05 -4.1645410E-05 -4.1645628E-05 -4.1645410E-05
 -4.1645457E-05 -4.1645617E-05 -4.1645479E-05 -4.1645057E-05 -4.1646294E-05
 -4.1645948E-05 -4.1646057E-05 -4.1645846E-05 -4.1645755E-05 -4.1645562E-05
 -4.1645562E-05 -4.1645588E-05 -4.1646239E-05 -4.1645850E-05 -4.1645362E-05
 -4.1645275E-05 -4.1645959E-05 -4.1645872E-05 -4.1645530E-05 -4.1645559E-05
 -4.1646315E-05 -4.1645690E-05 -4.1645788E-05 -4.8052472E-05 -4.8052490E-05
 -4.8052731E-05 -4.8052545E-05 -4.8052465E-05 -4.8052247E-05 -4.8052880E-05
 -4.8052574E-05 -4.8052669E-05 -4.8052694E-05 -4.8052261E-05 -4.8052316E-05
 -4.8052909E-05 -4.8052596E-05 -4.8052414E-05 -4.8052403E-05 -4.8052469E-05
 -4.8052141E-05 -4.8052534E-05 -4.8052516E-05 -4.8053178E-05 -4.8052530E-05
 -4.8052832E-05 -4.8052632E-05 -4.8052298E-05 -4.8052625E-05 -4.8052832E-05
 -4.8052530E-05 -4.8053178E-05 -4.8052520E-05 -4.8052530E-05 -4.8052141E-05
 -4.8052476E-05 -4.8052403E-05 -4.8052414E-05 -4.8052596E-05 -4.8052909E-05
 -4.8052319E-05 -4.8052261E-05 -4.8052687E-05 -4.8052665E-05 -4.8052578E-05
 -4.8052872E-05 -4.8052250E-05 -4.8052465E-05 -4.8052545E-05 -4.8052731E-05
 -4.8052487E-05 -4.8052472E-05 -5.4460041E-05 -5.4460095E-05 -5.4459197E-05
 -5.4460015E-05 -5.4460248E-05 -5.4459528E-05 -5.4460172E-05 -5.4459415E-05
 -5.4459382E-05 -5.4459990E-05 -5.4459873E-05 -5.4459950E-05 -5.4459953E-05
 -5.4459342E-05 -5.4459644E-05 -5.4460099E-05 -5.4459550E-05 -5.4459761E-05
 -5.4460244E-05 -5.4459812E-05 -5.4460175E-05 -5.4459506E-05 -5.4459757E-05
 -5.4460255E-05 -5.4460284E-05 -5.4460255E-05 -5.4459757E-05 -5.4459513E-05
 -5.4460179E-05 -5.4459812E-05 -5.4460237E-05 -5.4459753E-05 -5.4459550E-05
 -5.4460099E-05 -5.4459644E-05 -5.4459349E-05 -5.4459953E-05 -5.4459950E-05
 -5.4459873E-05 -5.4459993E-05 -5.4459382E-05 -5.4459408E-05 -5.4460172E-05
 -5.4459520E-05 -5.4460252E-05 -5.4460008E-05 -5.4459197E-05 -5.4460095E-05
 -5.4460041E-05 -6.0866481E-05 -6.0866550E-05 -6.0866663E-05 -6.0866339E-05
 -6.0867031E-05 -6.0866409E-05 -6.0867231E-05 -6.0866521E-05 -6.0866550E-05
 -6.0866576E-05 -6.0866598E-05 -6.0866845E-05 -6.0866765E-05 -6.0866601E-05
 -6.0867005E-05 -6.0866005E-05 -6.0866209E-05 -6.0867176E-05 -6.0866540E-05
 -6.0866110E-05 -6.0866445E-05 -6.0866194E-05 -6.0866420E-05 -6.0866307E-05
 -6.0866336E-05 -6.0866303E-05 -6.0866420E-05 -6.0866194E-05 -6.0866438E-05
 -6.0866110E-05 -6.0866543E-05 -6.0867176E-05 -6.0866205E-05 -6.0866005E-05
 -6.0867016E-05 -6.0866601E-05 -6.0866761E-05 -6.0866845E-05 -6.0866598E-05
 -6.0866583E-05 -6.0866550E-05 -6.0866525E-05 -6.0867231E-05 -6.0866401E-05
 -6.0867023E-05 -6.0866332E-05 -6.0866671E-05 -6.0866550E-05 -6.0866481E-05
 -6.7273730E-05 -6.7273868E-05 -6.7273402E-05 -6.7273497E-05 -6.7274392E-05
 -6.7273570E-05 -6.7273300E-05 -6.7274232E-05 -6.7273657E-05 -6.7273249E-05
 -6.7273744E-05 -6.7273300E-05 -6.7273679E-05 -6.7273912E-05 -6.7273882E-05
 -6.7273701E-05 -6.7274057E-05 -6.7273795E-05 -6.7273213E-05 -6.7273853E-05
 -6.7274057E-05 -6.7273999E-05 -6.7273657E-05 -6.7273970E-05 -6.7273890E-05
 -6.7273977E-05 -6.7273657E-05 -6.7274006E-05 -6.7274050E-05 -6.7273853E-05
 -6.7273220E-05 -6.7273795E-05 -6.7274050E-05 -6.7273701E-05 -6.7273882E-05
 -6.7273912E-05 -6.7273679E-05 -6.7273300E-05 -6.7273730E-05 -6.7273249E-05
 -6.7273657E-05 -6.7274210E-05 -6.7273300E-05 -6.7273570E-05 -6.7274392E-05
 -6.7273490E-05 -6.7273402E-05 -6.7273868E-05 -6.7273730E-05 -7.3680683E-05
 -7.3680916E-05 -7.3680771E-05 -7.3680982E-05 -7.3681018E-05 -7.3681003E-05
 -7.3680298E-05 -7.3681593E-05 -7.3680618E-05 -7.3680829E-05 -7.3681746E-05
 -7.3680887E-05 -7.3680734E-05 -7.3681018E-05 -7.3680771E-05 -7.3681091E-05
 -7.3680021E-05 -7.3681003E-05 -7.3681491E-05 -7.3680480E-05 -7.3680239E-05
 -7.3680734E-05 -7.3680814E-05 -7.3681695E-05 -7.3679657E-05 -7.3681687E-05
 -7.3680822E-05 -7.3680727E-05 -7.3680239E-05 -7.3680465E-05 -7.3681491E-05
 -7.3680996E-05 -7.3680021E-05 -7.3681083E-05 -7.3680771E-05 -7.3681011E-05
 -7.3680734E-05 -7.3680887E-05 -7.3681746E-05 -7.3680829E-05 -7.3680625E-05
 -7.3681585E-05 -7.3680305E-05 -7.3680996E-05 -7.3681018E-05 -7.3680989E-05
 -7.3680771E-05 -7.3680916E-05 -7.3680683E-05 -8.0087957E-05 -8.0087681E-05
 -8.0087630E-05 -8.0087622E-05 -8.0087048E-05 -8.0087913E-05 -8.0087950E-05
 -8.0087892E-05 -8.0087666E-05 -8.0087491E-05 -8.0088328E-05 -8.0087273E-05
 -8.0087120E-05 -8.0087972E-05 -8.0088015E-05 -8.0088474E-05 -8.0086815E-05
 -8.0088248E-05 -8.0087782E-05 -8.0087651E-05 -8.0088284E-05 -8.0087528E-05
 -8.0087950E-05 -8.0088343E-05 -8.0087048E-05 -8.0088335E-05 -8.0087935E-05
 -8.0087528E-05 -8.0088284E-05 -8.0087673E-05 -8.0087782E-05 -8.0088248E-05
 -8.0086822E-05 -8.0088488E-05 -8.0088015E-05 -8.0087972E-05 -8.0087120E-05
 -8.0087273E-05 -8.0088328E-05 -8.0087506E-05 -8.0087659E-05 -8.0087906E-05
 -8.0087950E-05 -8.0087913E-05 -8.0087048E-05 -8.0087637E-05 -8.0087615E-05
 -8.0087681E-05 -8.0087957E-05 -8.6495173E-05 -8.6495107E-05 -8.6494241E-05
 -8.6495318E-05 -8.6494321E-05 -8.6494343E-05 -8.6495791E-05 -8.6494489E-05
 -8.6494816E-05 -8.6494496E-05 -8.6495558E-05 -8.6494561E-05 -8.6493928E-05
 -8.6495231E-05 -8.6494787E-05 -8.6495143E-05 -8.6494365E-05 -8.6495347E-05
 -8.6493492E-05 -8.6494889E-05 -8.6495755E-05 -8.6493797E-05 -8.6495100E-05
 -8.6495362E-05 -8.6493652E-05 -8.6495362E-05 -8.6495093E-05 -8.6493797E-05
 -8.6495755E-05 -8.6494903E-05 -8.6493492E-05 -8.6495354E-05 -8.6494350E-05
 -8.6495143E-05 -8.6494787E-05 -8.6495231E-05 -8.6493928E-05 -8.6494569E-05
 -8.6495551E-05 -8.6494496E-05 -8.6494823E-05 -8.6494496E-05 -8.6495784E-05
 -8.6494350E-05 -8.6494314E-05 -8.6495318E-05 -8.6494249E-05 -8.6495107E-05
 -8.6495173E-05 -9.2902090E-05 -9.2901610E-05 -9.2901304E-05 -9.2901806E-05
 -9.2902250E-05 -9.2900351E-05 -9.2903756E-05 -9.2903065E-05 -9.2901428E-05
 -9.2900154E-05 -9.2902861E-05 -9.2901682E-05 -9.2901486E-05 -9.2902206E-05
 -9.2900918E-05 -9.2902315E-05 -9.2901966E-05 -9.2901813E-05 -9.2900562E-05
 -9.2901275E-05 -9.2903290E-05 -9.2901879E-05 -9.2901188E-05 -9.2902730E-05
 -9.2900220E-05 -9.2902737E-05 -9.2901188E-05 -9.2901879E-05 -9.2903290E-05
 -9.2901268E-05 -9.2900562E-05 -9.2901813E-05 -9.2901973E-05 -9.2902315E-05
 -9.2900926E-05 -9.2902206E-05 -9.2901486E-05 -9.2901682E-05 -9.2902861E-05
 -9.2900154E-05 -9.2901428E-05 -9.2903058E-05 -9.2903756E-05 -9.2900351E-05
 -9.2902250E-05 -9.2901799E-05 -9.2901304E-05 -9.2901610E-05 -9.2902097E-05
 -3.2034975E-06 -3.2036171E-06 -3.2039400E-06 -3.2038802E-06 -3.2035964E-06
 -3.2033390E-06 -3.2031971E-06 -3.2033211E-06 -3.2034964E-06 -3.2033668E-06
 -3.2036712E-06 -3.2038870E-06 -3.2033413E-06 -3.2033622E-06 -3.2035909E-06
 -3.2036521E-06 -3.2037156E-06 -3.2037876E-06 -3.2040066E-06 -3.2036273E-06
 -3.2036569E-06 -3.2041589E-06 -3.2040246E-06 -3.2034955E-06 -3.2031953E-06
 -3.2035430E-06 -3.2040248E-06 -3.2041587E-06 -3.2036567E-06 -3.2036273E-06
 -3.2040066E-06 -3.2037876E-06 -3.2037153E-06 -3.2036521E-06 -3.2035909E-06
 -3.2033622E-06 -3.2033413E-06 -3.2038874E-06 -3.2036708E-06 -3.2033670E-06
 -3.2034964E-06 -3.2033211E-06 -3.2031971E-06 -3.2033390E-06 -3.2035966E-06
 -3.2038799E-06 -3.2039397E-06 -3.2036173E-06 -3.2034975E-06 -9.6107151E-06
 -9.6105714E-06 -9.6100430E-06 -9.6100766E-06 -9.6104995E-06 -9.6105077E-06
 -9.6103804E-06 -9.6107615E-06 -9.6102540E-06 -9.6102804E-06 -9.6103277E-06
 -9.6103850E-06 -9.6110161E-06 -9.6108633E-06 -9.6101439E-06 -9.6100248E-06
 -9.6100321E-06 -9.6099329E-06 -9.6101257E-06 -9.6105541E-06 -9.6103449E-06
 -9.6100021E-06 -9.6106651E-06 -9.6107515E-06 -9.6105468E-06 -9.6107524E-06
 -9.6106651E-06 -9.6100021E-06 -9.6103449E-06 -9.6105541E-06 -9.6101267E-06
 -9.6099329E-06 -9.6100321E-06 -9.6100248E-06 -9.6101439E-06 -9.6108624E-06
 -9.6110161E-06 -9.6103850E-06 -9.6103277E-06 -9.6102804E-06 -9.6102531E-06
 -9.6107615E-06 -9.6103795E-06 -9.6105086E-06 -9.6105005E-06 -9.6100766E-06
 -9.6100430E-06 -9.6105723E-06 -9.6107151E-06 -1.6017446E-05 -1.6017217E-05
 -1.6017935E-05 -1.6017992E-05 -1.6017744E-05 -1.6017817E-05 -1.6017804E-05
 -1.6017590E-05 -1.6017375E-05 -1.6017702E-05 -1.6017908E-05 -1.6017668E-05
 -1.6017460E-05 -1.6017464E-05 -1.6017806E-05 -1.6017995E-05 -1.6017566E-05
 -1.6017302E-05 -1.6017642E-05 -1.6017930E-05 -1.6017611E-05 -1.6017415E-05
 -1.6016924E-05 -1.6016969E-05 -1.6017242E-05 -1.6016969E-05 -1.6016924E-05
 -1.6017415E-05 -1.6017611E-05 -1.6017930E-05 -1.6017642E-05 -1.6017302E-05
 -1.6017564E-05 -1.6017993E-05 -1.6017806E-05 -1.6017462E-05 -1.6017464E-05
 -1.6017668E-05 -1.6017908E-05 -1.6017706E-05 -1.6017375E-05 -1.6017591E-05
 -1.6017804E-05 -1.6017817E-05 -1.6017744E-05 -1.6017992E-05 -1.6017937E-05
 -1.6017217E-05 -1.6017446E-05 -2.2424678E-05 -2.2424683E-05 -2.2424452E-05
 -2.2424039E-05 -2.2424363E-05 -2.2424452E-05 -2.2424318E-05 -2.2424521E-05
 -2.2424550E-05 -2.2424525E-05 -2.2424456E-05 -2.2423879E-05 -2.2424405E-05
 -2.2424443E-05 -2.2424130E-05 -2.2424418E-05 -2.2424385E-05 -2.2425047E-05
 -2.2424649E-05 -2.2424359E-05 -2.2424509E-05 -2.2424840E-05 -2.2424749E-05
 -2.2425236E-05 -2.2425205E-05 -2.2425238E-05 -2.2424749E-05 -2.2424840E-05
 -2.2424512E-05 -2.2424358E-05 -2.2424651E-05 -2.2425051E-05 -2.2424385E-05
 -2.2424420E-05 -2.2424130E-05 -2.2424443E-05 -2.2424407E-05 -2.2423877E-05
 -2.2424456E-05 -2.2424527E-05 -2.2424549E-05 -2.2424521E-05 -2.2424319E-05
 -2.2424452E-05 -2.2424361E-05 -2.2424038E-05 -2.2424452E-05 -2.2424685E-05
 -2.2424678E-05 -2.8831233E-05 -2.8831566E-05 -2.8831701E-05 -2.8831628E-05
 -2.8831184E-05 -2.8831580E-05 -2.8831833E-05 -2.8831924E-05 -2.8831690E-05
 -2.8831306E-05 -2.8831726E-05 -2.8832368E-05 -2.8831604E-05 -2.8831520E-05
 -2.8831577E-05 -2.8831822E-05 -2.8831812E-05 -2.8831480E-05 -2.8831124E-05
 -2.8831551E-05 -2.8831910E-05 -2.8831741E-05 -2.8831348E-05 -2.8831257E-05
 -2.8831009E-05 -2.8831257E-05 -2.8831348E-05 -2.8831742E-05 -2.8831910E-05
 -2.8831551E-05 -2.8831126E-05 -2.8831484E-05 -2.8831812E-05 -2.8831822E-05
 -2.8831577E-05 -2.8831524E-05 -2.8831604E-05 -2.8832368E-05 -2.8831726E-05
 -2.8831304E-05 -2.8831693E-05 -2.8831924E-05 -2.8831835E-05 -2.8831577E-05
 -2.8831182E-05 -2.8831630E-05 -2.8831702E-05 -2.8831566E-05 -2.8831233E-05
 -3.5238809E-05 -3.5238743E-05 -3.5238325E-05 -3.5238343E-05 -3.5238860E-05
 -3.5238823E-05 -3.5238321E-05 -3.5238347E-05 -3.5238860E-05 -3.5238732E-05
 -3.5238376E-05 -3.5238532E-05 -3.5238580E-05 -3.5238510E-05 -3.5238929E-05
 -3.5238620E-05 -3.5238569E-05 -3.5238598E-05 -3.5238703E-05 -3.5238612E-05
 -3.5238743E-05 -3.5238500E-05 -3.5238663E-05 -3.5238892E-05 -3.5239238E-05
 -3.5238896E-05 -3.5238663E-05 -3.5238496E-05 -3.5238743E-05 -3.5238616E-05
 -3.5238703E-05 -3.5238598E-05 -3.5238569E-05 -3.5238620E-05 -3.5238929E-05
 -3.5238514E-05 -3.5238580E-05 -3.5238532E-05 -3.5238372E-05 -3.5238736E-05
 -3.5238856E-05 -3.5238347E-05 -3.5238329E-05 -3.5238823E-05 -3.5238860E-05
 -3.5238343E-05 -3.5238321E-05 -3.5238743E-05 -3.5238809E-05 -4.1645788E-05
 -4.1645686E-05 -4.1646315E-05 -4.1645559E-05 -4.1645533E-05 -4.1645879E-05
 -4.1645959E-05 -4.1645275E-05 -4.1645362E-05 -4.1645850E-05 -4.1646232E-05
 -4.1645588E-05 -4.1645559E-05 -4.1645566E-05 -4.1645751E-05 -4.1645846E-05
 -4.1646053E-05 -4.1645948E-05 -4.1646294E-05 -4.1645057E-05 -4.1645479E-05
 -4.1645613E-05 -4.1645457E-05 -4.1645410E-05 -4.1645628E-05 -4.1645410E-05
 -4.1645457E-05 -4.1645617E-05 -4.1645479E-05 -4.1645057E-05 -4.1646294E-05
 -4.1645948E-05 -4.1646057E-05 -4.1645846E-05 -4.1645755E-05 -4.1645562E-05
 -4.1645562E-05 -4.1645588E-05 -4.1646239E-05 -4.1645850E-05 -4.1645362E-05
 -4.1645275E-05 -4.1645959E-05 -4.1645872E-05 -4.1645530E-05 -4.1645559E-05
 -4.1646315E-05 -4.1645690E-05 -4.1645788E-05 -4.8052472E-05 -4.8052490E-05
 -4.8052731E-05 -4.8052545E-05 -4.8052465E-05 -4.8052247E-05 -4.8052880E-05
 -4.8052574E-05 -4.8052669E-05 -4.8052694E-05 -4.8052261E-05 -4.8052316E-05
 -4.8052909E-05 -4.8052596E-05 -4.8052414E-05 -4.8052403E-05 -4.8052469E-05
 -4.8052141E-05 -4.8052534E-05 -4.8052516E-05 -4.8053178E-05 -4.8052530E-05
 -4.8052832E-05 -4.8052632E-05 -4.8052298E-05 -4.8052625E-05 -4.8052832E-05
 -4.8052530E-05 -4.8053178E-05 -4.8052520E-05 -4.8052530E-05 -4.8052141E-05
 -4.8052476E-05 -4.8052403E-05 -4.8052414E-05 -4.8052596E-05 -4.8052909E-05
 -4.8052319E-05 -4.8052261E-05 -4.8052687E-05 -4.8052665E-05 -4.8052578E-05
 -4.8052872E-05 -4.8052250E-05 -4.8052465E-05 -4.8052545E-05 -4.8052731E-05
 -4.8052487E-05 -4.8052472E-05 -5.4460041E-05 -5.4460095E-05 -5.4459197E-05
 -5.4460015E-05 -5.4460248E-05 -5.4459528E-05 -5.4460172E-05 -5.4459415E-05
 -5.4459382E-05 -5.4459990E-05 -5.4459873E-05 -5.4459950E-05 -5.4459953E-05
 -5.4459342E-05 -5.4459644E-05 -5.4460099E-05 -5.4459550E-05 -5.4459761E-05
 -5.4460244E-05 -5.4459812E-05 -5.4460175E-05 -5.4459506E-05 -5.4459757E-05
 -5.4460255E-05 -5.4460284E-05 -5.4460255E-05 -5.4459757E-05 -5.4459513E-05
 -5.4460179E-05 -5.4459812E-05 -5.4460237E-05 -5.4459753E-05 -5.4459550E-05
 -5.4460099E-05 -5.4459644E-05 -5.4459349E-05 -5.4459953E-05 -5.4459950E-05
 -5.4459873E-05 -5.4459993E-05 -5.4459382E-05 -5.4459408E-05 -5.4460172E-05
 -5.4459520E-05 -5.4460252E-05 -5.4460008E-05 -5.4459197E-05 -5.4460095E-05
 -5.4460041E-05 -6.0866481E-05 -6.0866550E-05 -6.0866663E-05 -6.0866339E-05
 -6.0867031E-05 -6.0866409E-05 -6.0867231E-05 -6.0866521E-05 -6.0866550E-05
 -6.0866576E-05 -6.0866598E-05 -6.0866845E-05 -6.0866765E-05 -6.0866601E-05
 -6.0867005E-05 -6.0866005E-05 -6.0866209E-05 -6.0867176E-05 -6.0866540E-05
 -6.0866110E-05 -6.0866445E-05 -6.0866194E-05 -6.0866420E-05 -6.0866307E-05
 -6.0866336E-05 -6.0866303E-05 -6.0866420E-05 -6.0866194E-05 -6.0866438E-05
 -6.0866110E-05 -6.0866543E-05 -6.0867176E-05 -6.0866205E-05 -6.0866005E-05
 -6.0867016E-05 -6.0866601E-05 -6.0866761E-05 -6.0866845E-05 -6.0866598E-05
 -6.0866583E-05 -6.0866550E-05 -6.0866525E-05 -6.0867231E-05 -6.0866401E-05
 -6.0867023E-05 -6.0866332E-05 -6.0866671E-05 -6.0866550E-05 -6.0866481E-05
 -6.7273730E-05 -6.7273868E-05 -6.7273402E-05 -6.7273497E-05 -6.7274392E-05
 -6.7273570E-05 -6.7273300E-05 -6.7274232E-05 -6.7273657E-05 -6.7273249E-05
 -6.7273744E-05 -6.7273300E-05 -6.7273679E-05 -6.7273912E-05 -6.7273882E-05
 -6.7273701E-05 -6.7274057E-05 -6.7273795E-05 -6.7273213E-05 -6.7273853E-05
 -6.7274057E-05 -6.7273999E-05 -6.7273657E-05 -6.7273970E-05 -6.7273890E-05
 -6.7273977E-05 -6.7273657E-05 -6.7274006E-05 -6.7274050E-05 -6.7273853E-05
 -6.7273220E-05 -6.7273795E-05 -6.7274050E-05 -6.7273701E-05 -6.7273882E-05
 -6.7273912E-05 -6.7273679E-05 -6.7273300E-05 -6.7273730E-05 -6.7273249E-05
 -6.7273657E-05 -6.7274210E-05 -6.7273300E-05 -6.7273570E-05 -6.7274392E-05
 -6.7273490E-05 -6.7273402E-05 -6.7273868E-05 -6.7273730E-05 -7.3680683E-05
 -7.3680916E-05 -7.3680771E-05 -7.3680982E-05 -7.3681018E-05 -7.3681003E-05
 -7.3680298E-05 -7.3681593E-05 -7.3680618E-05 -7.3680829E-05 -7.3681746E-05
 -7.3680887E-05 -7.3680734E-05 -7.3681018E-05 -7.3680771E-05 -7.3681091E-05
 -7.3680021E-05 -7.3681003E-05 -7.3681491E-05 -7.3680480E-05 -7.3680239E-05
 -7.3680734E-05 -7.3680814E-05 -7.3681695E-05 -7.3679657E-05 -7.3681687E-05
 -7.3680822E-05 -7.3680727E-05 -7.3680239E-05 -7.3680465E-05 -7.3681491E-05
 -7.3680996E-05 -7.3680021E-05 -7.3681083E-05 -7.3680771E-05 -7.3681011E-05
 -7.3680734E-05 -7.3680887E-05 -7.3681746E-05 -7.3680829E-05 -7.3680625E-05
 -7.3681585E-05 -7.3680305E-05 -7.3680996E-05 -7.3681018E-05 -7.3680989E-05
 -7.3680771E-05 -7.3680916E-05 -7.3680683E-05 -8.0087957E-05 -8.0087681E-05
 -8.0087630E-05 -8.0087622E-05 -8.0087048E-05 -8.0087913E-05 -8.0087950E-05
 -8.0087892E-05 -8.0087666E-05 -8.0087491E-05 -8.0088328E-05 -8.0087273E-05
 -8.0087120E-05 -8.0087972E-05 -8.0088015E-05 -8.0088474E-05 -8.0086815E-05
 -8.0088248E-05 -8.0087782E-05 -8.0087651E-05 -8.0088284E-05 -8.0087528E-05
 -8.0087950E-05 -8.0088343E-05 -8.0087048E-05 -8.0088335E-05 -8.0087935E-05
 -8.0087528E-05 -8.0088284E-05 -8.0087673E-05 -8.0087782E-05 -8.0088248E-05
 -8.0086822E-05 -8.0088488E-05 -8.0088015E-05 -8.0087972E-05 -8.0087120E-05
 -8.0087273E-05 -8.0088328E-05 -8.0087506E-05 -8.0087659E-05 -8.0087906E-05
 -8.0087950E-05 -8.0087913E-05 -8.0087048E-05 -8.0087637E-05 -8.0087615E-05
 -8.0087681E-05 -8.0087957E-05 -8.6495173E-05 -8.6495107E-05 -8.6494241E-05
 -8.6495318E-05 -8.6494321E-05 -8.6494343E-05 -8.6495791E-05 -8.6494489E-05
 -8.6494816E-05 -8.6494496E-05 -8.6495558E-05 -8.6494561E-05 -8.6493928E-05
 -8.6495231E-05 -8.6494787E-05 -8.6495143E-05 -8.6494365E-05 -8.6495347E-05
 -8.6493492E-05 -8.6494889E-05 -8.6495755E-05 -8.6493797E-05 -8.6495100E-05
 -8.6495362E-05 -8.6493652E-05 -8.6495362E-05 -8.6495093E-05 -8.6493797E-05
 -8.6495755E-05 -8.6494903E-05 -8.6493492E-05 -8.6495354E-05 -8.6494350E-05
 -8.6495143E-05 -8.6494787E-05 -8.6495231E-05 -8.6493928E-05 -8.6494569E-05
 -8.6495551E-05 -8.6494496E-05 -8.6494823E-05 -8.6494496E-05 -8.6495784E-05
 -8.6494350E-05 -8.6494314E-05 -8.6495318E-05 -8.6494249E-05 -8.6495107E-05
 -8.6495173E-05 -9.2902090E-05 -9.2901610E-05 -9.2901304E-05 -9.2901806E-05
 -9.2902250E-05 -9.2900351E-05 -9.2903756E-05 -9.2903065E-05 -9.2901428E-05
 -9.2900154E-05 -9.2902861E-05 -9.2901682E-05 -9.2901486E-05 -9.2902206E-05
 -9.2900918E-05 -9.2902315E-05 -9.2901966E-05 -9.2901813E-05 -9.2900562E-05
 -9.2901275E-05 -9.2903290E-05 -9.2901879E-05 -9.2901188E-05 -9.2902730E-05
 -9.2900220E-05 -9.2902737E-05 -9.2901188E-05 -9.2901879E-05 -9.2903290E-05
 -9.2901268E-05 -9.2900562E-05 -9.2901813E-05 -9.2901973E-05 -9.2902315E-05
 -9.2900926E-05 -9.2902206E-05 -9.2901486E-05 -9.2901682E-05 -9.2902861E-05
 -9.2900154E-05 -9.2901428E-05 -9.2903058E-05 -9.2903756E-05 -9.2900351E-05
 -9.2902250E-05 -9.2901799E-05 -9.2901304E-05 -9.2901610E-05 -9.2902097E-05
  2.8799518E-04  2.8681170E-04  2.8444926E-04  2.8091820E-04  2.7623365E-04
  2.7041225E-04  2.6348364E-04  2.5546612E-04  2.4640330E-04  2.3632756E-04
  2.2527883E-04  2.1330583E-04  2.0045679E-04  1.8678121E-04  1.7234079E-04
  1.5719236E-04  1.4139742E-04  1.2502032E-04  1.0813182E-04  9.0796471E-05
  7.3087445E-05  5.5081353E-05  3.6847483E-05  1.8460729E-05  0.0000000E+00
 -1.8460731E-05 -3.6847487E-05 -5.5081349E-05 -7.3087438E-05 -9.0796471E-05
 -1.0813182E-04 -1.2502032E-04 -1.4139742E-04 -1.5719236E-04 -1.7234079E-04
 -1.8678121E-04 -2.0045679E-04 -2.1330584E-04 -2.2527881E-04 -2.3632760E-04
 -2.4640330E-04 -2.5546612E-04 -2.6348364E-04 -2.7041225E-04 -2.7623368E-04
 -2.8091820E-04 -2.8444923E-04 -2.8681170E-04 -2.8799518E-04  2.8670757E-04
  2.8552854E-04  2.8317800E-04  2.7966194E-04  2.7499860E-04  2.6920415E-04
  2.6230258E-04  2.5432569E-04  2.4530169E-04  2.3526959E-04  2.2427180E-04
  2.1235136E-04  1.9956088E-04  1.8594679E-04  1.7157104E-04  1.5648836E-04
  1.4076562E-04  1.2446052E-04  1.0764851E-04  9.0389709E-05  7.2761824E-05
  5.4833774E-05  3.6682439E-05  1.8379551E-05  1.1188149E-15 -1.8379553E-05
 -3.6682439E-05 -5.4833774E-05 -7.2761824E-05 -9.0389709E-05 -1.0764852E-04
 -1.2446052E-04 -1.4076564E-04 -1.5648836E-04 -1.7157104E-04 -1.8594679E-04
 -1.9956088E-04 -2.1235137E-04 -2.2427180E-04 -2.3526960E-04 -2.4530169E-04
 -2.5432569E-04 -2.6230258E-04 -2.6920417E-04 -2.7499860E-04 -2.7966197E-04
 -2.8317800E-04 -2.8552857E-04 -2.8670757E-04  2.8411497E-04  2.8294645E-04
  2.8061855E-04  2.7713407E-04  2.7251107E-04  2.6677060E-04  2.5992907E-04
  2.5202727E-04  2.4308260E-04  2.3314227E-04  2.2224487E-04  2.1043082E-04
  1.9775594E-04  1.8426642E-04  1.7001976E-04  1.5507369E-04  1.3949313E-04
  1.2333535E-04  1.0667357E-04  8.9571913E-05  7.2106326E-05  5.4337030E-05
  3.6350873E-05  1.8212988E-05 -9.3232620E-16 -1.8212988E-05 -3.6350870E-05
 -5.4337019E-05 -7.2106326E-05 -8.9571913E-05 -1.0667356E-04 -1.2333535E-04
 -1.3949313E-04 -1.5507369E-04 -1.7001978E-04 -1.8426642E-04 -1.9775596E-04
 -2.1043082E-04 -2.2224487E-04 -2.3314229E-04 -2.4308260E-04 -2.5202727E-04
 -2.5992907E-04 -2.6677060E-04 -2.7251107E-04 -2.7713407E-04 -2.8061855E-04
 -2.8294645E-04 -2.8411497E-04  2.8018153E-04  2.7902951E-04  2.7673296E-04
  2.7329652E-04  2.6873950E-04  2.6307558E-04  2.5633152E-04  2.4853784E-04
  2.3971770E-04  2.2991397E-04  2.1916788E-04  2.0751894E-04  1.9501653E-04
  1.8171621E-04  1.6766433E-04  1.5292838E-04  1.3756090E-04  1.2162817E-04
  1.0519573E-04  8.8332999E-05  7.1107075E-05  5.3585478E-05  3.5848348E-05
  1.7959293E-05  2.6106375E-15 -1.7959293E-05 -3.5848348E-05 -5.3585474E-05
 -7.1107068E-05 -8.8332999E-05 -1.0519574E-04 -1.2162818E-04 -1.3756090E-04
 -1.5292835E-04 -1.6766433E-04 -1.8171623E-04 -1.9501653E-04 -2.0751893E-04
 -2.1916785E-04 -2.2991400E-04 -2.3971770E-04 -2.4853784E-04 -2.5633155E-04
 -2.6307558E-04 -2.6873950E-04 -2.7329649E-04 -2.7673296E-04 -2.7902954E-04
 -2.8018153E-04  2.7484860E-04  2.7372065E-04  2.7146470E-04  2.6809573E-04
  2.6362418E-04  2.5806978E-04  2.5145337E-04  2.4380645E-04  2.3515751E-04
  2.2553810E-04  2.1499612E-04  2.0357093E-04  1.9130381E-04  1.7825839E-04
  1.6447366E-04  1.5001670E-04  1.3494348E-04  1.1931347E-04  1.0319440E-04
  8.6651373E-05  6.9752503E-05  5.2567051E-05  3.5165678E-05  1.7617289E-05
  0.0000000E+00 -1.7617287E-05 -3.5165682E-05 -5.2567055E-05 -6.9752503E-05
 -8.6651373E-05 -1.0319441E-04 -1.1931347E-04 -1.3494348E-04 -1.5001670E-04
 -1.6447366E-04 -1.7825839E-04 -1.9130381E-04 -2.0357096E-04 -2.1499612E-04
 -2.2553807E-04 -2.3515754E-04 -2.4380645E-04 -2.5145337E-04 -2.5806978E-04
 -2.6362416E-04 -2.6809573E-04 -2.7146473E-04 -2.7372065E-04 -2.7484860E-04
  2.6803385E-04  2.6693285E-04  2.6473380E-04  2.6144733E-04  2.5708700E-04
  2.5167194E-04  2.4521904E-04  2.3775952E-04  2.2932538E-04  2.1994721E-04
  2.0966494E-04  1.9852158E-04  1.8656209E-04  1.7383766E-04  1.6039498E-04
  1.4629650E-04  1.3159822E-04  1.1635530E-04  1.0063549E-04  8.4501720E-05
  6.8022833E-05  5.1264960E-05  3.4292611E-05  1.7180959E-05  0.0000000E+00
 -1.7180959E-05 -3.4292600E-05 -5.1264960E-05 -6.8022833E-05 -8.4501728E-05
 -1.0063551E-04 -1.1635529E-04 -1.3159822E-04 -1.4629650E-04 -1.6039499E-04
 -1.7383767E-04 -1.8656209E-04 -1.9852158E-04 -2.0966496E-04 -2.1994722E-04
 -2.2932538E-04 -2.3775954E-04 -2.4521907E-04 -2.5167194E-04 -2.5708700E-04
 -2.6144731E-04 -2.6473383E-04 -2.6693285E-04 -2.6803385E-04  2.5961894E-04
  2.5855095E-04  2.5642404E-04  2.5323796E-04  2.4901557E-04  2.4377003E-04
  2.3752119E-04  2.3029413E-04  2.2212537E-04  2.1304141E-04  2.0308304E-04
  1.9228770E-04  1.8070608E-04  1.6837935E-04  1.5535799E-04  1.4170507E-04
  1.2746571E-04  1.1270143E-04  9.7476579E-05  8.1849692E-05  6.5886932E-05
  4.9655424E-05  3.3215711E-05  1.6640959E-05 -2.4240946E-15 -1.6640959E-05
 -3.3215711E-05 -4.9655428E-05 -6.5886910E-05 -8.1849685E-05 -9.7476579E-05
 -1.1270143E-04 -1.2746571E-04 -1.4170507E-04 -1.5535801E-04 -1.6837935E-04
 -1.8070609E-04 -1.9228770E-04 -2.0308307E-04 -2.1304141E-04 -2.2212537E-04
 -2.3029416E-04 -2.3752119E-04 -2.4377005E-04 -2.4901555E-04 -2.5323796E-04
 -2.5642404E-04 -2.5855098E-04 -2.5961894E-04  2.4944014E-04  2.4841417E-04
  2.4636969E-04  2.4331119E-04  2.3925226E-04  2.3421078E-04  2.2820935E-04
  2.2126593E-04  2.1341651E-04  2.0468821E-04  1.9512100E-04  1.8474882E-04
  1.7362187E-04  1.6177649E-04  1.4926802E-04  1.3614929E-04  1.2246630E-04
  1.0828398E-04  9.3654584E-05  7.8641162E-05  6.3304033E-05  4.7706995E-05
  3.1915282E-05  1.5988322E-05  2.7970118E-15 -1.5988313E-05 -3.1915279E-05
 -4.7706995E-05 -6.3304033E-05 -7.8641184E-05 -9.3654584E-05 -1.0828397E-04
 -1.2246630E-04 -1.3614928E-04 -1.4926802E-04 -1.6177649E-04 -1.7362187E-04
 -1.8474883E-04 -1.9512100E-04 -2.0468820E-04 -2.1341650E-04 -2.2126595E-04
 -2.2820935E-04 -2.3421078E-04 -2.3925223E-04 -2.4331119E-04 -2.4636966E-04
 -2.4841417E-04 -2.4944014E-04  2.3726870E-04  2.3629513E-04  2.3434668E-04
  2.3143966E-04  2.2758021E-04  2.2278175E-04  2.1707572E-04  2.1046984E-04
  2.0300281E-04  1.9470190E-04  1.8559989E-04  1.7573457E-04  1.6515059E-04
  1.5388257E-04  1.4198615E-04  1.2950484E-04  1.1649083E-04  1.0300134E-04
  8.9084519E-05  7.4803167E-05  6.0215581E-05  4.5379242E-05  3.0358367E-05
  1.5208314E-05  3.1700058E-15 -1.5208314E-05 -3.0358375E-05 -4.5379245E-05
 -6.0215581E-05 -7.4803160E-05 -8.9084519E-05 -1.0300134E-04 -1.1649083E-04
 -1.2950484E-04 -1.4198617E-04 -1.5388259E-04 -1.6515056E-04 -1.7573457E-04
 -1.8559989E-04 -1.9470190E-04 -2.0300281E-04 -2.1046982E-04 -2.1707572E-04
 -2.2278175E-04 -2.2758023E-04 -2.3143964E-04 -2.3434668E-04 -2.3629515E-04
 -2.3726870E-04  2.2277549E-04  2.2186048E-04  2.2003206E-04  2.1730051E-04
  2.1367951E-04  2.0917349E-04  2.0381546E-04  1.9761304E-04  1.9060343E-04
  1.8280800E-04  1.7426103E-04  1.6500156E-04  1.5506099E-04  1.4448303E-04
  1.3331405E-04  1.2159292E-04  1.0937545E-04  9.6708092E-05  8.3644416E-05
  7.0233109E-05  5.6537912E-05  4.2607553E-05  2.8502927E-05  1.4279993E-05
  3.5428870E-15 -1.4279992E-05 -2.8502927E-05 -4.2607553E-05 -5.6537909E-05
 -7.0233109E-05 -8.3644431E-05 -9.6708100E-05 -1.0937545E-04 -1.2159292E-04
 -1.3331405E-04 -1.4448303E-04 -1.5506097E-04 -1.6500156E-04 -1.7426103E-04
 -1.8280804E-04 -1.9060343E-04 -1.9761304E-04 -2.0381546E-04 -2.0917349E-04
 -2.1367948E-04 -2.1730049E-04 -2.2003206E-04 -2.2186048E-04 -2.2277549E-04
  2.0546086E-04  2.0461633E-04  2.0293034E-04  2.0041179E-04  1.9707131E-04
  1.9291620E-04  1.8797208E-04  1.8225559E-04  1.7578888E-04  1.6859792E-04
  1.6071825E-04  1.5217708E-04  1.4300749E-04  1.3325445E-04  1.2295214E-04
  1.1214305E-04  1.0087343E-04  8.9192719E-05  7.7143035E-05  6.4773973E-05
  5.2143740E-05  3.9296021E-05  2.6287780E-05  1.3170287E-05  3.9158558E-15
 -1.3170298E-05 -2.6287780E-05 -3.9296036E-05 -5.2143736E-05 -6.4773958E-05
 -7.7143042E-05 -8.9192712E-05 -1.0087343E-04 -1.1214305E-04 -1.2295214E-04
 -1.3325443E-04 -1.4300748E-04 -1.5217708E-04 -1.6071823E-04 -1.6859792E-04
 -1.7578888E-04 -1.8225556E-04 -1.8797208E-04 -1.9291620E-04 -1.9707131E-04
 -2.0041177E-04 -2.0293034E-04 -2.0461633E-04 -2.0546086E-04  1.8451127E-04
  1.8375374E-04  1.8224015E-04  1.7997806E-04  1.7697652E-04  1.7324724E-04
  1.6880556E-04  1.6367390E-04  1.5786402E-04  1.5140788E-04  1.4433348E-04
  1.3665910E-04  1.2842672E-04  1.1966796E-04  1.1041537E-04  1.0071005E-04
  9.0587571E-05  8.0099002E-05  6.9277623E-05  5.8169586E-05  4.6826073E-05
  3.5290584E-05  2.3606532E-05  1.1828168E-05  4.2887205E-15 -1.1828168E-05
 -2.3606521E-05 -3.5290570E-05 -4.6826084E-05 -5.8169589E-05 -6.9277616E-05
 -8.0098995E-05 -9.0587557E-05 -1.0071004E-04 -1.1041537E-04 -1.1966794E-04
 -1.2842671E-04 -1.3665912E-04 -1.4433349E-04 -1.5140788E-04 -1.5786404E-04
 -1.6367386E-04 -1.6880558E-04 -1.7324723E-04 -1.7697651E-04 -1.7997807E-04
 -1.8224015E-04 -1.8375374E-04 -1.8451127E-04  1.5843341E-04  1.5778227E-04
  1.5648315E-04  1.5454038E-04  1.5196161E-04  1.4876165E-04  1.4494818E-04
  1.4053918E-04  1.3555250E-04  1.3000927E-04  1.2393358E-04  1.1734328E-04
  1.1027576E-04  1.0275399E-04  9.4810355E-05  8.6475411E-05  7.7784767E-05
  6.8777568E-05  5.9485541E-05  4.9948696E-05  4.0208026E-05  3.0302328E-05
  2.0270545E-05  1.0156347E-05  0.0000000E+00 -1.0156326E-05 -2.0270543E-05
 -3.0302328E-05 -4.0208026E-05 -4.9948703E-05 -5.9485552E-05 -6.8777583E-05
 -7.7784796E-05 -8.6475418E-05 -9.4810348E-05 -1.0275399E-04 -1.1027575E-04
 -1.1734326E-04 -1.2393358E-04 -1.3000928E-04 -1.3555252E-04 -1.4053922E-04
 -1.4494816E-04 -1.4876167E-04 -1.5196159E-04 -1.5454039E-04 -1.5648312E-04
 -1.5778228E-04 -1.5843341E-04  1.2372830E-04  1.2321959E-04  1.2220367E-04
  1.2068798E-04  1.1867409E-04  1.1617396E-04  1.1319813E-04  1.0975263E-04
  1.0585986E-04  1.0152895E-04  9.6785428E-05  9.1639544E-05  8.6118605E-05
  8.0245081E-05  7.4041302E-05  6.7532914E-05  6.0745511E-05  5.3711719E-05
  4.6454632E-05  3.9006765E-05  3.1401363E-05  2.3664019E-05  1.5830523E-05
  7.9310066E-06  7.5518900E-15 -7.9310266E-06 -1.5830521E-05 -2.3664017E-05
 -3.1401363E-05 -3.9006751E-05 -4.6454632E-05 -5.3711716E-05 -6.0745500E-05
 -6.7532892E-05 -7.4041287E-05 -8.0245081E-05 -8.6118620E-05 -9.1639558E-05
 -9.6785436E-05 -1.0152897E-04 -1.0585988E-04 -1.0975264E-04 -1.1319814E-04
 -1.1617396E-04 -1.1867411E-04 -1.2068798E-04 -1.2220367E-04 -1.2321959E-04
 -1.2372831E-04  5.2613672E-05  5.2397132E-05  5.1965584E-05  5.1320567E-05
  5.0465078E-05  4.9400704E-05  4.8136557E-05  4.6671161E-05  4.5015084E-05
  4.3173011E-05  4.1157087E-05  3.8968792E-05  3.6620546E-05  3.4122746E-05
  3.1484647E-05  2.8718378E-05  2.5830399E-05  2.2839982E-05  1.9755020E-05
  1.6586404E-05  1.3353511E-05  1.0062839E-05  6.7309275E-06  3.3730628E-06
  0.0000000E+00 -3.3730626E-06 -6.7309275E-06 -1.0062839E-05 -1.3353511E-05
 -1.6586404E-05 -1.9755020E-05 -2.2839982E-05 -2.5830401E-05 -2.8718378E-05
 -3.1484647E-05 -3.4122746E-05 -3.6620546E-05 -3.8968792E-05 -4.1157087E-05
 -4.3173011E-05 -4.5015084E-05 -4.6671161E-05 -4.8136557E-05 -4.9400704E-05
 -5.0465078E-05 -5.1320570E-05 -5.1965584E-05 -5.2397132E-05 -5.2613668E-05
  2.8799518E-04  2.8681170E-04  2.8444926E-04  2.8091820E-04  2.7623365E-04
  2.7041225E-04  2.6348364E-04  2.5546612E-04  2.4640330E-04  2.3632756E-04
  2.2527883E-04  2.1330583E-04  2.0045679E-04  1.8678121E-04  1.7234079E-04
  1.5719236E-04  1.4139742E-04  1.2502032E-04  1.0813182E-04  9.0796471E-05
  7.3087445E-05  5.5081353E-05  3.6847483E-05  1.8460729E-05  0.0000000E+00
 -1.8460731E-05 -3.6847487E-05 -5.5081349E-05 -7.3087438E-05 -9.0796471E-05
 -1.0813182E-04 -1.2502032E-04 -1.4139742E-04 -1.5719236E-04 -1.7234079E-04
 -1.8678121E-04 -2.0045679E-04 -2.1330584E-04 -2.2527881E-04 -2.3632760E-04
 -2.4640330E-04 -2.5546612E-04 -2.6348364E-04 -2.7041225E-04 -2.7623368E-04
 -2.8091820E-04 -2.8444923E-04 -2.8681170E-04 -2.8799518E-04  2.8670757E-04
  2.8552854E-04  2.8317800E-04  2.7966194E-04  2.7499860E-04  2.6920415E-04
  2.6230258E-04  2.5432569E-04  2.4530169E-04  2.3526959E-04  2.2427180E-04
  2.1235136E-04  1.9956088E-04  1.8594679E-04  1.7157104E-04  1.5648836E-04
  1.4076562E-04  1.2446052E-04  1.0764851E-04  9.0389709E-05  7.2761824E-05
  5.4833774E-05  3.6682439E-05  1.8379551E-05  1.1188149E-15 -1.8379553E-05
 -3.6682439E-05 -5.4833774E-05 -7.2761824E-05 -9.0389709E-05 -1.0764852E-04
 -1.2446052E-04 -1.4076564E-04 -1.5648836E-04 -1.7157104E-04 -1.8594679E-04
 -1.9956088E-04 -2.1235137E-04 -2.2427180E-04 -2.3526960E-04 -2.4530169E-04
 -2.5432569E-04 -2.6230258E-04 -2.6920417E-04 -2.7499860E-04 -2.7966197E-04
 -2.8317800E-04 -2.8552857E-04 -2.8670757E-04  2.8411497E-04  2.8294645E-04
  2.8061855E-04  2.7713407E-04  2.7251107E-04  2.6677060E-04  2.5992907E-04
  2.5202727E-04  2.4308260E-04  2.3314227E-04  2.2224487E-04  2.1043082E-04
  1.9775594E-04  1.8426642E-04  1.7001976E-04  1.5507369E-04  1.3949313E-04
  1.2333535E-04  1.0667357E-04  8.9571913E-05  7.2106326E-05  5.4337030E-05
  3.6350873E-05  1.8212988E-05 -9.3232620E-16 -1.8212988E-05 -3.6350870E-05
 -5.4337019E-05 -7.2106326E-05 -8.9571913E-05 -1.0667356E-04 -1.2333535E-04
 -1.3949313E-04 -1.5507369E-04 -1.7001978E-04 -1.8426642E-04 -1.9775596E-04
 -2.1043082E-04 -2.2224487E-04 -2.3314229E-04 -2.4308260E-04 -2.5202727E-04
 -2.5992907E-04 -2.6677060E-04 -2.7251107E-04 -2.7713407E-04 -2.8061855E-04
 -2.8294645E-04 -2.8411497E-04  2.8018153E-04  2.7902951E-04  2.7673296E-04
  2.7329652E-04  2.6873950E-04  2.6307558E-04  2.5633152E-04  2.4853784E-04
  2.3971770E-04  2.2991397E-04  2.1916788E-04  2.0751894E-04  1.9501653E-04
  1.8171621E-04  1.6766433E-04  1.5292838E-04  1.3756090E-04  1.2162817E-04
  1.0519573E-04  8.8332999E-05  7.1107075E-05  5.3585478E-05  3.5848348E-05
  1.7959293E-05  2.6106375E-15 -1.7959293E-05 -3.5848348E-05 -5.3585474E-05
 -7.1107068E-05 -8.8332999E-05 -1.0519574E-04 -1.2162818E-04 -1.3756090E-04
 -1.5292835E-04 -1.6766433E-04 -1.8171623E-04 -1.9501653E-04 -2.0751893E-04
 -2.1916785E-04 -2.2991400E-04 -2.3971770E-04 -2.4853784E-04 -2.5633155E-04
 -2.6307558E-04 -2.6873950E-04 -2.7329649E-04 -2.7673296E-04 -2.7902954E-04
 -2.8018153E-04  2.7484860E-04  2.7372065E-04  2.7146470E-04  2.6809573E-04
  2.6362418E-04  2.5806978E-04  2.5145337E-04  2.4380645E-04  2.3515751E-04
  2.2553810E-04  2.1499612E-04  2.0357093E-04  1.9130381E-04  1.7825839E-04
  1.6447366E-04  1.5001670E-04  1.3494348E-04  1.1931347E-04  1.0319440E-04
  8.6651373E-05  6.9752503E-05  5.2567051E-05  3.5165678E-05  1.7617289E-05
  0.0000000E+00 -1.7617287E-05 -3.5165682E-05 -5.2567055E-05 -6.9752503E-05
 -8.6651373E-05 -1.0319441E-04 -1.1931347E-04 -1.3494348E-04 -1.5001670E-04
 -1.6447366E-04 -1.7825839E-04 -1.9130381E-04 -2.0357096E-04 -2.1499612E-04
 -2.2553807E-04 -2.3515754E-04 -2.4380645E-04 -2.5145337E-04 -2.5806978E-04
 -2.6362416E-04 -2.6809573E-04 -2.7146473E-04 -2.7372065E-04 -2.7484860E-04
  2.6803385E-04  2.6693285E-04  2.6473380E-04  2.6144733E-04  2.5708700E-04
  2.5167194E-04  2.4521904E-04  2.3775952E-04  2.2932538E-04  2.1994721E-04
  2.0966494E-04  1.9852158E-04  1.8656209E-04  1.7383766E-04  1.6039498E-04
  1.4629650E-04  1.3159822E-04  1.1635530E-04  1.0063549E-04  8.4501720E-05
  6.8022833E-05  5.1264960E-05  3.4292611E-05  1.7180959E-05  0.0000000E+00
 -1.7180959E-05 -3.4292600E-05 -5.1264960E-05 -6.8022833E-05 -8.4501728E-05
 -1.0063551E-04 -1.1635529E-04 -1.3159822E-04 -1.4629650E-04 -1.6039499E-04
 -1.7383767E-04 -1.8656209E-04 -1.9852158E-04 -2.0966496E-04 -2.1994722E-04
 -2.2932538E-04 -2.3775954E-04 -2.4521907E-04 -2.5167194E-04 -2.5708700E-04
 -2.6144731E-04 -2.6473383E-04 -2.6693285E-04 -2.6803385E-04  2.5961894E-04
  2.5855095E-04  2.5642404E-04  2.5323796E-04  2.4901557E-04  2.4377003E-04
  2.3752119E-04  2.3029413E-04  2.2212537E-04  2.1304141E-04  2.0308304E-04
  1.9228770E-04  1.8070608E-04  1.6837935E-04  1.5535799E-04  1.4170507E-04
  1.2746571E-04  1.1270143E-04  9.7476579E-05  8.1849692E-05  6.5886932E-05
  4.9655424E-05  3.3215711E-05  1.6640959E-05 -2.4240946E-15 -1.6640959E-05
 -3.3215711E-05 -4.9655428E-05 -6.5886910E-05 -8.1849685E-05 -9.7476579E-05
 -1.1270143E-04 -1.2746571E-04 -1.4170507E-04 -1.5535801E-04 -1.6837935E-04
 -1.8070609E-04 -1.9228770E-04 -2.0308307E-04 -2.1304141E-04 -2.2212537E-04
 -2.3029416E-04 -2.3752119E-04 -2.4377005E-04 -2.4901555E-04 -2.5323796E-04
 -2.5642404E-04 -2.5855098E-04 -2.5961894E-04  2.4944014E-04  2.4841417E-04
  2.4636969E-04  2.4331119E-04  2.3925226E-04  2.3421078E-04  2.2820935E-04
  2.2126593E-04  2.1341651E-04  2.0468821E-04  1.9512100E-04  1.8474882E-04
  1.7362187E-04  1.6177649E-04  1.4926802E-04  1.3614929E-04  1.2246630E-04
  1.0828398E-04  9.3654584E-05  7.8641162E-05  6.3304033E-05  4.7706995E-05
  3.1915282E-05  1.5988322E-05  2.7970118E-15 -1.5988313E-05 -3.1915279E-05
 -4.7706995E-05 -6.3304033E-05 -7.8641184E-05 -9.3654584E-05 -1.0828397E-04
 -1.2246630E-04 -1.3614928E-04 -1.4926802E-04 -1.6177649E-04 -1.7362187E-04
 -1.8474883E-04 -1.9512100E-04 -2.0468820E-04 -2.1341650E-04 -2.2126595E-04
 -2.2820935E-04 -2.3421078E-04 -2.3925223E-04 -2.4331119E-04 -2.4636966E-04
 -2.4841417E-04 -2.4944014E-04  2.3726870E-04  2.3629513E-04  2.3434668E-04
  2.3143966E-04  2.2758021E-04  2.2278175E-04  2.1707572E-04  2.1046984E-04
  2.0300281E-04  1.9470190E-04  1.8559989E-04  1.7573457E-04  1.6515059E-04
  1.5388257E-04  1.4198615E-04  1.2950484E-04  1.1649083E-04  1.0300134E-04
  8.9084519E-05  7.4803167E-05  6.0215581E-05  4.5379242E-05  3.0358367E-05
  1.5208314E-05  3.1700058E-15 -1.5208314E-05 -3.0358375E-05 -4.5379245E-05
 -6.0215581E-05 -7.4803160E-05 -8.9084519E-05 -1.0300134E-04 -1.1649083E-04
 -1.2950484E-04 -1.4198617E-04 -1.5388259E-04 -1.6515056E-04 -1.7573457E-04
 -1.8559989E-04 -1.9470190E-04 -2.0300281E-04 -2.1046982E-04 -2.1707572E-04
 -2.2278175E-04 -2.2758023E-04 -2.3143964E-04 -2.3434668E-04 -2.3629515E-04
 -2.3726870E-04  2.2277549E-04  2.2186048E-04  2.2003206E-04  2.1730051E-04
  2.1367951E-04  2.0917349E-04  2.0381546E-04  1.9761304E-04  1.9060343E-04
  1.8280800E-04  1.7426103E-04  1.6500156E-04  1.5506099E-04  1.4448303E-04
  1.3331405E-04  1.2159292E-04  1.0937545E-04  9.6708092E-05  8.3644416E-05
  7.0233109E-05  5.6537912E-05  4.2607553E-05  2.8502927E-05  1.4279993E-05
  3.5428870E-15 -1.4279992E-05 -2.8502927E-05 -4.2607553E-05 -5.6537909E-05
 -7.0233109E-05 -8.3644431E-05 -9.6708100E-05 -1.0937545E-04 -1.2159292E-04
 -1.3331405E-04 -1.4448303E-04 -1.5506097E-04 -1.6500156E-04 -1.7426103E-04
 -1.8280804E-04 -1.9060343E-04 -1.9761304E-04 -2.0381546E-04 -2.0917349E-04
 -2.1367948E-04 -2.1730049E-04 -2.2003206E-04 -2.2186048E-04 -2.2277549E-04
  2.0546086E-04  2.0461633E-04  2.0293034E-04  2.0041179E-04  1.9707131E-04
  1.9291620E-04  1.8797208E-04  1.8225559E-04  1.7578888E-04  1.6859792E-04
  1.6071825E-04  1.5217708E-04  1.4300749E-04  1.3325445E-04  1.2295214E-04
  1.1214305E-04  1.0087343E-04  8.9192719E-05  7.7143035E-05  6.4773973E-05
  5.2143740E-05  3.9296021E-05  2.6287780E-05  1.3170287E-05  3.9158558E-15
 -1.3170298E-05 -2.6287780E-05 -3.9296036E-05 -5.2143736E-05 -6.4773958E-05
 -7.7143042E-05 -8.9192712E-05 -1.0087343E-04 -1.1214305E-04 -1.2295214E-04
 -1.3325443E-04 -1.4300748E-04 -1.5217708E-04 -1.6071823E-04 -1.6859792E-04
 -1.7578888E-04 -1.8225556E-04 -1.8797208E-04 -1.9291620E-04 -1.9707131E-04
 -2.0041177E-04 -2.0293034E-04 -2.0461633E-04 -2.0546086E-04  1.8451127E-04
  1.8375374E-04  1.8224015E-04  1.7997806E-04  1.7697652E-04  1.7324724E-04
  1.6880556E-04  1.6367390E-04  1.5786402E-04  1.5140788E-04  1.4433348E-04
  1.3665910E-04  1.2842672E-04  1.1966796E-04  1.1041537E-04  1.0071005E-04
  9.0587571E-05  8.0099002E-05  6.9277623E-05  5.8169586E-05  4.6826073E-05
  3.5290584E-05  2.3606532E-05  1.1828168E-05  4.2887205E-15 -1.1828168E-05
 -2.3606521E-05 -3.5290570E-05 -4.6826084E-05 -5.8169589E-05 -6.9277616E-05
 -8.0098995E-05 -9.0587557E-05 -1.0071004E-04 -1.1041537E-04 -1.1966794E-04
 -1.2842671E-04 -1.3665912E-04 -1.4433349E-04 -1.5140788E-04 -1.5786404E-04
 -1.6367386E-04 -1.6880558E-04 -1.7324723E-04 -1.7697651E-04 -1.7997807E-04
 -1.8224015E-04 -1.8375374E-04 -1.8451127E-04  1.5843341E-04  1.5778227E-04
  1.5648315E-04  1.5454038E-04  1.5196161E-04  1.4876165E-04  1.4494818E-04
  1.4053918E-04  1.3555250E-04  1.3000927E-04  1.2393358E-04  1.1734328E-04
  1.1027576E-04  1.0275399E-04  9.4810355E-05  8.6475411E-05  7.7784767E-05
  6.8777568E-05  5.9485541E-05  4.9948696E-05  4.0208026E-05  3.0302328E-05
  2.0270545E-05  1.0156347E-05  0.0000000E+00 -1.0156326E-05 -2.0270543E-05
 -3.0302328E-05 -4.0208026E-05 -4.9948703E-05 -5.9485552E-05 -6.8777583E-05
 -7.7784796E-05 -8.6475418E-05 -9.4810348E-05 -1.0275399E-04 -1.1027575E-04
 -1.1734326E-04 -1.2393358E-04 -1.3000928E-04 -1.3555252E-04 -1.4053922E-04
 -1.4494816E-04 -1.4876167E-04 -1.5196159E-04 -1.5454039E-04 -1.5648312E-04
 -1.5778228E-04 -1.5843341E-04  1.2372830E-04  1.2321959E-04  1.2220367E-04
  1.2068798E-04  1.1867409E-04  1.1617396E-04  1.1319813E-04  1.0975263E-04
  1.0585986E-04  1.0152895E-04  9.6785428E-05  9.1639544E-05  8.6118605E-05
  8.0245081E-05  7.4041302E-05  6.7532914E-05  6.0745511E-05  5.3711719E-05
  4.6454632E-05  3.9006765E-05  3.1401363E-05  2.3664019E-05  1.5830523E-05
  7.9310066E-06  7.5518900E-15 -7.9310266E-06 -1.5830521E-05 -2.3664017E-05
 -3.1401363E-05 -3.9006751E-05 -4.6454632E-05 -5.3711716E-05 -6.0745500E-05
 -6.7532892E-05 -7.4041287E-05 -8.0245081E-05 -8.6118620E-05 -9.1639558E-05
 -9.6785436E-05 -1.0152897E-04 -1.0585988E-04 -1.0975264E-04 -1.1319814E-04
 -1.1617396E-04 -1.1867411E-04 -1.2068798E-04 -1.2220367E-04 -1.2321959E-04
 -1.2372831E-04  5.2613672E-05  5.2397132E-05  5.1965584E-05  5.1320567E-05
  5.0465078E-05  4.9400704E-05  4.8136557E-05  4.6671161E-05  4.5015084E-05
  4.3173011E-05  4.1157087E-05  3.8968792E-05  3.6620546E-05  3.4122746E-05
  3.1484647E-05  2.8718378E-05  2.5830399E-05  2.2839982E-05  1.9755020E-05
  1.6586404E-05  1.3353511E-05  1.0062839E-05  6.7309275E-06  3.3730628E-06
  0.0000000E+00 -3.3730626E-06 -6.7309275E-06 -1.0062839E-05 -1.3353511E-05
 -1.6586404E-05 -1.9755020E-05 -2.2839982E-05 -2.5830401E-05 -2.8718378E-05
 -3.1484647E-05 -3.4122746E-05 -3.6620546E-05 -3.8968792E-05 -4.1157087E-05
 -4.3173011E-05 -4.5015084E-05 -4.6671161E-05 -4.8136557E-05 -4.9400704E-05
 -5.0465078E-05 -5.1320570E-05 -5.1965584E-05 -5.2397132E-05 -5.2613668E-05
