 
      1   2940    735      1
    1  0.1496793E+00  0.4799927E-02 -0.4998151E-02  0.9989308E+00  0.3203398E-01 -0.3333461E-01  0.9610126E-04
    1  0.1490642E+00  0.1438006E-01 -0.4998135E-02  0.9948257E+00  0.9597167E-01 -0.3333585E-01  0.9610126E-04
    1  0.1478366E+00  0.2390109E-01 -0.4998146E-02  0.9866334E+00  0.1595089E+00 -0.3333928E-01  0.9610104E-04
    1  0.1460015E+00  0.3332389E-01 -0.4998139E-02  0.9743850E+00  0.2224015E+00 -0.3333863E-01  0.9610112E-04
    1  0.1435665E+00  0.4260977E-01 -0.4998153E-02  0.9581373E+00  0.2843617E+00 -0.3333571E-01  0.9610104E-04
    1  0.1405415E+00  0.5172054E-01 -0.4998142E-02  0.9379451E+00  0.3451782E+00 -0.3333302E-01  0.9610107E-04
    1  0.1369390E+00  0.6061883E-01 -0.4998139E-02  0.9139060E+00  0.4045551E+00 -0.3333130E-01  0.9610179E-04
    1  0.1327738E+00  0.6926800E-01 -0.4998153E-02  0.8861046E+00  0.4622850E+00 -0.3333288E-01  0.9610093E-04
    1  0.1280629E+00  0.7763250E-01 -0.4998143E-02  0.8546672E+00  0.5181051E+00 -0.3333462E-01  0.9610118E-04
    1  0.1228259E+00  0.8567803E-01 -0.4998138E-02  0.8197175E+00  0.5717973E+00 -0.3333322E-01  0.9610134E-04
    1  0.1170841E+00  0.9337150E-01 -0.4998141E-02  0.7813978E+00  0.6231422E+00 -0.3333654E-01  0.9610089E-04
    1  0.1108612E+00  0.1006812E+00 -0.4998146E-02  0.7398662E+00  0.6719275E+00 -0.3333869E-01  0.9610117E-04
    1  0.1041828E+00  0.1075773E+00 -0.4998147E-02  0.6952966E+00  0.7179496E+00 -0.3333291E-01  0.9610144E-04
    1  0.9707624E-01  0.1140313E+00 -0.4998148E-02  0.6478667E+00  0.7610240E+00 -0.3333338E-01  0.9610075E-04
    1  0.8957080E-01  0.1200166E+00 -0.4998140E-02  0.5977768E+00  0.8009692E+00 -0.3333564E-01  0.9610107E-04
    1  0.8169727E-01  0.1255089E+00 -0.4998145E-02  0.5452323E+00  0.8376219E+00 -0.3333621E-01  0.9610126E-04
    1  0.7348801E-01  0.1304854E+00 -0.4998140E-02  0.4904451E+00  0.8708342E+00 -0.3333678E-01  0.9610152E-04
    1  0.6497678E-01  0.1349257E+00 -0.4998149E-02  0.4336420E+00  0.9004682E+00 -0.3333768E-01  0.9610111E-04
    1  0.5619857E-01  0.1388116E+00 -0.4998147E-02  0.3750632E+00  0.9263995E+00 -0.3333997E-01  0.9610107E-04
    1  0.4718942E-01  0.1421270E+00 -0.4998138E-02  0.3149329E+00  0.9485283E+00 -0.3333587E-01  0.9610150E-04
    1  0.3798634E-01  0.1448584E+00 -0.4998141E-02  0.2535092E+00  0.9667584E+00 -0.3333633E-01  0.9610107E-04
    1  0.2862719E-01  0.1469946E+00 -0.4998153E-02  0.1910536E+00  0.9810132E+00 -0.3334152E-01  0.9610115E-04
    1  0.1915041E-01  0.1485267E+00 -0.4998146E-02  0.1278083E+00  0.9912384E+00 -0.3334018E-01  0.9610100E-04
    1  0.9594880E-02  0.1494485E+00 -0.4998148E-02  0.6403230E-01  0.9973910E+00 -0.3333459E-01  0.9610123E-04
    1  0.0000000E+00  0.1497562E+00 -0.4998143E-02  0.0000000E+00  0.9994444E+00 -0.3333176E-01  0.9610040E-04
    1 -0.9594904E-02  0.1494486E+00 -0.4998140E-02 -0.6403197E-01  0.9973909E+00 -0.3333491E-01  0.9610173E-04
    1 -0.1915041E-01  0.1485267E+00 -0.4998146E-02 -0.1278083E+00  0.9912384E+00 -0.3334018E-01  0.9610101E-04
    1 -0.2862719E-01  0.1469946E+00 -0.4998153E-02 -0.1910535E+00  0.9810132E+00 -0.3334152E-01  0.9610115E-04
    1 -0.3798634E-01  0.1448584E+00 -0.4998141E-02 -0.2535092E+00  0.9667584E+00 -0.3333633E-01  0.9610106E-04
    1 -0.4718942E-01  0.1421271E+00 -0.4998138E-02 -0.3149329E+00  0.9485283E+00 -0.3333587E-01  0.9610150E-04
    1 -0.5619857E-01  0.1388116E+00 -0.4998147E-02 -0.3750632E+00  0.9263995E+00 -0.3333997E-01  0.9610107E-04
    1 -0.6497678E-01  0.1349257E+00 -0.4998148E-02 -0.4336421E+00  0.9004682E+00 -0.3333768E-01  0.9610111E-04
    1 -0.7348801E-01  0.1304854E+00 -0.4998140E-02 -0.4904451E+00  0.8708342E+00 -0.3333678E-01  0.9610152E-04
    1 -0.8169726E-01  0.1255089E+00 -0.4998145E-02 -0.5452323E+00  0.8376219E+00 -0.3333621E-01  0.9610126E-04
    1 -0.8957079E-01  0.1200166E+00 -0.4998140E-02 -0.5977768E+00  0.8009692E+00 -0.3333564E-01  0.9610107E-04
    1 -0.9707623E-01  0.1140313E+00 -0.4998147E-02 -0.6478667E+00  0.7610240E+00 -0.3333338E-01  0.9610075E-04
    1 -0.1041828E+00  0.1075773E+00 -0.4998147E-02 -0.6952966E+00  0.7179496E+00 -0.3333291E-01  0.9610144E-04
    1 -0.1108613E+00  0.1006812E+00 -0.4998146E-02 -0.7398662E+00  0.6719275E+00 -0.3333869E-01  0.9610118E-04
    1 -0.1170841E+00  0.9337150E-01 -0.4998141E-02 -0.7813977E+00  0.6231422E+00 -0.3333654E-01  0.9610089E-04
    1 -0.1228259E+00  0.8567804E-01 -0.4998138E-02 -0.8197175E+00  0.5717973E+00 -0.3333322E-01  0.9610135E-04
    1 -0.1280629E+00  0.7763251E-01 -0.4998143E-02 -0.8546672E+00  0.5181051E+00 -0.3333462E-01  0.9610118E-04
    1 -0.1327738E+00  0.6926800E-01 -0.4998153E-02 -0.8861046E+00  0.4622850E+00 -0.3333288E-01  0.9610093E-04
    1 -0.1369390E+00  0.6061883E-01 -0.4998140E-02 -0.9139060E+00  0.4045551E+00 -0.3333130E-01  0.9610179E-04
    1 -0.1405415E+00  0.5172055E-01 -0.4998142E-02 -0.9379451E+00  0.3451782E+00 -0.3333302E-01  0.9610107E-04
    1 -0.1435665E+00  0.4260977E-01 -0.4998153E-02 -0.9581373E+00  0.2843617E+00 -0.3333571E-01  0.9610104E-04
    1 -0.1460015E+00  0.3332389E-01 -0.4998139E-02 -0.9743850E+00  0.2224015E+00 -0.3333863E-01  0.9610112E-04
    1 -0.1478366E+00  0.2390109E-01 -0.4998146E-02 -0.9866334E+00  0.1595089E+00 -0.3333928E-01  0.9610104E-04
    1 -0.1490642E+00  0.1438006E-01 -0.4998135E-02 -0.9948257E+00  0.9597168E-01 -0.3333585E-01  0.9610126E-04
    1 -0.1496793E+00  0.4799927E-02 -0.4998151E-02 -0.9989308E+00  0.3203398E-01 -0.3333461E-01  0.9610126E-04
    1  0.1490108E+00  0.4778494E-02 -0.1499438E-01  0.9944754E+00  0.3189393E-01 -0.1000070E+00  0.9610041E-04
    1  0.1483985E+00  0.1431583E-01 -0.1499439E-01  0.9903892E+00  0.9554099E-01 -0.1000059E+00  0.9610009E-04
    1  0.1471764E+00  0.2379434E-01 -0.1499438E-01  0.9822339E+00  0.1587976E+00 -0.1000001E+00  0.9610032E-04
    1  0.1453495E+00  0.3317508E-01 -0.1499439E-01  0.9700400E+00  0.2214098E+00 -0.1000007E+00  0.9610014E-04
    1  0.1429253E+00  0.4241949E-01 -0.1499438E-01  0.9538638E+00  0.2830951E+00 -0.1000050E+00  0.9610019E-04
    1  0.1399139E+00  0.5148960E-01 -0.1499439E-01  0.9337634E+00  0.3436348E+00 -0.1000049E+00  0.9610037E-04
    1  0.1363275E+00  0.6034811E-01 -0.1499437E-01  0.9098293E+00  0.4027529E+00 -0.1000041E+00  0.9609988E-04
    1  0.1321808E+00  0.6895863E-01 -0.1499439E-01  0.8821517E+00  0.4602248E+00 -0.1000071E+00  0.9610082E-04
    1  0.1274910E+00  0.7728581E-01 -0.1499438E-01  0.8508580E+00  0.5157907E+00 -0.1000026E+00  0.9610006E-04
    1  0.1222774E+00  0.8529541E-01 -0.1499438E-01  0.8160599E+00  0.5692499E+00 -0.1000028E+00  0.9610012E-04
    1  0.1165612E+00  0.9295447E-01 -0.1499439E-01  0.7779129E+00  0.6203635E+00 -0.1000033E+00  0.9610012E-04
    1  0.1103662E+00  0.1002316E+00 -0.1499438E-01  0.7365651E+00  0.6689328E+00 -0.1000039E+00  0.9610014E-04
    1  0.1037175E+00  0.1070968E+00 -0.1499438E-01  0.6921968E+00  0.7147458E+00 -0.1000100E+00  0.9610054E-04
    1  0.9664269E-01  0.1135220E+00 -0.1499439E-01  0.6449764E+00  0.7576303E+00 -0.1000086E+00  0.9610034E-04
    1  0.8917075E-01  0.1194807E+00 -0.1499438E-01  0.5951155E+00  0.7973940E+00 -0.1000016E+00  0.9609990E-04
    1  0.8133242E-01  0.1249484E+00 -0.1499438E-01  0.5427972E+00  0.8338892E+00 -0.9999996E-01  0.9610028E-04
    1  0.7315983E-01  0.1299026E+00 -0.1499438E-01  0.4882614E+00  0.8669491E+00 -0.1000001E+00  0.9610025E-04
    1  0.6468663E-01  0.1343231E+00 -0.1499438E-01  0.4317054E+00  0.8964545E+00 -0.9999907E-01  0.9610022E-04
    1  0.5594759E-01  0.1381916E+00 -0.1499439E-01  0.3733900E+00  0.9222688E+00 -0.1000008E+00  0.9610048E-04
    1  0.4697868E-01  0.1414923E+00 -0.1499438E-01  0.3135277E+00  0.9442982E+00 -0.1000058E+00  0.9609995E-04
    1  0.3781671E-01  0.1442115E+00 -0.1499439E-01  0.2523820E+00  0.9624462E+00 -0.1000031E+00  0.9610043E-04
    1  0.2849933E-01  0.1463381E+00 -0.1499438E-01  0.1901967E+00  0.9766398E+00 -0.9999956E-01  0.9610044E-04
    1  0.1906485E-01  0.1478634E+00 -0.1499438E-01  0.1272371E+00  0.9868178E+00 -0.1000066E+00  0.9610031E-04
    1  0.9552036E-02  0.1487811E+00 -0.1499438E-01  0.6375153E-01  0.9929422E+00 -0.1000076E+00  0.9610025E-04
    1  0.1164153E-09  0.1490874E+00 -0.1499439E-01  0.0000000E+00  0.9949868E+00 -0.1000059E+00  0.9609976E-04
    1 -0.9552037E-02  0.1487811E+00 -0.1499438E-01 -0.6375153E-01  0.9929422E+00 -0.1000076E+00  0.9610026E-04
    1 -0.1906484E-01  0.1478634E+00 -0.1499438E-01 -0.1272371E+00  0.9868178E+00 -0.1000066E+00  0.9610031E-04
    1 -0.2849933E-01  0.1463381E+00 -0.1499438E-01 -0.1901967E+00  0.9766398E+00 -0.9999956E-01  0.9610044E-04
    1 -0.3781673E-01  0.1442115E+00 -0.1499439E-01 -0.2523820E+00  0.9624462E+00 -0.1000031E+00  0.9610043E-04
    1 -0.4697867E-01  0.1414923E+00 -0.1499438E-01 -0.3135277E+00  0.9442982E+00 -0.1000058E+00  0.9609995E-04
    1 -0.5594759E-01  0.1381916E+00 -0.1499439E-01 -0.3733900E+00  0.9222688E+00 -0.1000008E+00  0.9610049E-04
    1 -0.6468663E-01  0.1343231E+00 -0.1499438E-01 -0.4317054E+00  0.8964545E+00 -0.9999907E-01  0.9610022E-04
    1 -0.7315983E-01  0.1299027E+00 -0.1499438E-01 -0.4882614E+00  0.8669491E+00 -0.1000001E+00  0.9610025E-04
    1 -0.8133242E-01  0.1249484E+00 -0.1499438E-01 -0.5427972E+00  0.8338892E+00 -0.9999996E-01  0.9610028E-04
    1 -0.8917077E-01  0.1194807E+00 -0.1499438E-01 -0.5951155E+00  0.7973940E+00 -0.1000016E+00  0.9609990E-04
    1 -0.9664269E-01  0.1135220E+00 -0.1499438E-01 -0.6449764E+00  0.7576302E+00 -0.1000086E+00  0.9610034E-04
    1 -0.1037175E+00  0.1070969E+00 -0.1499438E-01 -0.6921968E+00  0.7147458E+00 -0.1000100E+00  0.9610054E-04
    1 -0.1103661E+00  0.1002316E+00 -0.1499438E-01 -0.7365651E+00  0.6689328E+00 -0.1000039E+00  0.9610015E-04
    1 -0.1165612E+00  0.9295449E-01 -0.1499439E-01 -0.7779129E+00  0.6203635E+00 -0.1000033E+00  0.9610012E-04
    1 -0.1222774E+00  0.8529539E-01 -0.1499438E-01 -0.8160600E+00  0.5692499E+00 -0.1000028E+00  0.9610013E-04
    1 -0.1274910E+00  0.7728583E-01 -0.1499438E-01 -0.8508580E+00  0.5157907E+00 -0.1000026E+00  0.9610006E-04
    1 -0.1321808E+00  0.6895864E-01 -0.1499439E-01 -0.8821517E+00  0.4602248E+00 -0.1000071E+00  0.9610082E-04
    1 -0.1363274E+00  0.6034811E-01 -0.1499437E-01 -0.9098293E+00  0.4027529E+00 -0.1000041E+00  0.9609987E-04
    1 -0.1399139E+00  0.5148960E-01 -0.1499439E-01 -0.9337634E+00  0.3436348E+00 -0.1000049E+00  0.9610038E-04
    1 -0.1429253E+00  0.4241949E-01 -0.1499437E-01 -0.9538638E+00  0.2830951E+00 -0.1000050E+00  0.9610019E-04
    1 -0.1453495E+00  0.3317508E-01 -0.1499439E-01 -0.9700400E+00  0.2214098E+00 -0.1000006E+00  0.9610014E-04
    1 -0.1471764E+00  0.2379434E-01 -0.1499439E-01 -0.9822339E+00  0.1587976E+00 -0.1000001E+00  0.9610032E-04
    1 -0.1483985E+00  0.1431583E-01 -0.1499439E-01 -0.9903892E+00  0.9554099E-01 -0.1000059E+00  0.9610010E-04
    1 -0.1490108E+00  0.4778494E-02 -0.1499438E-01 -0.9944754E+00  0.3189393E-01 -0.1000070E+00  0.9610041E-04
    1  0.1476648E+00  0.4735326E-02 -0.2499047E-01  0.9855047E+00  0.3160771E-01 -0.1666774E+00  0.9609848E-04
    1  0.1470580E+00  0.1418651E-01 -0.2499046E-01  0.9814560E+00  0.9467469E-01 -0.1666758E+00  0.9609804E-04
    1  0.1458470E+00  0.2357941E-01 -0.2499047E-01  0.9733715E+00  0.1573694E+00 -0.1666816E+00  0.9609897E-04
    1  0.1440365E+00  0.3287543E-01 -0.2499046E-01  0.9612888E+00  0.2194100E+00 -0.1666829E+00  0.9609859E-04
    1  0.1416342E+00  0.4203634E-01 -0.2499047E-01  0.9452572E+00  0.2805464E+00 -0.1666810E+00  0.9609818E-04
    1  0.1386500E+00  0.5102451E-01 -0.2499046E-01  0.9253414E+00  0.3405299E+00 -0.1666811E+00  0.9609858E-04
    1  0.1350960E+00  0.5980298E-01 -0.2499047E-01  0.9016187E+00  0.3991250E+00 -0.1666825E+00  0.9609769E-04
    1  0.1309868E+00  0.6833572E-01 -0.2499046E-01  0.8741978E+00  0.4560663E+00 -0.1666780E+00  0.9609900E-04
    1  0.1263394E+00  0.7658769E-01 -0.2499047E-01  0.8431811E+00  0.5111401E+00 -0.1666776E+00  0.9609795E-04
    1  0.1211728E+00  0.8452488E-01 -0.2499046E-01  0.8086979E+00  0.5641146E+00 -0.1666804E+00  0.9609831E-04
    1  0.1155083E+00  0.9211482E-01 -0.2499047E-01  0.7708941E+00  0.6147680E+00 -0.1666816E+00  0.9609883E-04
    1  0.1093692E+00  0.9932618E-01 -0.2499046E-01  0.7299214E+00  0.6628970E+00 -0.1666806E+00  0.9609798E-04
    1  0.1027806E+00  0.1061294E+00 -0.2499047E-01  0.6859503E+00  0.7083015E+00 -0.1666770E+00  0.9609881E-04
    1  0.9576970E-01  0.1124966E+00 -0.2499046E-01  0.6391621E+00  0.7507932E+00 -0.1666777E+00  0.9609843E-04
    1  0.8836527E-01  0.1184014E+00 -0.2499047E-01  0.5897455E+00  0.7902010E+00 -0.1666814E+00  0.9609832E-04
    1  0.8059771E-01  0.1238197E+00 -0.2499047E-01  0.5379009E+00  0.8263652E+00 -0.1666830E+00  0.9609855E-04
    1  0.7249896E-01  0.1287293E+00 -0.2499046E-01  0.4838589E+00  0.8591267E+00 -0.1666792E+00  0.9609819E-04
    1  0.6410232E-01  0.1331098E+00 -0.2499047E-01  0.4278123E+00  0.8883668E+00 -0.1666764E+00  0.9609823E-04
    1  0.5544224E-01  0.1369434E+00 -0.2499046E-01  0.3700159E+00  0.9139510E+00 -0.1666791E+00  0.9609869E-04
    1  0.4655431E-01  0.1402142E+00 -0.2499047E-01  0.3106966E+00  0.9357802E+00 -0.1666826E+00  0.9609842E-04
    1  0.3747511E-01  0.1429088E+00 -0.2499045E-01  0.2501141E+00  0.9537616E+00 -0.1666792E+00  0.9609846E-04
    1  0.2824191E-01  0.1450163E+00 -0.2499047E-01  0.1884779E+00  0.9678300E+00 -0.1666771E+00  0.9609848E-04
    1  0.1889266E-01  0.1465278E+00 -0.2499046E-01  0.1260901E+00  0.9779170E+00 -0.1666726E+00  0.9609814E-04
    1  0.9465778E-02  0.1474372E+00 -0.2499047E-01  0.6317516E-01  0.9839863E+00 -0.1666726E+00  0.9609838E-04
    1 -0.5820766E-10  0.1477407E+00 -0.2499047E-01  0.0000000E+00  0.9860118E+00 -0.1666757E+00  0.9609824E-04
    1 -0.9465778E-02  0.1474372E+00 -0.2499047E-01 -0.6317516E-01  0.9839863E+00 -0.1666726E+00  0.9609839E-04
    1 -0.1889266E-01  0.1465278E+00 -0.2499046E-01 -0.1260901E+00  0.9779170E+00 -0.1666726E+00  0.9609814E-04
    1 -0.2824191E-01  0.1450163E+00 -0.2499047E-01 -0.1884778E+00  0.9678300E+00 -0.1666771E+00  0.9609848E-04
    1 -0.3747511E-01  0.1429088E+00 -0.2499045E-01 -0.2501141E+00  0.9537615E+00 -0.1666792E+00  0.9609846E-04
    1 -0.4655431E-01  0.1402142E+00 -0.2499048E-01 -0.3106966E+00  0.9357802E+00 -0.1666826E+00  0.9609842E-04
    1 -0.5544223E-01  0.1369433E+00 -0.2499046E-01 -0.3700159E+00  0.9139510E+00 -0.1666791E+00  0.9609869E-04
    1 -0.6410234E-01  0.1331098E+00 -0.2499047E-01 -0.4278123E+00  0.8883668E+00 -0.1666763E+00  0.9609823E-04
    1 -0.7249897E-01  0.1287293E+00 -0.2499046E-01 -0.4838589E+00  0.8591267E+00 -0.1666792E+00  0.9609819E-04
    1 -0.8059771E-01  0.1238197E+00 -0.2499047E-01 -0.5379009E+00  0.8263652E+00 -0.1666830E+00  0.9609855E-04
    1 -0.8836526E-01  0.1184014E+00 -0.2499047E-01 -0.5897455E+00  0.7902010E+00 -0.1666814E+00  0.9609832E-04
    1 -0.9576970E-01  0.1124966E+00 -0.2499046E-01 -0.6391621E+00  0.7507932E+00 -0.1666777E+00  0.9609843E-04
    1 -0.1027806E+00  0.1061294E+00 -0.2499047E-01 -0.6859503E+00  0.7083015E+00 -0.1666770E+00  0.9609882E-04
    1 -0.1093692E+00  0.9932619E-01 -0.2499047E-01 -0.7299214E+00  0.6628970E+00 -0.1666806E+00  0.9609798E-04
    1 -0.1155083E+00  0.9211481E-01 -0.2499047E-01 -0.7708941E+00  0.6147680E+00 -0.1666816E+00  0.9609883E-04
    1 -0.1211729E+00  0.8452490E-01 -0.2499046E-01 -0.8086979E+00  0.5641146E+00 -0.1666804E+00  0.9609832E-04
    1 -0.1263394E+00  0.7658768E-01 -0.2499046E-01 -0.8431811E+00  0.5111401E+00 -0.1666776E+00  0.9609795E-04
    1 -0.1309868E+00  0.6833572E-01 -0.2499046E-01 -0.8741978E+00  0.4560663E+00 -0.1666780E+00  0.9609900E-04
    1 -0.1350960E+00  0.5980297E-01 -0.2499047E-01 -0.9016187E+00  0.3991250E+00 -0.1666825E+00  0.9609769E-04
    1 -0.1386500E+00  0.5102451E-01 -0.2499046E-01 -0.9253414E+00  0.3405299E+00 -0.1666811E+00  0.9609858E-04
    1 -0.1416342E+00  0.4203633E-01 -0.2499047E-01 -0.9452572E+00  0.2805464E+00 -0.1666810E+00  0.9609819E-04
    1 -0.1440365E+00  0.3287544E-01 -0.2499047E-01 -0.9612888E+00  0.2194100E+00 -0.1666829E+00  0.9609859E-04
    1 -0.1458469E+00  0.2357941E-01 -0.2499047E-01 -0.9733715E+00  0.1573694E+00 -0.1666817E+00  0.9609897E-04
    1 -0.1470580E+00  0.1418651E-01 -0.2499046E-01 -0.9814560E+00  0.9467469E-01 -0.1666758E+00  0.9609804E-04
    1 -0.1476648E+00  0.4735326E-02 -0.2499047E-01 -0.9855047E+00  0.3160770E-01 -0.1666774E+00  0.9609848E-04
    1  0.1456224E+00  0.4669829E-02 -0.3498627E-01  0.9718913E+00  0.3116594E-01 -0.2333580E+00  0.9609562E-04
    1  0.1450240E+00  0.1399029E-01 -0.3498628E-01  0.9678975E+00  0.9337087E-01 -0.2333585E+00  0.9609540E-04
    1  0.1438297E+00  0.2325328E-01 -0.3498627E-01  0.9599271E+00  0.1551943E+00 -0.2333551E+00  0.9609583E-04
    1  0.1420443E+00  0.3242071E-01 -0.3498627E-01  0.9480121E+00  0.2163790E+00 -0.2333521E+00  0.9609531E-04
    1  0.1396753E+00  0.4145491E-01 -0.3498628E-01  0.9322007E+00  0.2766723E+00 -0.2333545E+00  0.9609571E-04
    1  0.1367323E+00  0.5031877E-01 -0.3498627E-01  0.9125591E+00  0.3358281E+00 -0.2333568E+00  0.9609514E-04
    1  0.1332274E+00  0.5897581E-01 -0.3498627E-01  0.8891660E+00  0.3936101E+00 -0.2333556E+00  0.9609506E-04
    1  0.1291751E+00  0.6739056E-01 -0.3498628E-01  0.8621236E+00  0.4497645E+00 -0.2333557E+00  0.9609590E-04
    1  0.1245920E+00  0.7552838E-01 -0.3498628E-01  0.8315321E+00  0.5040823E+00 -0.2333570E+00  0.9609547E-04
    1  0.1194969E+00  0.8335582E-01 -0.3498627E-01  0.7975270E+00  0.5563228E+00 -0.2333573E+00  0.9609522E-04
    1  0.1139107E+00  0.9084072E-01 -0.3498627E-01  0.7602469E+00  0.6062754E+00 -0.2333554E+00  0.9609573E-04
    1  0.1078565E+00  0.9795239E-01 -0.3498628E-01  0.7198436E+00  0.6537375E+00 -0.2333507E+00  0.9609519E-04
    1  0.1013590E+00  0.1046615E+00 -0.3498627E-01  0.6764708E+00  0.6985219E+00 -0.2333548E+00  0.9609577E-04
    1  0.9444508E-01  0.1109406E+00 -0.3498627E-01  0.6303365E+00  0.7404195E+00 -0.2333558E+00  0.9609552E-04
    1  0.8714308E-01  0.1167638E+00 -0.3498627E-01  0.5815955E+00  0.7792900E+00 -0.2333533E+00  0.9609517E-04
    1  0.7948293E-01  0.1221071E+00 -0.3498628E-01  0.5304741E+00  0.8149497E+00 -0.2333541E+00  0.9609610E-04
    1  0.7149619E-01  0.1269488E+00 -0.3498627E-01  0.4771734E+00  0.8472605E+00 -0.2333565E+00  0.9609498E-04
    1  0.6321568E-01  0.1312687E+00 -0.3498628E-01  0.4219019E+00  0.8760943E+00 -0.2333613E+00  0.9609581E-04
    1  0.5467539E-01  0.1350492E+00 -0.3498627E-01  0.3649041E+00  0.9013260E+00 -0.2333590E+00  0.9609508E-04
    1  0.4591042E-01  0.1382748E+00 -0.3498627E-01  0.3064080E+00  0.9228542E+00 -0.2333540E+00  0.9609587E-04
    1  0.3695679E-01  0.1409322E+00 -0.3498628E-01  0.2466566E+00  0.9405876E+00 -0.2333570E+00  0.9609527E-04
    1  0.2785131E-01  0.1430105E+00 -0.3498627E-01  0.1858766E+00  0.9544597E+00 -0.2333594E+00  0.9609571E-04
    1  0.1863137E-01  0.1445011E+00 -0.3498628E-01  0.1243508E+00  0.9644067E+00 -0.2333594E+00  0.9609535E-04
    1  0.9334860E-02  0.1453979E+00 -0.3498627E-01  0.6229661E-01  0.9703923E+00 -0.2333624E+00  0.9609619E-04
    1  0.1164153E-09  0.1456973E+00 -0.3498627E-01  0.0000000E+00  0.9723893E+00 -0.2333644E+00  0.9609525E-04
    1 -0.9334860E-02  0.1453979E+00 -0.3498627E-01 -0.6229661E-01  0.9703923E+00 -0.2333624E+00  0.9609619E-04
    1 -0.1863137E-01  0.1445011E+00 -0.3498628E-01 -0.1243508E+00  0.9644067E+00 -0.2333594E+00  0.9609535E-04
    1 -0.2785131E-01  0.1430105E+00 -0.3498627E-01 -0.1858766E+00  0.9544597E+00 -0.2333594E+00  0.9609571E-04
    1 -0.3695679E-01  0.1409322E+00 -0.3498628E-01 -0.2466566E+00  0.9405876E+00 -0.2333571E+00  0.9609528E-04
    1 -0.4591042E-01  0.1382748E+00 -0.3498627E-01 -0.3064080E+00  0.9228542E+00 -0.2333540E+00  0.9609587E-04
    1 -0.5467539E-01  0.1350492E+00 -0.3498627E-01 -0.3649041E+00  0.9013260E+00 -0.2333590E+00  0.9609509E-04
    1 -0.6321568E-01  0.1312687E+00 -0.3498628E-01 -0.4219019E+00  0.8760943E+00 -0.2333613E+00  0.9609582E-04
    1 -0.7149619E-01  0.1269488E+00 -0.3498627E-01 -0.4771734E+00  0.8472605E+00 -0.2333565E+00  0.9609498E-04
    1 -0.7948293E-01  0.1221071E+00 -0.3498628E-01 -0.5304741E+00  0.8149497E+00 -0.2333541E+00  0.9609610E-04
    1 -0.8714308E-01  0.1167638E+00 -0.3498627E-01 -0.5815955E+00  0.7792900E+00 -0.2333533E+00  0.9609517E-04
    1 -0.9444509E-01  0.1109406E+00 -0.3498628E-01 -0.6303365E+00  0.7404195E+00 -0.2333558E+00  0.9609552E-04
    1 -0.1013590E+00  0.1046615E+00 -0.3498626E-01 -0.6764708E+00  0.6985219E+00 -0.2333548E+00  0.9609577E-04
    1 -0.1078565E+00  0.9795240E-01 -0.3498628E-01 -0.7198436E+00  0.6537374E+00 -0.2333507E+00  0.9609518E-04
    1 -0.1139107E+00  0.9084074E-01 -0.3498627E-01 -0.7602469E+00  0.6062754E+00 -0.2333554E+00  0.9609573E-04
    1 -0.1194968E+00  0.8335580E-01 -0.3498627E-01 -0.7975270E+00  0.5563228E+00 -0.2333573E+00  0.9609523E-04
    1 -0.1245920E+00  0.7552838E-01 -0.3498628E-01 -0.8315321E+00  0.5040822E+00 -0.2333570E+00  0.9609548E-04
    1 -0.1291751E+00  0.6739055E-01 -0.3498627E-01 -0.8621236E+00  0.4497645E+00 -0.2333557E+00  0.9609590E-04
    1 -0.1332274E+00  0.5897581E-01 -0.3498628E-01 -0.8891660E+00  0.3936101E+00 -0.2333556E+00  0.9609506E-04
    1 -0.1367323E+00  0.5031876E-01 -0.3498627E-01 -0.9125591E+00  0.3358281E+00 -0.2333568E+00  0.9609514E-04
    1 -0.1396753E+00  0.4145491E-01 -0.3498628E-01 -0.9322007E+00  0.2766723E+00 -0.2333544E+00  0.9609571E-04
    1 -0.1420443E+00  0.3242071E-01 -0.3498627E-01 -0.9480121E+00  0.2163790E+00 -0.2333521E+00  0.9609530E-04
    1 -0.1438297E+00  0.2325328E-01 -0.3498627E-01 -0.9599271E+00  0.1551943E+00 -0.2333551E+00  0.9609583E-04
    1 -0.1450240E+00  0.1399029E-01 -0.3498628E-01 -0.9678975E+00  0.9337087E-01 -0.2333585E+00  0.9609541E-04
    1 -0.1456224E+00  0.4669830E-02 -0.3498627E-01 -0.9718913E+00  0.3116593E-01 -0.2333580E+00  0.9609562E-04
    1  0.1428537E+00  0.4581036E-02 -0.4498166E-01  0.9534366E+00  0.3057417E-01 -0.3000398E+00  0.9609136E-04
    1  0.1422667E+00  0.1372430E-01 -0.4498166E-01  0.9495180E+00  0.9160022E-01 -0.3000415E+00  0.9609193E-04
    1  0.1410951E+00  0.2281117E-01 -0.4498166E-01  0.9416978E+00  0.1522451E+00 -0.3000447E+00  0.9609135E-04
    1  0.1393437E+00  0.3180428E-01 -0.4498166E-01  0.9300091E+00  0.2122664E+00 -0.3000433E+00  0.9609155E-04
    1  0.1370197E+00  0.4066672E-01 -0.4498165E-01  0.9144989E+00  0.2714192E+00 -0.3000391E+00  0.9609144E-04
    1  0.1341326E+00  0.4936204E-01 -0.4498167E-01  0.8952281E+00  0.3294557E+00 -0.3000423E+00  0.9609171E-04
    1  0.1306944E+00  0.5785451E-01 -0.4498166E-01  0.8722804E+00  0.3861335E+00 -0.3000464E+00  0.9609124E-04
    1  0.1267191E+00  0.6610924E-01 -0.4498165E-01  0.8457503E+00  0.4412241E+00 -0.3000462E+00  0.9609162E-04
    1  0.1222231E+00  0.7409237E-01 -0.4498166E-01  0.8157442E+00  0.4945057E+00 -0.3000425E+00  0.9609204E-04
    1  0.1172249E+00  0.8177100E-01 -0.4498167E-01  0.7823809E+00  0.5457617E+00 -0.3000406E+00  0.9609134E-04
    1  0.1117449E+00  0.8911361E-01 -0.4498167E-01  0.7458099E+00  0.5947614E+00 -0.3000445E+00  0.9609151E-04
    1  0.1058058E+00  0.9609006E-01 -0.4498166E-01  0.7061710E+00  0.6413214E+00 -0.3000489E+00  0.9609223E-04
    1  0.9943190E-01  0.1026716E+00 -0.4498165E-01  0.6636247E+00  0.6852559E+00 -0.3000442E+00  0.9609119E-04
    1  0.9264944E-01  0.1088313E+00 -0.4498166E-01  0.6183676E+00  0.7263584E+00 -0.3000417E+00  0.9609170E-04
    1  0.8548625E-01  0.1145438E+00 -0.4498167E-01  0.5705506E+00  0.7644907E+00 -0.3000431E+00  0.9609145E-04
    1  0.7797176E-01  0.1197855E+00 -0.4498165E-01  0.5203979E+00  0.7994745E+00 -0.3000444E+00  0.9609186E-04
    1  0.7013686E-01  0.1245351E+00 -0.4498167E-01  0.4681112E+00  0.8311707E+00 -0.3000451E+00  0.9609159E-04
    1  0.6201376E-01  0.1287729E+00 -0.4498165E-01  0.4138906E+00  0.8594591E+00 -0.3000409E+00  0.9609183E-04
    1  0.5363584E-01  0.1324816E+00 -0.4498167E-01  0.3579783E+00  0.8842101E+00 -0.3000402E+00  0.9609087E-04
    1  0.4503755E-01  0.1356458E+00 -0.4498166E-01  0.3005887E+00  0.9053292E+00 -0.3000424E+00  0.9609159E-04
    1  0.3625414E-01  0.1382527E+00 -0.4498167E-01  0.2419668E+00  0.9227269E+00 -0.3000453E+00  0.9609184E-04
    1  0.2732175E-01  0.1402914E+00 -0.4498166E-01  0.1823518E+00  0.9363341E+00 -0.3000438E+00  0.9609178E-04
    1  0.1827711E-01  0.1417537E+00 -0.4498166E-01  0.1219880E+00  0.9460943E+00 -0.3000409E+00  0.9609139E-04
    1  0.9157371E-02  0.1426335E+00 -0.4498165E-01  0.6111333E-01  0.9519672E+00 -0.3000394E+00  0.9609156E-04
    1  0.0000000E+00  0.1429271E+00 -0.4498167E-01  0.0000000E+00  0.9539273E+00 -0.3000380E+00  0.9609120E-04
    1 -0.9157372E-02  0.1426335E+00 -0.4498166E-01 -0.6111332E-01  0.9519672E+00 -0.3000394E+00  0.9609156E-04
    1 -0.1827711E-01  0.1417537E+00 -0.4498166E-01 -0.1219881E+00  0.9460943E+00 -0.3000409E+00  0.9609139E-04
    1 -0.2732176E-01  0.1402915E+00 -0.4498166E-01 -0.1823518E+00  0.9363341E+00 -0.3000438E+00  0.9609178E-04
    1 -0.3625414E-01  0.1382527E+00 -0.4498166E-01 -0.2419668E+00  0.9227269E+00 -0.3000453E+00  0.9609184E-04
    1 -0.4503755E-01  0.1356458E+00 -0.4498165E-01 -0.3005887E+00  0.9053292E+00 -0.3000424E+00  0.9609159E-04
    1 -0.5363584E-01  0.1324816E+00 -0.4498166E-01 -0.3579783E+00  0.8842101E+00 -0.3000402E+00  0.9609088E-04
    1 -0.6201376E-01  0.1287729E+00 -0.4498166E-01 -0.4138906E+00  0.8594591E+00 -0.3000410E+00  0.9609183E-04
    1 -0.7013686E-01  0.1245351E+00 -0.4498167E-01 -0.4681112E+00  0.8311707E+00 -0.3000451E+00  0.9609159E-04
    1 -0.7797175E-01  0.1197855E+00 -0.4498164E-01 -0.5203979E+00  0.7994744E+00 -0.3000444E+00  0.9609186E-04
    1 -0.8548625E-01  0.1145438E+00 -0.4498167E-01 -0.5705506E+00  0.7644907E+00 -0.3000431E+00  0.9609145E-04
    1 -0.9264944E-01  0.1088313E+00 -0.4498166E-01 -0.6183676E+00  0.7263584E+00 -0.3000418E+00  0.9609170E-04
    1 -0.9943192E-01  0.1026716E+00 -0.4498166E-01 -0.6636247E+00  0.6852559E+00 -0.3000442E+00  0.9609119E-04
    1 -0.1058058E+00  0.9609006E-01 -0.4498166E-01 -0.7061711E+00  0.6413212E+00 -0.3000489E+00  0.9609223E-04
    1 -0.1117449E+00  0.8911361E-01 -0.4498166E-01 -0.7458099E+00  0.5947614E+00 -0.3000445E+00  0.9609151E-04
    1 -0.1172249E+00  0.8177100E-01 -0.4498167E-01 -0.7823809E+00  0.5457617E+00 -0.3000406E+00  0.9609133E-04
    1 -0.1222231E+00  0.7409237E-01 -0.4498166E-01 -0.8157442E+00  0.4945057E+00 -0.3000425E+00  0.9609204E-04
    1 -0.1267191E+00  0.6610925E-01 -0.4498165E-01 -0.8457503E+00  0.4412241E+00 -0.3000462E+00  0.9609162E-04
    1 -0.1306944E+00  0.5785451E-01 -0.4498166E-01 -0.8722804E+00  0.3861335E+00 -0.3000464E+00  0.9609124E-04
    1 -0.1341326E+00  0.4936204E-01 -0.4498167E-01 -0.8952281E+00  0.3294557E+00 -0.3000423E+00  0.9609171E-04
    1 -0.1370197E+00  0.4066672E-01 -0.4498165E-01 -0.9144989E+00  0.2714192E+00 -0.3000391E+00  0.9609143E-04
    1 -0.1393437E+00  0.3180429E-01 -0.4498167E-01 -0.9300091E+00  0.2122664E+00 -0.3000433E+00  0.9609155E-04
    1 -0.1410951E+00  0.2281117E-01 -0.4498165E-01 -0.9416978E+00  0.1522451E+00 -0.3000447E+00  0.9609136E-04
    1 -0.1422667E+00  0.1372430E-01 -0.4498166E-01 -0.9495180E+00  0.9160024E-01 -0.3000415E+00  0.9609193E-04
    1 -0.1428537E+00  0.4581036E-02 -0.4498166E-01 -0.9534366E+00  0.3057417E-01 -0.3000398E+00  0.9609136E-04
    1  0.1393154E+00  0.4467573E-02 -0.5497643E-01  0.9298451E+00  0.2982125E-01 -0.3667408E+00  0.9608641E-04
    1  0.1387429E+00  0.1338437E-01 -0.5497643E-01  0.9260248E+00  0.8933111E-01 -0.3667398E+00  0.9608650E-04
    1  0.1376003E+00  0.2224616E-01 -0.5497644E-01  0.9183994E+00  0.1484809E+00 -0.3667367E+00  0.9608617E-04
    1  0.1358923E+00  0.3101652E-01 -0.5497642E-01  0.9070002E+00  0.2070122E+00 -0.3667378E+00  0.9608595E-04
    1  0.1336258E+00  0.3965942E-01 -0.5497644E-01  0.8918697E+00  0.2647053E+00 -0.3667417E+00  0.9608633E-04
    1  0.1308103E+00  0.4813938E-01 -0.5497642E-01  0.8730791E+00  0.3213025E+00 -0.3667391E+00  0.9608691E-04
    1  0.1274572E+00  0.5642154E-01 -0.5497644E-01  0.8506991E+00  0.3765841E+00 -0.3667364E+00  0.9608625E-04
    1  0.1235804E+00  0.6447181E-01 -0.5497643E-01  0.8248259E+00  0.4303080E+00 -0.3667388E+00  0.9608567E-04
    1  0.1191958E+00  0.7225715E-01 -0.5497643E-01  0.7955607E+00  0.4822694E+00 -0.3667416E+00  0.9608635E-04
    1  0.1143214E+00  0.7974559E-01 -0.5497643E-01  0.7630252E+00  0.5322544E+00 -0.3667395E+00  0.9608654E-04
    1  0.1089771E+00  0.8690634E-01 -0.5497644E-01  0.7273555E+00  0.5800505E+00 -0.3667362E+00  0.9608644E-04
    1  0.1031851E+00  0.9370998E-01 -0.5497643E-01  0.6886984E+00  0.6254579E+00 -0.3667381E+00  0.9608635E-04
    1  0.9696905E-01  0.1001285E+00 -0.5497644E-01  0.6472108E+00  0.6682965E+00 -0.3667396E+00  0.9608611E-04
    1  0.9035461E-01  0.1061357E+00 -0.5497643E-01  0.6030664E+00  0.7083884E+00 -0.3667379E+00  0.9608637E-04
    1  0.8336882E-01  0.1117066E+00 -0.5497643E-01  0.5564304E+00  0.7455775E+00 -0.3667414E+00  0.9608659E-04
    1  0.7604044E-01  0.1168185E+00 -0.5497643E-01  0.5075245E+00  0.7796923E+00 -0.3667406E+00  0.9608595E-04
    1  0.6839964E-01  0.1214505E+00 -0.5497643E-01  0.4565307E+00  0.8106068E+00 -0.3667374E+00  0.9608666E-04
    1  0.6047773E-01  0.1255834E+00 -0.5497643E-01  0.4036521E+00  0.8381931E+00 -0.3667386E+00  0.9608641E-04
    1  0.5230731E-01  0.1292001E+00 -0.5497643E-01  0.3491180E+00  0.8623331E+00 -0.3667399E+00  0.9608638E-04
    1  0.4392198E-01  0.1322860E+00 -0.5497643E-01  0.2931495E+00  0.8829294E+00 -0.3667410E+00  0.9608582E-04
    1  0.3535616E-01  0.1348283E+00 -0.5497643E-01  0.2359801E+00  0.8998973E+00 -0.3667398E+00  0.9608649E-04
    1  0.2664503E-01  0.1368165E+00 -0.5497643E-01  0.1778451E+00  0.9131674E+00 -0.3667376E+00  0.9608642E-04
    1  0.1782441E-01  0.1382426E+00 -0.5497644E-01  0.1189657E+00  0.9226858E+00 -0.3667397E+00  0.9608630E-04
    1  0.8930571E-02  0.1391006E+00 -0.5497643E-01  0.5960312E-01  0.9284112E+00 -0.3667426E+00  0.9608617E-04
    1  0.0000000E+00  0.1393870E+00 -0.5497643E-01  0.0000000E+00  0.9303224E+00 -0.3667427E+00  0.9608710E-04
    1 -0.8930570E-02  0.1391006E+00 -0.5497643E-01 -0.5960312E-01  0.9284112E+00 -0.3667426E+00  0.9608618E-04
    1 -0.1782441E-01  0.1382426E+00 -0.5497643E-01 -0.1189657E+00  0.9226858E+00 -0.3667397E+00  0.9608630E-04
    1 -0.2664503E-01  0.1368166E+00 -0.5497643E-01 -0.1778451E+00  0.9131674E+00 -0.3667375E+00  0.9608642E-04
    1 -0.3535616E-01  0.1348283E+00 -0.5497643E-01 -0.2359801E+00  0.8998973E+00 -0.3667398E+00  0.9608649E-04
    1 -0.4392198E-01  0.1322860E+00 -0.5497642E-01 -0.2931495E+00  0.8829294E+00 -0.3667410E+00  0.9608583E-04
    1 -0.5230731E-01  0.1292001E+00 -0.5497643E-01 -0.3491181E+00  0.8623331E+00 -0.3667398E+00  0.9608638E-04
    1 -0.6047773E-01  0.1255834E+00 -0.5497643E-01 -0.4036521E+00  0.8381932E+00 -0.3667386E+00  0.9608641E-04
    1 -0.6839964E-01  0.1214505E+00 -0.5497643E-01 -0.4565307E+00  0.8106068E+00 -0.3667374E+00  0.9608666E-04
    1 -0.7604045E-01  0.1168185E+00 -0.5497644E-01 -0.5075245E+00  0.7796923E+00 -0.3667406E+00  0.9608595E-04
    1 -0.8336881E-01  0.1117066E+00 -0.5497643E-01 -0.5564305E+00  0.7455776E+00 -0.3667414E+00  0.9608659E-04
    1 -0.9035460E-01  0.1061357E+00 -0.5497643E-01 -0.6030664E+00  0.7083884E+00 -0.3667379E+00  0.9608638E-04
    1 -0.9696908E-01  0.1001285E+00 -0.5497644E-01 -0.6472108E+00  0.6682965E+00 -0.3667396E+00  0.9608611E-04
    1 -0.1031851E+00  0.9370998E-01 -0.5497642E-01 -0.6886984E+00  0.6254579E+00 -0.3667381E+00  0.9608635E-04
    1 -0.1089771E+00  0.8690634E-01 -0.5497644E-01 -0.7273555E+00  0.5800505E+00 -0.3667361E+00  0.9608645E-04
    1 -0.1143214E+00  0.7974559E-01 -0.5497644E-01 -0.7630252E+00  0.5322544E+00 -0.3667395E+00  0.9608655E-04
    1 -0.1191958E+00  0.7225715E-01 -0.5497643E-01 -0.7955607E+00  0.4822694E+00 -0.3667415E+00  0.9608635E-04
    1 -0.1235804E+00  0.6447180E-01 -0.5497643E-01 -0.8248259E+00  0.4303080E+00 -0.3667388E+00  0.9608568E-04
    1 -0.1274572E+00  0.5642153E-01 -0.5497644E-01 -0.8506991E+00  0.3765841E+00 -0.3667364E+00  0.9608626E-04
    1 -0.1308103E+00  0.4813939E-01 -0.5497643E-01 -0.8730791E+00  0.3213025E+00 -0.3667391E+00  0.9608691E-04
    1 -0.1336258E+00  0.3965942E-01 -0.5497644E-01 -0.8918697E+00  0.2647053E+00 -0.3667417E+00  0.9608633E-04
    1 -0.1358923E+00  0.3101652E-01 -0.5497642E-01 -0.9070002E+00  0.2070122E+00 -0.3667378E+00  0.9608594E-04
    1 -0.1376003E+00  0.2224616E-01 -0.5497644E-01 -0.9183995E+00  0.1484809E+00 -0.3667367E+00  0.9608617E-04
    1 -0.1387429E+00  0.1338437E-01 -0.5497643E-01 -0.9260248E+00  0.8933111E-01 -0.3667398E+00  0.9608650E-04
    1 -0.1393154E+00  0.4467573E-02 -0.5497643E-01 -0.9298451E+00  0.2982127E-01 -0.3667408E+00  0.9608641E-04
    1  0.1349466E+00  0.4327483E-02 -0.6497031E-01  0.9007146E+00  0.2888657E-01 -0.4334498E+00  0.9607984E-04
    1  0.1343921E+00  0.1296465E-01 -0.6497031E-01  0.8970132E+00  0.8653287E-01 -0.4334506E+00  0.9607943E-04
    1  0.1332854E+00  0.2154855E-01 -0.6497031E-01  0.8896249E+00  0.1438271E+00 -0.4334528E+00  0.9608040E-04
    1  0.1316309E+00  0.3004390E-01 -0.6497031E-01  0.8785836E+00  0.2005271E+00 -0.4334508E+00  0.9607908E-04
    1  0.1294355E+00  0.3841576E-01 -0.6497030E-01  0.8639298E+00  0.2564134E+00 -0.4334483E+00  0.9607959E-04
    1  0.1267083E+00  0.4662981E-01 -0.6497031E-01  0.8457270E+00  0.3112349E+00 -0.4334498E+00  0.9608005E-04
    1  0.1234603E+00  0.5465225E-01 -0.6497030E-01  0.8240468E+00  0.3647845E+00 -0.4334503E+00  0.9608013E-04
    1  0.1197051E+00  0.6245008E-01 -0.6497030E-01  0.7989840E+00  0.4168292E+00 -0.4334488E+00  0.9607887E-04
    1  0.1154580E+00  0.6999128E-01 -0.6497031E-01  0.7706390E+00  0.4671605E+00 -0.4334473E+00  0.9607941E-04
    1  0.1107364E+00  0.7724491E-01 -0.6497031E-01  0.7391191E+00  0.5155813E+00 -0.4334500E+00  0.9607994E-04
    1  0.1055598E+00  0.8418110E-01 -0.6497030E-01  0.7045677E+00  0.5618744E+00 -0.4334528E+00  0.9608020E-04
    1  0.9994937E-01  0.9077138E-01 -0.6497031E-01  0.6671209E+00  0.6058637E+00 -0.4334500E+00  0.9607934E-04
    1  0.9392829E-01  0.9698866E-01 -0.6497031E-01  0.6269373E+00  0.6473582E+00 -0.4334478E+00  0.9607975E-04
    1  0.8752124E-01  0.1028074E+00 -0.6497031E-01  0.5841720E+00  0.6861964E+00 -0.4334485E+00  0.9607962E-04
    1  0.8075450E-01  0.1082037E+00 -0.6497031E-01  0.5389947E+00  0.7222230E+00 -0.4334497E+00  0.9607978E-04
    1  0.7365592E-01  0.1131553E+00 -0.6497031E-01  0.4916280E+00  0.7552631E+00 -0.4334508E+00  0.9607976E-04
    1  0.6625471E-01  0.1176420E+00 -0.6497031E-01  0.4422254E+00  0.7852108E+00 -0.4334520E+00  0.9607996E-04
    1  0.5858124E-01  0.1216452E+00 -0.6497030E-01  0.3910045E+00  0.8119323E+00 -0.4334531E+00  0.9607949E-04
    1  0.5066703E-01  0.1251486E+00 -0.6497031E-01  0.3381804E+00  0.8353160E+00 -0.4334526E+00  0.9608040E-04
    1  0.4254466E-01  0.1281377E+00 -0.6497030E-01  0.2839706E+00  0.8552684E+00 -0.4334476E+00  0.9607865E-04
    1  0.3424745E-01  0.1306003E+00 -0.6497032E-01  0.2285861E+00  0.8717067E+00 -0.4334463E+00  0.9607991E-04
    1  0.2580948E-01  0.1325262E+00 -0.6497031E-01  0.1722737E+00  0.8845584E+00 -0.4334491E+00  0.9607959E-04
    1  0.1726548E-01  0.1339076E+00 -0.6497030E-01  0.1152380E+00  0.8937804E+00 -0.4334477E+00  0.9607954E-04
    1  0.8650514E-02  0.1347386E+00 -0.6497031E-01  0.5773374E-01  0.8993277E+00 -0.4334472E+00  0.9607956E-04
    1 -0.5820766E-10  0.1350160E+00 -0.6497030E-01  0.0000000E+00  0.9011784E+00 -0.4334484E+00  0.9607978E-04
    1 -0.8650513E-02  0.1347386E+00 -0.6497031E-01 -0.5773374E-01  0.8993277E+00 -0.4334472E+00  0.9607956E-04
    1 -0.1726548E-01  0.1339076E+00 -0.6497031E-01 -0.1152380E+00  0.8937804E+00 -0.4334477E+00  0.9607954E-04
    1 -0.2580948E-01  0.1325262E+00 -0.6497031E-01 -0.1722737E+00  0.8845584E+00 -0.4334491E+00  0.9607960E-04
    1 -0.3424744E-01  0.1306003E+00 -0.6497031E-01 -0.2285860E+00  0.8717067E+00 -0.4334463E+00  0.9607991E-04
    1 -0.4254466E-01  0.1281378E+00 -0.6497031E-01 -0.2839706E+00  0.8552684E+00 -0.4334476E+00  0.9607865E-04
    1 -0.5066704E-01  0.1251486E+00 -0.6497031E-01 -0.3381804E+00  0.8353160E+00 -0.4334526E+00  0.9608040E-04
    1 -0.5858125E-01  0.1216452E+00 -0.6497030E-01 -0.3910045E+00  0.8119323E+00 -0.4334531E+00  0.9607949E-04
    1 -0.6625471E-01  0.1176420E+00 -0.6497030E-01 -0.4422253E+00  0.7852109E+00 -0.4334520E+00  0.9607997E-04
    1 -0.7365592E-01  0.1131553E+00 -0.6497031E-01 -0.4916280E+00  0.7552631E+00 -0.4334508E+00  0.9607976E-04
    1 -0.8075449E-01  0.1082037E+00 -0.6497031E-01 -0.5389947E+00  0.7222230E+00 -0.4334497E+00  0.9607979E-04
    1 -0.8752124E-01  0.1028074E+00 -0.6497030E-01 -0.5841720E+00  0.6861964E+00 -0.4334485E+00  0.9607962E-04
    1 -0.9392829E-01  0.9698866E-01 -0.6497031E-01 -0.6269373E+00  0.6473582E+00 -0.4334478E+00  0.9607976E-04
    1 -0.9994937E-01  0.9077138E-01 -0.6497031E-01 -0.6671209E+00  0.6058637E+00 -0.4334500E+00  0.9607934E-04
    1 -0.1055598E+00  0.8418110E-01 -0.6497030E-01 -0.7045677E+00  0.5618744E+00 -0.4334528E+00  0.9608021E-04
    1 -0.1107364E+00  0.7724489E-01 -0.6497030E-01 -0.7391191E+00  0.5155813E+00 -0.4334500E+00  0.9607994E-04
    1 -0.1154580E+00  0.6999128E-01 -0.6497031E-01 -0.7706390E+00  0.4671605E+00 -0.4334473E+00  0.9607941E-04
    1 -0.1197051E+00  0.6245008E-01 -0.6497031E-01 -0.7989841E+00  0.4168292E+00 -0.4334488E+00  0.9607887E-04
    1 -0.1234603E+00  0.5465226E-01 -0.6497030E-01 -0.8240468E+00  0.3647845E+00 -0.4334503E+00  0.9608013E-04
    1 -0.1267083E+00  0.4662981E-01 -0.6497031E-01 -0.8457270E+00  0.3112349E+00 -0.4334497E+00  0.9608005E-04
    1 -0.1294355E+00  0.3841576E-01 -0.6497030E-01 -0.8639298E+00  0.2564134E+00 -0.4334483E+00  0.9607958E-04
    1 -0.1316309E+00  0.3004390E-01 -0.6497031E-01 -0.8785836E+00  0.2005271E+00 -0.4334508E+00  0.9607908E-04
    1 -0.1332853E+00  0.2154855E-01 -0.6497031E-01 -0.8896249E+00  0.1438271E+00 -0.4334528E+00  0.9608040E-04
    1 -0.1343921E+00  0.1296465E-01 -0.6497030E-01 -0.8970132E+00  0.8653287E-01 -0.4334506E+00  0.9607944E-04
    1 -0.1349467E+00  0.4327483E-02 -0.6497031E-01 -0.9007146E+00  0.2888657E-01 -0.4334498E+00  0.9607984E-04
    1  0.1296635E+00  0.4158061E-02 -0.7496288E-01  0.8654788E+00  0.2775459E-01 -0.5001762E+00  0.9607109E-04
    1  0.1291307E+00  0.1245709E-01 -0.7496290E-01  0.8619211E+00  0.8315308E-01 -0.5001777E+00  0.9607084E-04
    1  0.1280672E+00  0.2070492E-01 -0.7496288E-01  0.8548235E+00  0.1381988E+00 -0.5001779E+00  0.9607128E-04
    1  0.1264776E+00  0.2886769E-01 -0.7496290E-01  0.8442138E+00  0.1926804E+00 -0.5001773E+00  0.9607102E-04
    1  0.1243682E+00  0.3691182E-01 -0.7496290E-01  0.8301319E+00  0.2463811E+00 -0.5001773E+00  0.9607086E-04
    1  0.1217477E+00  0.4480426E-01 -0.7496288E-01  0.8126415E+00  0.2990612E+00 -0.5001762E+00  0.9607064E-04
    1  0.1186269E+00  0.5251260E-01 -0.7496290E-01  0.7918096E+00  0.3505142E+00 -0.5001773E+00  0.9607169E-04
    1  0.1150186E+00  0.6000517E-01 -0.7496290E-01  0.7677257E+00  0.4005223E+00 -0.5001791E+00  0.9607075E-04
    1  0.1109378E+00  0.6725114E-01 -0.7496288E-01  0.7404900E+00  0.4488820E+00 -0.5001795E+00  0.9607084E-04
    1  0.1064011E+00  0.7422076E-01 -0.7496289E-01  0.7102024E+00  0.4954138E+00 -0.5001778E+00  0.9607123E-04
    1  0.1014271E+00  0.8088542E-01 -0.7496289E-01  0.6770093E+00  0.5398924E+00 -0.5001746E+00  0.9607098E-04
    1  0.9603637E-01  0.8721770E-01 -0.7496290E-01  0.6410220E+00  0.5821639E+00 -0.5001760E+00  0.9607082E-04
    1  0.9025098E-01  0.9319158E-01 -0.7496290E-01  0.6024106E+00  0.6220313E+00 -0.5001785E+00  0.9607152E-04
    1  0.8409478E-01  0.9878254E-01 -0.7496289E-01  0.5613154E+00  0.6593525E+00 -0.5001793E+00  0.9607074E-04
    1  0.7759298E-01  0.1039675E+00 -0.7496288E-01  0.5179138E+00  0.6939662E+00 -0.5001764E+00  0.9607094E-04
    1  0.7077230E-01  0.1087253E+00 -0.7496290E-01  0.4723937E+00  0.7257205E+00 -0.5001739E+00  0.9607140E-04
    1  0.6366082E-01  0.1130363E+00 -0.7496288E-01  0.4249209E+00  0.7544960E+00 -0.5001780E+00  0.9607074E-04
    1  0.5628780E-01  0.1168828E+00 -0.7496289E-01  0.3757143E+00  0.7801679E+00 -0.5001767E+00  0.9607034E-04
    1  0.4868345E-01  0.1202490E+00 -0.7496289E-01  0.3249503E+00  0.8026412E+00 -0.5001745E+00  0.9607155E-04
    1  0.4087903E-01  0.1231211E+00 -0.7496290E-01  0.2728615E+00  0.8218072E+00 -0.5001794E+00  0.9607057E-04
    1  0.3290664E-01  0.1254873E+00 -0.7496288E-01  0.2196433E+00  0.8376021E+00 -0.5001796E+00  0.9607185E-04
    1  0.2479902E-01  0.1273378E+00 -0.7496288E-01  0.1655292E+00  0.8499532E+00 -0.5001796E+00  0.9607055E-04
    1  0.1658954E-01  0.1286651E+00 -0.7496288E-01  0.1107361E+00  0.8588117E+00 -0.5001799E+00  0.9607110E-04
    1  0.8311849E-02  0.1294636E+00 -0.7496288E-01  0.5547418E-01  0.8641446E+00 -0.5001768E+00  0.9607129E-04
    1  0.5820766E-10  0.1297301E+00 -0.7496290E-01  0.0000000E+00  0.8659238E+00 -0.5001760E+00  0.9607078E-04
    1 -0.8311849E-02  0.1294636E+00 -0.7496290E-01 -0.5547415E-01  0.8641446E+00 -0.5001767E+00  0.9607129E-04
    1 -0.1658954E-01  0.1286651E+00 -0.7496290E-01 -0.1107360E+00  0.8588117E+00 -0.5001799E+00  0.9607110E-04
    1 -0.2479902E-01  0.1273378E+00 -0.7496288E-01 -0.1655292E+00  0.8499532E+00 -0.5001796E+00  0.9607055E-04
    1 -0.3290664E-01  0.1254873E+00 -0.7496290E-01 -0.2196433E+00  0.8376021E+00 -0.5001796E+00  0.9607185E-04
    1 -0.4087903E-01  0.1231211E+00 -0.7496289E-01 -0.2728616E+00  0.8218073E+00 -0.5001794E+00  0.9607058E-04
    1 -0.4868345E-01  0.1202490E+00 -0.7496288E-01 -0.3249504E+00  0.8026412E+00 -0.5001745E+00  0.9607154E-04
    1 -0.5628781E-01  0.1168828E+00 -0.7496290E-01 -0.3757143E+00  0.7801679E+00 -0.5001767E+00  0.9607034E-04
    1 -0.6366082E-01  0.1130363E+00 -0.7496288E-01 -0.4249209E+00  0.7544960E+00 -0.5001780E+00  0.9607074E-04
    1 -0.7077230E-01  0.1087253E+00 -0.7496290E-01 -0.4723937E+00  0.7257205E+00 -0.5001739E+00  0.9607140E-04
    1 -0.7759298E-01  0.1039675E+00 -0.7496289E-01 -0.5179138E+00  0.6939662E+00 -0.5001764E+00  0.9607094E-04
    1 -0.8409478E-01  0.9878252E-01 -0.7496288E-01 -0.5613154E+00  0.6593525E+00 -0.5001793E+00  0.9607074E-04
    1 -0.9025099E-01  0.9319158E-01 -0.7496290E-01 -0.6024106E+00  0.6220313E+00 -0.5001785E+00  0.9607152E-04
    1 -0.9603636E-01  0.8721768E-01 -0.7496288E-01 -0.6410220E+00  0.5821639E+00 -0.5001760E+00  0.9607083E-04
    1 -0.1014271E+00  0.8088542E-01 -0.7496290E-01 -0.6770093E+00  0.5398924E+00 -0.5001746E+00  0.9607098E-04
    1 -0.1064011E+00  0.7422077E-01 -0.7496290E-01 -0.7102024E+00  0.4954138E+00 -0.5001777E+00  0.9607122E-04
    1 -0.1109378E+00  0.6725115E-01 -0.7496288E-01 -0.7404899E+00  0.4488820E+00 -0.5001795E+00  0.9607083E-04
    1 -0.1150186E+00  0.6000517E-01 -0.7496290E-01 -0.7677257E+00  0.4005223E+00 -0.5001791E+00  0.9607075E-04
    1 -0.1186269E+00  0.5251260E-01 -0.7496290E-01 -0.7918096E+00  0.3505142E+00 -0.5001773E+00  0.9607169E-04
    1 -0.1217477E+00  0.4480426E-01 -0.7496288E-01 -0.8126415E+00  0.2990612E+00 -0.5001763E+00  0.9607064E-04
    1 -0.1243682E+00  0.3691182E-01 -0.7496290E-01 -0.8301319E+00  0.2463811E+00 -0.5001773E+00  0.9607086E-04
    1 -0.1264776E+00  0.2886769E-01 -0.7496290E-01 -0.8442138E+00  0.1926804E+00 -0.5001773E+00  0.9607102E-04
    1 -0.1280672E+00  0.2070492E-01 -0.7496288E-01 -0.8548235E+00  0.1381988E+00 -0.5001779E+00  0.9607128E-04
    1 -0.1291307E+00  0.1245709E-01 -0.7496290E-01 -0.8619210E+00  0.8315306E-01 -0.5001776E+00  0.9607084E-04
    1 -0.1296635E+00  0.4158062E-02 -0.7496288E-01 -0.8654788E+00  0.2775459E-01 -0.5001762E+00  0.9607109E-04
    1  0.1233481E+00  0.3955527E-02 -0.8495352E-01  0.8233382E+00  0.2640505E-01 -0.5669365E+00  0.9606021E-04
    1  0.1228412E+00  0.1185034E-01 -0.8495352E-01  0.8199563E+00  0.7910123E-01 -0.5669345E+00  0.9606066E-04
    1  0.1218295E+00  0.1969646E-01 -0.8495352E-01  0.8132055E+00  0.1314707E+00 -0.5669324E+00  0.9605942E-04
    1  0.1203173E+00  0.2746162E-01 -0.8495350E-01  0.8031096E+00  0.1833017E+00 -0.5669351E+00  0.9606041E-04
    1  0.1183106E+00  0.3511398E-01 -0.8495352E-01  0.7897143E+00  0.2343829E+00 -0.5669355E+00  0.9606074E-04
    1  0.1158178E+00  0.4262200E-01 -0.8495352E-01  0.7730738E+00  0.2845010E+00 -0.5669357E+00  0.9605944E-04
    1  0.1128490E+00  0.4995489E-01 -0.8495350E-01  0.7532609E+00  0.3334445E+00 -0.5669329E+00  0.9606106E-04
    1  0.1094165E+00  0.5708256E-01 -0.8495352E-01  0.7303467E+00  0.3810279E+00 -0.5669316E+00  0.9605994E-04
    1  0.1055344E+00  0.6397558E-01 -0.8495352E-01  0.7044387E+00  0.4270271E+00 -0.5669338E+00  0.9605951E-04
    1  0.1012187E+00  0.7060575E-01 -0.8495352E-01  0.6756260E+00  0.4712915E+00 -0.5669337E+00  0.9606060E-04
    1  0.9648697E-01  0.7694580E-01 -0.8495352E-01  0.6440448E+00  0.5136054E+00 -0.5669354E+00  0.9606010E-04
    1  0.9135878E-01  0.8296964E-01 -0.8495352E-01  0.6098103E+00  0.5538194E+00 -0.5669352E+00  0.9606028E-04
    1  0.8585519E-01  0.8865257E-01 -0.8495351E-01  0.5730816E+00  0.5917467E+00 -0.5669334E+00  0.9606058E-04
    1  0.7999881E-01  0.9397119E-01 -0.8495352E-01  0.5339866E+00  0.6272520E+00 -0.5669332E+00  0.9605955E-04
    1  0.7381371E-01  0.9890363E-01 -0.8495352E-01  0.4927022E+00  0.6601753E+00 -0.5669330E+00  0.9606010E-04
    1  0.6732526E-01  0.1034297E+00 -0.8495352E-01  0.4493886E+00  0.6903875E+00 -0.5669348E+00  0.9606061E-04
    1  0.6056015E-01  0.1075307E+00 -0.8495352E-01  0.4042328E+00  0.7177617E+00 -0.5669339E+00  0.9605978E-04
    1  0.5354623E-01  0.1111899E+00 -0.8495352E-01  0.3574224E+00  0.7421822E+00 -0.5669346E+00  0.9606003E-04
    1  0.4631226E-01  0.1143922E+00 -0.8495352E-01  0.3091278E+00  0.7635598E+00 -0.5669361E+00  0.9606064E-04
    1  0.3888796E-01  0.1171243E+00 -0.8495352E-01  0.2595723E+00  0.7817974E+00 -0.5669348E+00  0.9606010E-04
    1  0.3130386E-01  0.1193753E+00 -0.8495352E-01  0.2089514E+00  0.7968206E+00 -0.5669359E+00  0.9606055E-04
    1  0.2359117E-01  0.1211356E+00 -0.8495352E-01  0.1574701E+00  0.8085717E+00 -0.5669348E+00  0.9605956E-04
    1  0.1578154E-01  0.1223982E+00 -0.8495352E-01  0.1053458E+00  0.8169994E+00 -0.5669341E+00  0.9606012E-04
    1  0.7907025E-02  0.1231579E+00 -0.8495352E-01  0.5277347E-01  0.8220696E+00 -0.5669361E+00  0.9606066E-04
    1  0.5820766E-10  0.1234114E+00 -0.8495352E-01  0.0000000E+00  0.8237614E+00 -0.5669366E+00  0.9606063E-04
    1 -0.7907024E-02  0.1231579E+00 -0.8495352E-01 -0.5277347E-01  0.8220696E+00 -0.5669361E+00  0.9606066E-04
    1 -0.1578154E-01  0.1223983E+00 -0.8495351E-01 -0.1053459E+00  0.8169994E+00 -0.5669342E+00  0.9606011E-04
    1 -0.2359117E-01  0.1211356E+00 -0.8495352E-01 -0.1574701E+00  0.8085717E+00 -0.5669348E+00  0.9605956E-04
    1 -0.3130387E-01  0.1193752E+00 -0.8495351E-01 -0.2089514E+00  0.7968206E+00 -0.5669359E+00  0.9606056E-04
    1 -0.3888796E-01  0.1171243E+00 -0.8495352E-01 -0.2595722E+00  0.7817974E+00 -0.5669348E+00  0.9606010E-04
    1 -0.4631226E-01  0.1143922E+00 -0.8495352E-01 -0.3091278E+00  0.7635598E+00 -0.5669360E+00  0.9606064E-04
    1 -0.5354622E-01  0.1111899E+00 -0.8495352E-01 -0.3574224E+00  0.7421822E+00 -0.5669345E+00  0.9606004E-04
    1 -0.6056015E-01  0.1075307E+00 -0.8495352E-01 -0.4042328E+00  0.7177617E+00 -0.5669339E+00  0.9605978E-04
    1 -0.6732526E-01  0.1034297E+00 -0.8495350E-01 -0.4493885E+00  0.6903875E+00 -0.5669348E+00  0.9606061E-04
    1 -0.7381371E-01  0.9890364E-01 -0.8495352E-01 -0.4927022E+00  0.6601753E+00 -0.5669330E+00  0.9606010E-04
    1 -0.7999881E-01  0.9397119E-01 -0.8495352E-01 -0.5339866E+00  0.6272520E+00 -0.5669332E+00  0.9605956E-04
    1 -0.8585519E-01  0.8865255E-01 -0.8495352E-01 -0.5730815E+00  0.5917466E+00 -0.5669334E+00  0.9606058E-04
    1 -0.9135879E-01  0.8296964E-01 -0.8495352E-01 -0.6098103E+00  0.5538194E+00 -0.5669352E+00  0.9606028E-04
    1 -0.9648696E-01  0.7694580E-01 -0.8495350E-01 -0.6440448E+00  0.5136054E+00 -0.5669354E+00  0.9606010E-04
    1 -0.1012187E+00  0.7060575E-01 -0.8495352E-01 -0.6756260E+00  0.4712915E+00 -0.5669338E+00  0.9606060E-04
    1 -0.1055344E+00  0.6397559E-01 -0.8495352E-01 -0.7044387E+00  0.4270271E+00 -0.5669338E+00  0.9605951E-04
    1 -0.1094165E+00  0.5708255E-01 -0.8495352E-01 -0.7303467E+00  0.3810279E+00 -0.5669316E+00  0.9605993E-04
    1 -0.1128490E+00  0.4995490E-01 -0.8495352E-01 -0.7532609E+00  0.3334445E+00 -0.5669329E+00  0.9606106E-04
    1 -0.1158178E+00  0.4262200E-01 -0.8495352E-01 -0.7730738E+00  0.2845010E+00 -0.5669357E+00  0.9605944E-04
    1 -0.1183106E+00  0.3511398E-01 -0.8495353E-01 -0.7897143E+00  0.2343829E+00 -0.5669356E+00  0.9606074E-04
    1 -0.1203173E+00  0.2746162E-01 -0.8495351E-01 -0.8031096E+00  0.1833017E+00 -0.5669351E+00  0.9606040E-04
    1 -0.1218295E+00  0.1969646E-01 -0.8495351E-01 -0.8132055E+00  0.1314707E+00 -0.5669324E+00  0.9605942E-04
    1 -0.1228412E+00  0.1185034E-01 -0.8495353E-01 -0.8199563E+00  0.7910124E-01 -0.5669345E+00  0.9606066E-04
    1 -0.1233481E+00  0.3955527E-02 -0.8495352E-01 -0.8233382E+00  0.2640508E-01 -0.5669365E+00  0.9606021E-04
    1  0.1158309E+00  0.3714470E-02 -0.9494106E-01  0.7731601E+00  0.2479521E-01 -0.6337260E+00  0.9604542E-04
    1  0.1153549E+00  0.1112816E-01 -0.9494106E-01  0.7699834E+00  0.7427733E-01 -0.6337259E+00  0.9604555E-04
    1  0.1144049E+00  0.1849611E-01 -0.9494108E-01  0.7636393E+00  0.1234626E+00 -0.6337285E+00  0.9604533E-04
    1  0.1129848E+00  0.2578802E-01 -0.9494105E-01  0.7541625E+00  0.1721280E+00 -0.6337278E+00  0.9604493E-04
    1  0.1111005E+00  0.3297401E-01 -0.9494106E-01  0.7415852E+00  0.2200969E+00 -0.6337261E+00  0.9604628E-04
    1  0.1087595E+00  0.4002450E-01 -0.9494106E-01  0.7259558E+00  0.2671660E+00 -0.6337276E+00  0.9604507E-04
    1  0.1059717E+00  0.4691052E-01 -0.9494106E-01  0.7073521E+00  0.3131148E+00 -0.6337287E+00  0.9604619E-04
    1  0.1027484E+00  0.5360378E-01 -0.9494107E-01  0.6858322E+00  0.3578049E+00 -0.6337269E+00  0.9604535E-04
    1  0.9910285E-01  0.6007675E-01 -0.9494107E-01  0.6615040E+00  0.4010027E+00 -0.6337264E+00  0.9604548E-04
    1  0.9505013E-01  0.6630288E-01 -0.9494105E-01  0.6344492E+00  0.4425662E+00 -0.6337265E+00  0.9604549E-04
    1  0.9060678E-01  0.7225651E-01 -0.9494108E-01  0.6047872E+00  0.4823086E+00 -0.6337278E+00  0.9604533E-04
    1  0.8579113E-01  0.7791323E-01 -0.9494106E-01  0.5726492E+00  0.5200596E+00 -0.6337278E+00  0.9604573E-04
    1  0.8062294E-01  0.8324985E-01 -0.9494106E-01  0.5381502E+00  0.5556833E+00 -0.6337275E+00  0.9604565E-04
    1  0.7512348E-01  0.8824432E-01 -0.9494106E-01  0.5014411E+00  0.5890198E+00 -0.6337290E+00  0.9604516E-04
    1  0.6931530E-01  0.9287620E-01 -0.9494107E-01  0.4626741E+00  0.6199371E+00 -0.6337276E+00  0.9604602E-04
    1  0.6322229E-01  0.9712642E-01 -0.9494106E-01  0.4220005E+00  0.6483117E+00 -0.6337250E+00  0.9604482E-04
    1  0.5686949E-01  0.1009775E+00 -0.9494106E-01  0.3795975E+00  0.6740164E+00 -0.6337252E+00  0.9604511E-04
    1  0.5028297E-01  0.1044136E+00 -0.9494108E-01  0.3356303E+00  0.6969510E+00 -0.6337283E+00  0.9604618E-04
    1  0.4348984E-01  0.1074208E+00 -0.9494106E-01  0.2902950E+00  0.7170207E+00 -0.6337271E+00  0.9604534E-04
    1  0.3651804E-01  0.1099865E+00 -0.9494106E-01  0.2437508E+00  0.7341510E+00 -0.6337254E+00  0.9604493E-04
    1  0.2939615E-01  0.1121002E+00 -0.9494106E-01  0.1962191E+00  0.7482589E+00 -0.6337245E+00  0.9604560E-04
    1  0.2215345E-01  0.1137533E+00 -0.9494108E-01  0.1478733E+00  0.7592935E+00 -0.6337246E+00  0.9604519E-04
    1  0.1481975E-01  0.1149390E+00 -0.9494106E-01  0.9892190E-01  0.7672060E+00 -0.6337265E+00  0.9604525E-04
    1  0.7425146E-02  0.1156523E+00 -0.9494106E-01  0.4955986E-01  0.7719691E+00 -0.6337252E+00  0.9604527E-04
    1  0.5820766E-10  0.1158904E+00 -0.9494106E-01  0.0000000E+00  0.7735597E+00 -0.6337234E+00  0.9604558E-04
    1 -0.7425146E-02  0.1156523E+00 -0.9494106E-01 -0.4955986E-01  0.7719691E+00 -0.6337252E+00  0.9604527E-04
    1 -0.1481975E-01  0.1149390E+00 -0.9494106E-01 -0.9892190E-01  0.7672060E+00 -0.6337265E+00  0.9604525E-04
    1 -0.2215345E-01  0.1137533E+00 -0.9494106E-01 -0.1478733E+00  0.7592935E+00 -0.6337246E+00  0.9604519E-04
    1 -0.2939615E-01  0.1121002E+00 -0.9494108E-01 -0.1962191E+00  0.7482589E+00 -0.6337244E+00  0.9604559E-04
    1 -0.3651804E-01  0.1099865E+00 -0.9494106E-01 -0.2437508E+00  0.7341510E+00 -0.6337254E+00  0.9604493E-04
    1 -0.4348985E-01  0.1074208E+00 -0.9494106E-01 -0.2902950E+00  0.7170207E+00 -0.6337271E+00  0.9604535E-04
    1 -0.5028297E-01  0.1044136E+00 -0.9494106E-01 -0.3356304E+00  0.6969510E+00 -0.6337283E+00  0.9604618E-04
    1 -0.5686949E-01  0.1009775E+00 -0.9494105E-01 -0.3795974E+00  0.6740164E+00 -0.6337252E+00  0.9604511E-04
    1 -0.6322230E-01  0.9712642E-01 -0.9494106E-01 -0.4220005E+00  0.6483117E+00 -0.6337250E+00  0.9604482E-04
    1 -0.6931531E-01  0.9287620E-01 -0.9494106E-01 -0.4626741E+00  0.6199371E+00 -0.6337276E+00  0.9604602E-04
    1 -0.7512347E-01  0.8824432E-01 -0.9494106E-01 -0.5014411E+00  0.5890198E+00 -0.6337290E+00  0.9604516E-04
    1 -0.8062294E-01  0.8324984E-01 -0.9494106E-01 -0.5381502E+00  0.5556833E+00 -0.6337275E+00  0.9604564E-04
    1 -0.8579113E-01  0.7791324E-01 -0.9494106E-01 -0.5726492E+00  0.5200596E+00 -0.6337278E+00  0.9604573E-04
    1 -0.9060676E-01  0.7225649E-01 -0.9494107E-01 -0.6047872E+00  0.4823086E+00 -0.6337278E+00  0.9604533E-04
    1 -0.9505013E-01  0.6630288E-01 -0.9494105E-01 -0.6344493E+00  0.4425662E+00 -0.6337265E+00  0.9604550E-04
    1 -0.9910285E-01  0.6007675E-01 -0.9494107E-01 -0.6615040E+00  0.4010027E+00 -0.6337264E+00  0.9604548E-04
    1 -0.1027484E+00  0.5360378E-01 -0.9494108E-01 -0.6858322E+00  0.3578049E+00 -0.6337270E+00  0.9604535E-04
    1 -0.1059717E+00  0.4691052E-01 -0.9494106E-01 -0.7073521E+00  0.3131148E+00 -0.6337287E+00  0.9604619E-04
    1 -0.1087595E+00  0.4002450E-01 -0.9494106E-01 -0.7259558E+00  0.2671660E+00 -0.6337275E+00  0.9604507E-04
    1 -0.1111005E+00  0.3297401E-01 -0.9494107E-01 -0.7415851E+00  0.2200969E+00 -0.6337261E+00  0.9604627E-04
    1 -0.1129848E+00  0.2578802E-01 -0.9494106E-01 -0.7541625E+00  0.1721280E+00 -0.6337278E+00  0.9604492E-04
    1 -0.1144049E+00  0.1849611E-01 -0.9494106E-01 -0.7636393E+00  0.1234626E+00 -0.6337286E+00  0.9604533E-04
    1 -0.1153549E+00  0.1112816E-01 -0.9494105E-01 -0.7699834E+00  0.7427728E-01 -0.6337259E+00  0.9604555E-04
    1 -0.1158309E+00  0.3714471E-02 -0.9494108E-01 -0.7731601E+00  0.2479521E-01 -0.6337260E+00  0.9604542E-04
    1  0.1068573E+00  0.3426710E-02 -0.1049234E+00  0.7132059E+00  0.2286876E-01 -0.7005815E+00  0.9602556E-04
    1  0.1064181E+00  0.1026605E-01 -0.1049234E+00  0.7102737E+00  0.6852355E-01 -0.7005824E+00  0.9602563E-04
    1  0.1055417E+00  0.1706317E-01 -0.1049234E+00  0.7044254E+00  0.1138869E+00 -0.7005817E+00  0.9602506E-04
    1  0.1042316E+00  0.2379018E-01 -0.1049234E+00  0.6956820E+00  0.1587814E+00 -0.7005819E+00  0.9602517E-04
    1  0.1024933E+00  0.3041947E-01 -0.1049234E+00  0.6840783E+00  0.2030278E+00 -0.7005830E+00  0.9602629E-04
    1  0.1003337E+00  0.3692374E-01 -0.1049234E+00  0.6696619E+00  0.2464507E+00 -0.7005818E+00  0.9602528E-04
    1  0.9776184E-01  0.4327627E-01 -0.1049234E+00  0.6525022E+00  0.2888359E+00 -0.7005816E+00  0.9602493E-04
    1  0.9478825E-01  0.4945097E-01 -0.1049234E+00  0.6326507E+00  0.3300562E+00 -0.7005826E+00  0.9602612E-04
    1  0.9142517E-01  0.5542250E-01 -0.1049234E+00  0.6102080E+00  0.3699071E+00 -0.7005818E+00  0.9602541E-04
    1  0.8768642E-01  0.6116625E-01 -0.1049234E+00  0.5852501E+00  0.4082484E+00 -0.7005823E+00  0.9602477E-04
    1  0.8358730E-01  0.6665862E-01 -0.1049234E+00  0.5578925E+00  0.4449073E+00 -0.7005809E+00  0.9602566E-04
    1  0.7914474E-01  0.7187715E-01 -0.1049234E+00  0.5282466E+00  0.4797331E+00 -0.7005795E+00  0.9602522E-04
    1  0.7437693E-01  0.7680029E-01 -0.1049234E+00  0.4964151E+00  0.5125983E+00 -0.7005819E+00  0.9602543E-04
    1  0.6930348E-01  0.8140782E-01 -0.1049234E+00  0.4625590E+00  0.5433443E+00 -0.7005827E+00  0.9602564E-04
    1  0.6394530E-01  0.8568089E-01 -0.1049234E+00  0.4267974E+00  0.5718634E+00 -0.7005828E+00  0.9602560E-04
    1  0.5832434E-01  0.8960184E-01 -0.1049234E+00  0.3892776E+00  0.5980350E+00 -0.7005833E+00  0.9602527E-04
    1  0.5246370E-01  0.9315456E-01 -0.1049234E+00  0.3501560E+00  0.6217500E+00 -0.7005838E+00  0.9602571E-04
    1  0.4638746E-01  0.9632453E-01 -0.1049234E+00  0.3096098E+00  0.6429058E+00 -0.7005811E+00  0.9602570E-04
    1  0.4012061E-01  0.9909870E-01 -0.1049234E+00  0.2677845E+00  0.6614217E+00 -0.7005804E+00  0.9602497E-04
    1  0.3368891E-01  0.1014656E+00 -0.1049234E+00  0.2248464E+00  0.6772206E+00 -0.7005829E+00  0.9602555E-04
    1  0.2711877E-01  0.1034156E+00 -0.1049234E+00  0.1810037E+00  0.6902317E+00 -0.7005839E+00  0.9602570E-04
    1  0.2043720E-01  0.1049406E+00 -0.1049234E+00  0.1364061E+00  0.7004114E+00 -0.7005835E+00  0.9602567E-04
    1  0.1367164E-01  0.1060344E+00 -0.1049234E+00  0.9125162E-01  0.7077135E+00 -0.7005817E+00  0.9602543E-04
    1  0.6849891E-02  0.1066925E+00 -0.1049234E+00  0.4571719E-01  0.7121055E+00 -0.7005824E+00  0.9602577E-04
    1  0.5820766E-10  0.1069122E+00 -0.1049234E+00  0.0000000E+00  0.7135706E+00 -0.7005834E+00  0.9602553E-04
    1 -0.6849891E-02  0.1066925E+00 -0.1049234E+00 -0.4571722E-01  0.7121055E+00 -0.7005824E+00  0.9602578E-04
    1 -0.1367164E-01  0.1060344E+00 -0.1049234E+00 -0.9125162E-01  0.7077134E+00 -0.7005817E+00  0.9602543E-04
    1 -0.2043720E-01  0.1049406E+00 -0.1049234E+00 -0.1364062E+00  0.7004114E+00 -0.7005835E+00  0.9602568E-04
    1 -0.2711878E-01  0.1034156E+00 -0.1049234E+00 -0.1810037E+00  0.6902317E+00 -0.7005839E+00  0.9602569E-04
    1 -0.3368891E-01  0.1014656E+00 -0.1049234E+00 -0.2248463E+00  0.6772206E+00 -0.7005829E+00  0.9602555E-04
    1 -0.4012061E-01  0.9909869E-01 -0.1049234E+00 -0.2677845E+00  0.6614217E+00 -0.7005804E+00  0.9602498E-04
    1 -0.4638746E-01  0.9632453E-01 -0.1049234E+00 -0.3096098E+00  0.6429058E+00 -0.7005812E+00  0.9602569E-04
    1 -0.5246370E-01  0.9315456E-01 -0.1049234E+00 -0.3501560E+00  0.6217500E+00 -0.7005838E+00  0.9602570E-04
    1 -0.5832434E-01  0.8960184E-01 -0.1049234E+00 -0.3892776E+00  0.5980350E+00 -0.7005833E+00  0.9602527E-04
    1 -0.6394531E-01  0.8568089E-01 -0.1049234E+00 -0.4267974E+00  0.5718634E+00 -0.7005828E+00  0.9602560E-04
    1 -0.6930348E-01  0.8140782E-01 -0.1049234E+00 -0.4625590E+00  0.5433443E+00 -0.7005827E+00  0.9602564E-04
    1 -0.7437693E-01  0.7680029E-01 -0.1049234E+00 -0.4964151E+00  0.5125983E+00 -0.7005819E+00  0.9602543E-04
    1 -0.7914473E-01  0.7187715E-01 -0.1049234E+00 -0.5282466E+00  0.4797332E+00 -0.7005795E+00  0.9602522E-04
    1 -0.8358732E-01  0.6665863E-01 -0.1049234E+00 -0.5578924E+00  0.4449073E+00 -0.7005808E+00  0.9602566E-04
    1 -0.8768642E-01  0.6116624E-01 -0.1049234E+00 -0.5852501E+00  0.4082484E+00 -0.7005823E+00  0.9602477E-04
    1 -0.9142518E-01  0.5542251E-01 -0.1049234E+00 -0.6102080E+00  0.3699071E+00 -0.7005818E+00  0.9602541E-04
    1 -0.9478825E-01  0.4945097E-01 -0.1049234E+00 -0.6326507E+00  0.3300563E+00 -0.7005825E+00  0.9602611E-04
    1 -0.9776184E-01  0.4327627E-01 -0.1049234E+00 -0.6525023E+00  0.2888359E+00 -0.7005816E+00  0.9602493E-04
    1 -0.1003337E+00  0.3692374E-01 -0.1049234E+00 -0.6696619E+00  0.2464507E+00 -0.7005818E+00  0.9602528E-04
    1 -0.1024933E+00  0.3041947E-01 -0.1049234E+00 -0.6840783E+00  0.2030278E+00 -0.7005830E+00  0.9602629E-04
    1 -0.1042316E+00  0.2379018E-01 -0.1049234E+00 -0.6956820E+00  0.1587814E+00 -0.7005819E+00  0.9602516E-04
    1 -0.1055417E+00  0.1706317E-01 -0.1049234E+00 -0.7044254E+00  0.1138869E+00 -0.7005817E+00  0.9602506E-04
    1 -0.1064181E+00  0.1026605E-01 -0.1049234E+00 -0.7102737E+00  0.6852351E-01 -0.7005824E+00  0.9602563E-04
    1 -0.1068573E+00  0.3426710E-02 -0.1049234E+00 -0.7132059E+00  0.2286872E-01 -0.7005815E+00  0.9602556E-04
    1  0.9601608E-01  0.3079042E-02 -0.1148960E+00  0.6406664E+00  0.2054286E-01 -0.7675444E+00  0.9599533E-04
    1  0.9562153E-01  0.9224484E-02 -0.1148960E+00  0.6380338E+00  0.6155505E-01 -0.7675441E+00  0.9599568E-04
    1  0.9483400E-01  0.1533202E-01 -0.1148960E+00  0.6327797E+00  0.1023017E+00 -0.7675443E+00  0.9599546E-04
    1  0.9365685E-01  0.2137657E-01 -0.1148960E+00  0.6249238E+00  0.1426365E+00 -0.7675448E+00  0.9599567E-04
    1  0.9209482E-01  0.2733326E-01 -0.1148960E+00  0.6145018E+00  0.1823782E+00 -0.7675453E+00  0.9599567E-04
    1  0.9015435E-01  0.3317764E-01 -0.1148960E+00  0.6015528E+00  0.2213798E+00 -0.7675449E+00  0.9599569E-04
    1  0.8784343E-01  0.3888566E-01 -0.1148960E+00  0.5861358E+00  0.2594615E+00 -0.7675446E+00  0.9599481E-04
    1  0.8517155E-01  0.4443393E-01 -0.1148960E+00  0.5683070E+00  0.2964847E+00 -0.7675442E+00  0.9599655E-04
    1  0.8214965E-01  0.4979961E-01 -0.1148960E+00  0.5481418E+00  0.3322877E+00 -0.7675450E+00  0.9599517E-04
    1  0.7879019E-01  0.5496060E-01 -0.1148960E+00  0.5257236E+00  0.3667257E+00 -0.7675461E+00  0.9599532E-04
    1  0.7510696E-01  0.5989580E-01 -0.1148960E+00  0.5011531E+00  0.3996496E+00 -0.7675453E+00  0.9599661E-04
    1  0.7111514E-01  0.6458490E-01 -0.1148960E+00  0.4745120E+00  0.4309424E+00 -0.7675461E+00  0.9599539E-04
    1  0.6683105E-01  0.6900851E-01 -0.1148960E+00  0.4459276E+00  0.4604598E+00 -0.7675450E+00  0.9599533E-04
    1  0.6227233E-01  0.7314862E-01 -0.1148960E+00  0.4155130E+00  0.4880835E+00 -0.7675437E+00  0.9599586E-04
    1  0.5745773E-01  0.7698813E-01 -0.1148960E+00  0.3833877E+00  0.5137015E+00 -0.7675445E+00  0.9599543E-04
    1  0.5240703E-01  0.8051129E-01 -0.1148960E+00  0.3496870E+00  0.5372103E+00 -0.7675442E+00  0.9599589E-04
    1  0.4714100E-01  0.8370361E-01 -0.1148960E+00  0.3145435E+00  0.5585157E+00 -0.7675433E+00  0.9599462E-04
    1  0.4168123E-01  0.8655193E-01 -0.1148960E+00  0.2781215E+00  0.5775151E+00 -0.7675446E+00  0.9599573E-04
    1  0.3605019E-01  0.8904466E-01 -0.1148960E+00  0.2405459E+00  0.5941480E+00 -0.7675453E+00  0.9599628E-04
    1  0.3027100E-01  0.9117146E-01 -0.1148960E+00  0.2019787E+00  0.6083430E+00 -0.7675437E+00  0.9599516E-04
    1  0.2436744E-01  0.9292357E-01 -0.1148960E+00  0.1625919E+00  0.6200330E+00 -0.7675434E+00  0.9599488E-04
    1  0.1836376E-01  0.9429389E-01 -0.1148960E+00  0.1225372E+00  0.6291752E+00 -0.7675437E+00  0.9599549E-04
    1  0.1228460E-01  0.9527676E-01 -0.1148960E+00  0.8196723E-01  0.6357331E+00 -0.7675447E+00  0.9599547E-04
    1  0.6154932E-02  0.9586806E-01 -0.1148960E+00  0.4106965E-01  0.6396785E+00 -0.7675446E+00  0.9599663E-04
    1  0.5820766E-10  0.9606545E-01 -0.1148960E+00  0.0000000E+00  0.6409973E+00 -0.7675431E+00  0.9599415E-04
    1 -0.6154933E-02  0.9586807E-01 -0.1148960E+00 -0.4106966E-01  0.6396786E+00 -0.7675446E+00  0.9599663E-04
    1 -0.1228460E-01  0.9527674E-01 -0.1148960E+00 -0.8196719E-01  0.6357330E+00 -0.7675447E+00  0.9599548E-04
    1 -0.1836376E-01  0.9429388E-01 -0.1148960E+00 -0.1225372E+00  0.6291752E+00 -0.7675437E+00  0.9599549E-04
    1 -0.2436744E-01  0.9292357E-01 -0.1148960E+00 -0.1625919E+00  0.6200330E+00 -0.7675434E+00  0.9599488E-04
    1 -0.3027100E-01  0.9117147E-01 -0.1148960E+00 -0.2019787E+00  0.6083430E+00 -0.7675436E+00  0.9599515E-04
    1 -0.3605019E-01  0.8904466E-01 -0.1148960E+00 -0.2405458E+00  0.5941480E+00 -0.7675453E+00  0.9599628E-04
    1 -0.4168123E-01  0.8655192E-01 -0.1148960E+00 -0.2781215E+00  0.5775151E+00 -0.7675446E+00  0.9599572E-04
    1 -0.4714100E-01  0.8370361E-01 -0.1148960E+00 -0.3145435E+00  0.5585156E+00 -0.7675433E+00  0.9599462E-04
    1 -0.5240704E-01  0.8051129E-01 -0.1148960E+00 -0.3496870E+00  0.5372103E+00 -0.7675442E+00  0.9599589E-04
    1 -0.5745773E-01  0.7698812E-01 -0.1148960E+00 -0.3833877E+00  0.5137015E+00 -0.7675445E+00  0.9599543E-04
    1 -0.6227234E-01  0.7314862E-01 -0.1148960E+00 -0.4155130E+00  0.4880835E+00 -0.7675437E+00  0.9599585E-04
    1 -0.6683106E-01  0.6900853E-01 -0.1148960E+00 -0.4459276E+00  0.4604598E+00 -0.7675450E+00  0.9599533E-04
    1 -0.7111512E-01  0.6458489E-01 -0.1148960E+00 -0.4745121E+00  0.4309424E+00 -0.7675461E+00  0.9599539E-04
    1 -0.7510697E-01  0.5989580E-01 -0.1148960E+00 -0.5011531E+00  0.3996496E+00 -0.7675453E+00  0.9599661E-04
    1 -0.7879019E-01  0.5496060E-01 -0.1148960E+00 -0.5257236E+00  0.3667257E+00 -0.7675461E+00  0.9599532E-04
    1 -0.8214965E-01  0.4979961E-01 -0.1148960E+00 -0.5481418E+00  0.3322877E+00 -0.7675451E+00  0.9599517E-04
    1 -0.8517157E-01  0.4443394E-01 -0.1148960E+00 -0.5683069E+00  0.2964847E+00 -0.7675442E+00  0.9599654E-04
    1 -0.8784342E-01  0.3888566E-01 -0.1148960E+00 -0.5861358E+00  0.2594615E+00 -0.7675446E+00  0.9599482E-04
    1 -0.9015436E-01  0.3317764E-01 -0.1148960E+00 -0.6015528E+00  0.2213798E+00 -0.7675449E+00  0.9599568E-04
    1 -0.9209482E-01  0.2733326E-01 -0.1148960E+00 -0.6145018E+00  0.1823783E+00 -0.7675453E+00  0.9599567E-04
    1 -0.9365685E-01  0.2137657E-01 -0.1148960E+00 -0.6249238E+00  0.1426365E+00 -0.7675448E+00  0.9599568E-04
    1 -0.9483400E-01  0.1533202E-01 -0.1148960E+00 -0.6327797E+00  0.1023017E+00 -0.7675443E+00  0.9599546E-04
    1 -0.9562154E-01  0.9224484E-02 -0.1148960E+00 -0.6380338E+00  0.6155505E-01 -0.7675441E+00  0.9599568E-04
    1 -0.9601608E-01  0.3079042E-02 -0.1148960E+00 -0.6406664E+00  0.2054287E-01 -0.7675444E+00  0.9599533E-04
    1  0.8256424E-01  0.2647675E-02 -0.1248467E+00  0.5503675E+00  0.1764600E-01 -0.8347360E+00  0.9594405E-04
    1  0.8222499E-01  0.7932145E-02 -0.1248467E+00  0.5481071E+00  0.5287454E-01 -0.8347352E+00  0.9594381E-04
    1  0.8154787E-01  0.1318403E-01 -0.1248466E+00  0.5435941E+00  0.8788478E-01 -0.8347346E+00  0.9594383E-04
    1  0.8053555E-01  0.1838173E-01 -0.1248467E+00  0.5368454E+00  0.1225352E+00 -0.8347347E+00  0.9594380E-04
    1  0.7919237E-01  0.2350387E-01 -0.1248466E+00  0.5278913E+00  0.1566766E+00 -0.8347353E+00  0.9594304E-04
    1  0.7752377E-01  0.2852944E-01 -0.1248467E+00  0.5167697E+00  0.1901731E+00 -0.8347355E+00  0.9594407E-04
    1  0.7553659E-01  0.3343780E-01 -0.1248467E+00  0.5035221E+00  0.2228951E+00 -0.8347354E+00  0.9594412E-04
    1  0.7323906E-01  0.3820877E-01 -0.1248466E+00  0.4882068E+00  0.2546954E+00 -0.8347360E+00  0.9594397E-04
    1  0.7064052E-01  0.4282268E-01 -0.1248467E+00  0.4708850E+00  0.2854542E+00 -0.8347355E+00  0.9594377E-04
    1  0.6775172E-01  0.4726065E-01 -0.1248467E+00  0.4516294E+00  0.3150385E+00 -0.8347345E+00  0.9594367E-04
    1  0.6458452E-01  0.5150446E-01 -0.1248466E+00  0.4305193E+00  0.3433232E+00 -0.8347349E+00  0.9594463E-04
    1  0.6115188E-01  0.5553656E-01 -0.1248466E+00  0.4076312E+00  0.3702079E+00 -0.8347352E+00  0.9594332E-04
    1  0.5746803E-01  0.5934045E-01 -0.1248467E+00  0.3830809E+00  0.3955573E+00 -0.8347356E+00  0.9594311E-04
    1  0.5354802E-01  0.6290051E-01 -0.1248466E+00  0.3569476E+00  0.4192909E+00 -0.8347357E+00  0.9594411E-04
    1  0.4940795E-01  0.6620213E-01 -0.1248466E+00  0.3293527E+00  0.4412979E+00 -0.8347353E+00  0.9594421E-04
    1  0.4506483E-01  0.6923172E-01 -0.1248466E+00  0.3003971E+00  0.4614950E+00 -0.8347359E+00  0.9594468E-04
    1  0.4053655E-01  0.7197675E-01 -0.1248467E+00  0.2702134E+00  0.4797919E+00 -0.8347362E+00  0.9594266E-04
    1  0.3584172E-01  0.7442605E-01 -0.1248466E+00  0.2389191E+00  0.4961199E+00 -0.8347352E+00  0.9594450E-04
    1  0.3099958E-01  0.7656957E-01 -0.1248466E+00  0.2066418E+00  0.5104075E+00 -0.8347355E+00  0.9594391E-04
    1  0.2603005E-01  0.7839833E-01 -0.1248467E+00  0.1735129E+00  0.5225981E+00 -0.8347362E+00  0.9594367E-04
    1  0.2095357E-01  0.7990501E-01 -0.1248467E+00  0.1396744E+00  0.5326415E+00 -0.8347360E+00  0.9594444E-04
    1  0.1579100E-01  0.8108339E-01 -0.1248466E+00  0.1052652E+00  0.5404949E+00 -0.8347362E+00  0.9594352E-04
    1  0.1056353E-01  0.8192849E-01 -0.1248466E+00  0.7041599E-01  0.5461304E+00 -0.8347355E+00  0.9594411E-04
    1  0.5292618E-02  0.8243701E-01 -0.1248466E+00  0.3528105E-01  0.5495201E+00 -0.8347352E+00  0.9594460E-04
    1  0.0000000E+00  0.8260672E-01 -0.1248467E+00  0.0000000E+00  0.5506501E+00 -0.8347362E+00  0.9594295E-04
    1 -0.5292618E-02  0.8243701E-01 -0.1248466E+00 -0.3528098E-01  0.5495201E+00 -0.8347352E+00  0.9594460E-04
    1 -0.1056353E-01  0.8192849E-01 -0.1248467E+00 -0.7041599E-01  0.5461304E+00 -0.8347354E+00  0.9594410E-04
    1 -0.1579100E-01  0.8108339E-01 -0.1248466E+00 -0.1052652E+00  0.5404949E+00 -0.8347362E+00  0.9594352E-04
    1 -0.2095357E-01  0.7990500E-01 -0.1248467E+00 -0.1396744E+00  0.5326415E+00 -0.8347360E+00  0.9594444E-04
    1 -0.2603004E-01  0.7839832E-01 -0.1248467E+00 -0.1735129E+00  0.5225981E+00 -0.8347362E+00  0.9594369E-04
    1 -0.3099957E-01  0.7656957E-01 -0.1248466E+00 -0.2066418E+00  0.5104075E+00 -0.8347355E+00  0.9594391E-04
    1 -0.3584172E-01  0.7442605E-01 -0.1248466E+00 -0.2389191E+00  0.4961199E+00 -0.8347352E+00  0.9594450E-04
    1 -0.4053655E-01  0.7197675E-01 -0.1248467E+00 -0.2702135E+00  0.4797919E+00 -0.8347362E+00  0.9594267E-04
    1 -0.4506482E-01  0.6923172E-01 -0.1248466E+00 -0.3003971E+00  0.4614949E+00 -0.8347360E+00  0.9594469E-04
    1 -0.4940795E-01  0.6620213E-01 -0.1248467E+00 -0.3293527E+00  0.4412979E+00 -0.8347353E+00  0.9594421E-04
    1 -0.5354802E-01  0.6290051E-01 -0.1248467E+00 -0.3569476E+00  0.4192909E+00 -0.8347357E+00  0.9594411E-04
    1 -0.5746803E-01  0.5934045E-01 -0.1248466E+00 -0.3830809E+00  0.3955573E+00 -0.8347356E+00  0.9594310E-04
    1 -0.6115188E-01  0.5553656E-01 -0.1248466E+00 -0.4076312E+00  0.3702079E+00 -0.8347352E+00  0.9594332E-04
    1 -0.6458452E-01  0.5150446E-01 -0.1248466E+00 -0.4305193E+00  0.3433232E+00 -0.8347349E+00  0.9594463E-04
    1 -0.6775171E-01  0.4726065E-01 -0.1248466E+00 -0.4516294E+00  0.3150386E+00 -0.8347345E+00  0.9594369E-04
    1 -0.7064052E-01  0.4282268E-01 -0.1248467E+00 -0.4708851E+00  0.2854542E+00 -0.8347354E+00  0.9594377E-04
    1 -0.7323906E-01  0.3820877E-01 -0.1248466E+00 -0.4882069E+00  0.2546954E+00 -0.8347361E+00  0.9594398E-04
    1 -0.7553659E-01  0.3343780E-01 -0.1248467E+00 -0.5035221E+00  0.2228951E+00 -0.8347355E+00  0.9594411E-04
    1 -0.7752377E-01  0.2852944E-01 -0.1248467E+00 -0.5167698E+00  0.1901731E+00 -0.8347355E+00  0.9594407E-04
    1 -0.7919237E-01  0.2350387E-01 -0.1248466E+00 -0.5278913E+00  0.1566766E+00 -0.8347354E+00  0.9594303E-04
    1 -0.8053555E-01  0.1838173E-01 -0.1248467E+00 -0.5368454E+00  0.1225353E+00 -0.8347349E+00  0.9594380E-04
    1 -0.8154787E-01  0.1318403E-01 -0.1248466E+00 -0.5435941E+00  0.8788485E-01 -0.8347345E+00  0.9594382E-04
    1 -0.8222499E-01  0.7932144E-02 -0.1248467E+00 -0.5481071E+00  0.5287462E-01 -0.8347352E+00  0.9594382E-04
    1 -0.8256425E-01  0.2647675E-02 -0.1248467E+00 -0.5503675E+00  0.1764600E-01 -0.8347360E+00  0.9594405E-04
    1  0.6484585E-01  0.2079490E-02 -0.1347283E+00  0.4302018E+00  0.1379093E-01 -0.9026274E+00  0.9582600E-04
    1  0.6457942E-01  0.6229923E-02 -0.1347283E+00  0.4284334E+00  0.4132997E-01 -0.9026276E+00  0.9582590E-04
    1  0.6404758E-01  0.1035472E-01 -0.1347283E+00  0.4249053E+00  0.6869299E-01 -0.9026277E+00  0.9582494E-04
    1  0.6325257E-01  0.1443699E-01 -0.1347283E+00  0.4196299E+00  0.9578308E-01 -0.9026275E+00  0.9582615E-04
    1  0.6219755E-01  0.1845991E-01 -0.1347283E+00  0.4126324E+00  0.1224681E+00 -0.9026273E+00  0.9582506E-04
    1  0.6088711E-01  0.2240700E-01 -0.1347282E+00  0.4039393E+00  0.1486510E+00 -0.9026272E+00  0.9582510E-04
    1  0.5932635E-01  0.2626202E-01 -0.1347283E+00  0.3935857E+00  0.1742260E+00 -0.9026271E+00  0.9582672E-04
    1  0.5752181E-01  0.3000912E-01 -0.1347283E+00  0.3816113E+00  0.1990914E+00 -0.9026270E+00  0.9582529E-04
    1  0.5548098E-01  0.3363292E-01 -0.1347282E+00  0.3680750E+00  0.2231246E+00 -0.9026273E+00  0.9582561E-04
    1  0.5321214E-01  0.3711850E-01 -0.1347282E+00  0.3530176E+00  0.2462555E+00 -0.9026276E+00  0.9582522E-04
    1  0.5072458E-01  0.4045153E-01 -0.1347283E+00  0.3365205E+00  0.2683604E+00 -0.9026276E+00  0.9582640E-04
    1  0.4802864E-01  0.4361837E-01 -0.1347283E+00  0.3186317E+00  0.2893756E+00 -0.9026271E+00  0.9582535E-04
    1  0.4513532E-01  0.4660593E-01 -0.1347283E+00  0.2994375E+00  0.3091953E+00 -0.9026270E+00  0.9582467E-04
    1  0.4205653E-01  0.4940199E-01 -0.1347283E+00  0.2790109E+00  0.3277449E+00 -0.9026274E+00  0.9582606E-04
    1  0.3880493E-01  0.5199509E-01 -0.1347282E+00  0.2574420E+00  0.3449446E+00 -0.9026277E+00  0.9582554E-04
    1  0.3539386E-01  0.5437449E-01 -0.1347283E+00  0.2348112E+00  0.3607323E+00 -0.9026272E+00  0.9582598E-04
    1  0.3183733E-01  0.5653045E-01 -0.1347283E+00  0.2112132E+00  0.3750376E+00 -0.9026272E+00  0.9582513E-04
    1  0.2815001E-01  0.5845414E-01 -0.1347283E+00  0.1867547E+00  0.3877961E+00 -0.9026278E+00  0.9582615E-04
    1  0.2434703E-01  0.6013761E-01 -0.1347282E+00  0.1615254E+00  0.3989655E+00 -0.9026273E+00  0.9582414E-04
    1  0.2044400E-01  0.6157399E-01 -0.1347282E+00  0.1356263E+00  0.4084970E+00 -0.9026271E+00  0.9582572E-04
    1  0.1645690E-01  0.6275729E-01 -0.1347283E+00  0.1091815E+00  0.4163456E+00 -0.9026271E+00  0.9582668E-04
    1  0.1240221E-01  0.6368275E-01 -0.1347283E+00  0.8228085E-01  0.4224860E+00 -0.9026269E+00  0.9582453E-04
    1  0.8296577E-02  0.6434660E-01 -0.1347282E+00  0.5504264E-01  0.4268889E+00 -0.9026274E+00  0.9582592E-04
    1  0.4156812E-02  0.6474590E-01 -0.1347283E+00  0.2757590E-01  0.4295383E+00 -0.9026275E+00  0.9582620E-04
    1  0.8731149E-10  0.6487923E-01 -0.1347282E+00  0.0000000E+00  0.4304232E+00 -0.9026272E+00  0.9582434E-04
    1 -0.4156811E-02  0.6474591E-01 -0.1347283E+00 -0.2757597E-01  0.4295383E+00 -0.9026275E+00  0.9582620E-04
    1 -0.8296575E-02  0.6434659E-01 -0.1347282E+00 -0.5504264E-01  0.4268889E+00 -0.9026273E+00  0.9582592E-04
    1 -0.1240220E-01  0.6368275E-01 -0.1347283E+00 -0.8228086E-01  0.4224861E+00 -0.9026270E+00  0.9582452E-04
    1 -0.1645690E-01  0.6275729E-01 -0.1347283E+00 -0.1091815E+00  0.4163456E+00 -0.9026271E+00  0.9582668E-04
    1 -0.2044400E-01  0.6157398E-01 -0.1347282E+00 -0.1356262E+00  0.4084970E+00 -0.9026271E+00  0.9582573E-04
    1 -0.2434703E-01  0.6013762E-01 -0.1347283E+00 -0.1615254E+00  0.3989655E+00 -0.9026273E+00  0.9582414E-04
    1 -0.2815001E-01  0.5845414E-01 -0.1347283E+00 -0.1867547E+00  0.3877961E+00 -0.9026277E+00  0.9582617E-04
    1 -0.3183733E-01  0.5653045E-01 -0.1347283E+00 -0.2112132E+00  0.3750376E+00 -0.9026271E+00  0.9582512E-04
    1 -0.3539386E-01  0.5437450E-01 -0.1347283E+00 -0.2348111E+00  0.3607323E+00 -0.9026272E+00  0.9582598E-04
    1 -0.3880493E-01  0.5199509E-01 -0.1347282E+00 -0.2574419E+00  0.3449446E+00 -0.9026277E+00  0.9582554E-04
    1 -0.4205653E-01  0.4940199E-01 -0.1347282E+00 -0.2790109E+00  0.3277449E+00 -0.9026274E+00  0.9582606E-04
    1 -0.4513532E-01  0.4660593E-01 -0.1347283E+00 -0.2994376E+00  0.3091952E+00 -0.9026270E+00  0.9582467E-04
    1 -0.4802863E-01  0.4361837E-01 -0.1347282E+00 -0.3186317E+00  0.2893754E+00 -0.9026271E+00  0.9582537E-04
    1 -0.5072458E-01  0.4045152E-01 -0.1347283E+00 -0.3365205E+00  0.2683604E+00 -0.9026276E+00  0.9582640E-04
    1 -0.5321214E-01  0.3711850E-01 -0.1347282E+00 -0.3530177E+00  0.2462555E+00 -0.9026277E+00  0.9582522E-04
    1 -0.5548098E-01  0.3363292E-01 -0.1347282E+00 -0.3680751E+00  0.2231246E+00 -0.9026274E+00  0.9582561E-04
    1 -0.5752180E-01  0.3000912E-01 -0.1347283E+00 -0.3816113E+00  0.1990914E+00 -0.9026270E+00  0.9582529E-04
    1 -0.5932635E-01  0.2626201E-01 -0.1347283E+00 -0.3935857E+00  0.1742260E+00 -0.9026270E+00  0.9582672E-04
    1 -0.6088710E-01  0.2240700E-01 -0.1347282E+00 -0.4039392E+00  0.1486509E+00 -0.9026272E+00  0.9582510E-04
    1 -0.6219756E-01  0.1845991E-01 -0.1347283E+00 -0.4126325E+00  0.1224680E+00 -0.9026273E+00  0.9582505E-04
    1 -0.6325257E-01  0.1443699E-01 -0.1347282E+00 -0.4196299E+00  0.9578308E-01 -0.9026275E+00  0.9582615E-04
    1 -0.6404757E-01  0.1035472E-01 -0.1347283E+00 -0.4249053E+00  0.6869299E-01 -0.9026277E+00  0.9582494E-04
    1 -0.6457943E-01  0.6229923E-02 -0.1347283E+00 -0.4284334E+00  0.4133005E-01 -0.9026276E+00  0.9582590E-04
    1 -0.6484585E-01  0.2079490E-02 -0.1347283E+00 -0.4302019E+00  0.1379093E-01 -0.9026274E+00  0.9582600E-04
    1  0.3586420E-01  0.1150100E-02 -0.1433333E+00  0.1825713E+00  0.5852364E-02 -0.9831752E+00  0.9449190E-04
    1  0.3571683E-01  0.3445567E-02 -0.1433333E+00  0.1818208E+00  0.1754141E-01 -0.9831752E+00  0.9449141E-04
    1  0.3542270E-01  0.5726866E-02 -0.1433333E+00  0.1803240E+00  0.2915089E-01 -0.9831752E+00  0.9449110E-04
    1  0.3498300E-01  0.7984634E-02 -0.1433333E+00  0.1780847E+00  0.4064911E-01 -0.9831752E+00  0.9449161E-04
    1  0.3439954E-01  0.1020960E-01 -0.1433333E+00  0.1751153E+00  0.5197259E-01 -0.9831752E+00  0.9449206E-04
    1  0.3367473E-01  0.1239260E-01 -0.1433333E+00  0.1714254E+00  0.6308604E-01 -0.9831752E+00  0.9449013E-04
    1  0.3281157E-01  0.1452470E-01 -0.1433333E+00  0.1670327E+00  0.7393630E-01 -0.9831752E+00  0.9449359E-04
    1  0.3181353E-01  0.1659713E-01 -0.1433333E+00  0.1619488E+00  0.8449303E-01 -0.9831753E+00  0.9449288E-04
    1  0.3068477E-01  0.1860133E-01 -0.1433333E+00  0.1562051E+00  0.9469153E-01 -0.9831752E+00  0.9449122E-04
    1  0.2942993E-01  0.2052907E-01 -0.1433333E+00  0.1498149E+00  0.1045085E+00 -0.9831752E+00  0.9448993E-04
    1  0.2805417E-01  0.2237247E-01 -0.1433333E+00  0.1428155E+00  0.1138871E+00 -0.9831752E+00  0.9449268E-04
    1  0.2656313E-01  0.2412397E-01 -0.1433333E+00  0.1352237E+00  0.1228048E+00 -0.9831752E+00  0.9449148E-04
    1  0.2496293E-01  0.2577630E-01 -0.1433333E+00  0.1270753E+00  0.1312187E+00 -0.9831752E+00  0.9449128E-04
    1  0.2326013E-01  0.2732270E-01 -0.1433333E+00  0.1184069E+00  0.1390911E+00 -0.9831753E+00  0.9449201E-04
    1  0.2146177E-01  0.2875683E-01 -0.1433333E+00  0.1092542E+00  0.1463901E+00 -0.9831752E+00  0.9449071E-04
    1  0.1957523E-01  0.3007284E-01 -0.1433333E+00  0.9965377E-01  0.1530870E+00 -0.9831752E+00  0.9449213E-04
    1  0.1760823E-01  0.3126524E-01 -0.1433333E+00  0.8963222E-01  0.1591621E+00 -0.9831752E+00  0.9449177E-04
    1  0.1556887E-01  0.3232913E-01 -0.1433333E+00  0.7925582E-01  0.1645755E+00 -0.9831752E+00  0.9449162E-04
    1  0.1346557E-01  0.3326023E-01 -0.1433333E+00  0.6855199E-01  0.1693137E+00 -0.9831753E+00  0.9449034E-04
    1  0.1130693E-01  0.3405463E-01 -0.1433333E+00  0.5755569E-01  0.1733604E+00 -0.9831752E+00  0.9449106E-04
    1  0.9101801E-02  0.3470910E-01 -0.1433333E+00  0.4633674E-01  0.1766902E+00 -0.9831752E+00  0.9449312E-04
    1  0.6859267E-02  0.3522097E-01 -0.1433333E+00  0.3491853E-01  0.1792963E+00 -0.9831753E+00  0.9449168E-04
    1  0.4588567E-02  0.3558807E-01 -0.1433333E+00  0.2335666E-01  0.1811655E+00 -0.9831752E+00  0.9449098E-04
    1  0.2299000E-02  0.3580894E-01 -0.1433333E+00  0.1170465E-01  0.1822896E+00 -0.9831752E+00  0.9449255E-04
    1  0.0000000E+00  0.3588267E-01 -0.1433333E+00  0.0000000E+00  0.1826649E+00 -0.9831752E+00  0.9448999E-04
    1 -0.2299000E-02  0.3580894E-01 -0.1433333E+00 -0.1170465E-01  0.1822896E+00 -0.9831752E+00  0.9449256E-04
    1 -0.4588567E-02  0.3558807E-01 -0.1433333E+00 -0.2335666E-01  0.1811655E+00 -0.9831752E+00  0.9449098E-04
    1 -0.6859267E-02  0.3522097E-01 -0.1433333E+00 -0.3491853E-01  0.1792963E+00 -0.9831753E+00  0.9449168E-04
    1 -0.9101801E-02  0.3470910E-01 -0.1433333E+00 -0.4633674E-01  0.1766902E+00 -0.9831752E+00  0.9449312E-04
    1 -0.1130693E-01  0.3405463E-01 -0.1433333E+00 -0.5755569E-01  0.1733605E+00 -0.9831752E+00  0.9449106E-04
    1 -0.1346557E-01  0.3326023E-01 -0.1433333E+00 -0.6855199E-01  0.1693137E+00 -0.9831753E+00  0.9449034E-04
    1 -0.1556887E-01  0.3232913E-01 -0.1433333E+00 -0.7925582E-01  0.1645755E+00 -0.9831752E+00  0.9449162E-04
    1 -0.1760823E-01  0.3126524E-01 -0.1433333E+00 -0.8963222E-01  0.1591621E+00 -0.9831752E+00  0.9449178E-04
    1 -0.1957523E-01  0.3007284E-01 -0.1433333E+00 -0.9965377E-01  0.1530870E+00 -0.9831752E+00  0.9449213E-04
    1 -0.2146177E-01  0.2875683E-01 -0.1433333E+00 -0.1092542E+00  0.1463901E+00 -0.9831753E+00  0.9449071E-04
    1 -0.2326013E-01  0.2732270E-01 -0.1433333E+00 -0.1184069E+00  0.1390911E+00 -0.9831753E+00  0.9449201E-04
    1 -0.2496293E-01  0.2577630E-01 -0.1433333E+00 -0.1270753E+00  0.1312187E+00 -0.9831752E+00  0.9449128E-04
    1 -0.2656313E-01  0.2412397E-01 -0.1433333E+00 -0.1352237E+00  0.1228048E+00 -0.9831752E+00  0.9449148E-04
    1 -0.2805417E-01  0.2237247E-01 -0.1433333E+00 -0.1428155E+00  0.1138871E+00 -0.9831752E+00  0.9449268E-04
    1 -0.2942993E-01  0.2052907E-01 -0.1433333E+00 -0.1498149E+00  0.1045085E+00 -0.9831752E+00  0.9448993E-04
    1 -0.3068477E-01  0.1860133E-01 -0.1433333E+00 -0.1562051E+00  0.9469153E-01 -0.9831752E+00  0.9449122E-04
    1 -0.3181353E-01  0.1659713E-01 -0.1433333E+00 -0.1619488E+00  0.8449304E-01 -0.9831753E+00  0.9449288E-04
    1 -0.3281157E-01  0.1452470E-01 -0.1433333E+00 -0.1670327E+00  0.7393630E-01 -0.9831752E+00  0.9449359E-04
    1 -0.3367473E-01  0.1239260E-01 -0.1433333E+00 -0.1714254E+00  0.6308604E-01 -0.9831752E+00  0.9449013E-04
    1 -0.3439954E-01  0.1020960E-01 -0.1433333E+00 -0.1751153E+00  0.5197259E-01 -0.9831752E+00  0.9449206E-04
    1 -0.3498300E-01  0.7984634E-02 -0.1433333E+00 -0.1780847E+00  0.4064912E-01 -0.9831753E+00  0.9449160E-04
    1 -0.3542270E-01  0.5726866E-02 -0.1433333E+00 -0.1803240E+00  0.2915089E-01 -0.9831752E+00  0.9449110E-04
    1 -0.3571683E-01  0.3445567E-02 -0.1433333E+00 -0.1818208E+00  0.1754141E-01 -0.9831752E+00  0.9449141E-04
    1 -0.3586420E-01  0.1150100E-02 -0.1433333E+00 -0.1825713E+00  0.5852364E-02 -0.9831752E+00  0.9449191E-04
           0
