Nb de periode :   100
 0.1000
 -0.140264E-11  0.674381E-11 -0.420760E-11
  0.242295E-11  0.265175E-03  0.667910E-11
 -0.353310E-11 -0.182028E-10 -0.105986E-10
 0.3010
  0.484954E-08 -0.111149E-09  0.145494E-07
  0.176669E-09  0.721034E-02  0.612545E-09
  0.145071E-07 -0.165811E-09  0.435235E-07
 0.5020
  0.252495E-06 -0.248191E-08  0.757545E-06
  0.135515E-09  0.332442E-01  0.900400E-09
  0.757837E-06 -0.196569E-08  0.227369E-05
 0.7030
  0.261255E-05 -0.273455E-08  0.783826E-05
  0.445652E-09  0.904559E-01  0.437285E-08
  0.783835E-05 -0.756857E-08  0.235169E-04
 0.9040
  0.151754E-04 -0.407209E-08  0.455299E-04
  0.273940E-08  0.189950E+00  0.394357E-08
  0.455301E-04 -0.102136E-07  0.136601E-03
 1.1051
  0.616262E-04 -0.232118E-08  0.184893E-03
 -0.311411E-08  0.341476E+00 -0.858563E-08
  0.184890E-03 -0.174638E-08  0.554714E-03
 1.3061
  0.197406E-03  0.167334E-07  0.592265E-03
  0.111904E-07  0.553078E+00 -0.454020E-08
  0.592263E-03  0.615638E-07  0.177693E-02
 1.5071
  0.533922E-03 -0.120734E-06  0.160189E-02
  0.742148E-08  0.830812E+00 -0.232831E-08
  0.160188E-02 -0.291311E-06  0.480602E-02
 1.7081
  0.127527E-02 -0.109177E-06  0.382611E-02
  0.800355E-08  0.117854E+01  0.349246E-08
  0.382611E-02 -0.244196E-06  0.114792E-01
 1.9091
  0.275281E-02 -0.256963E-06  0.825905E-02
  0.447326E-07  0.159779E+01  0.331784E-07
  0.825905E-02 -0.829021E-06  0.247791E-01
 2.1101
  0.550426E-02 -0.269843E-06  0.165140E-01
 -0.175787E-07  0.208780E+01  0.325963E-07
  0.165140E-01 -0.790150E-06  0.495458E-01
 2.3111
  0.102986E-01 -0.107796E-06  0.308980E-01
 -0.459258E-07  0.264535E+01  0.537839E-07
  0.308980E-01 -0.201278E-06  0.927007E-01
 2.5121
  0.182657E-01  0.271643E-06  0.548013E-01
 -0.540749E-07  0.326537E+01 -0.111060E-06
  0.548013E-01  0.823107E-06  0.164416E+00
 2.7131
  0.309759E-01  0.238425E-06  0.929346E-01
  0.653672E-07  0.394082E+01  0.113156E-06
  0.929347E-01  0.739146E-06  0.278824E+00
 2.9141
  0.504221E-01  0.502230E-06  0.151277E+00
  0.337604E-08  0.466291E+01  0.201631E-06
  0.151277E+00  0.104715E-05  0.453865E+00
 3.1152
  0.793497E-01  0.592361E-06  0.238066E+00
  0.221189E-08  0.542220E+01  0.246800E-06
  0.238066E+00  0.165382E-05  0.714251E+00
 3.3162
  0.121294E+00  0.601976E-07  0.363907E+00
 -0.128755E-06  0.620810E+01  0.104308E-06
  0.363907E+00 -0.812230E-06  0.109180E+01
 3.5172
  0.180441E+00  0.749831E-06  0.541359E+00
  0.738073E-07  0.700934E+01 -0.203028E-06
  0.541360E+00  0.214900E-05  0.162419E+01
 3.7182
  0.261835E+00  0.242922E-06  0.785560E+00
  0.237022E-06  0.781562E+01  0.535510E-07
  0.785560E+00  0.354019E-06  0.235684E+01
 3.9192
  0.372034E+00 -0.113889E-05  0.111618E+01
 -0.120141E-06  0.861522E+01  0.433065E-07
  0.111618E+01 -0.297066E-05  0.334876E+01
 4.1202
  0.518623E+00 -0.448941E-05  0.155597E+01
 -0.118045E-06  0.939946E+01 -0.240281E-06
  0.155597E+01 -0.129507E-04  0.466823E+01
 4.3212
  0.710096E+00 -0.917964E-06  0.213043E+01
  0.141794E-06  0.101581E+02  0.254717E-06
  0.213043E+01 -0.372418E-05  0.639171E+01
 4.5222
  0.955783E+00 -0.160706E-04  0.286753E+01
 -0.207219E-07  0.108814E+02  0.732020E-06
  0.286753E+01 -0.483554E-04  0.860315E+01
 4.7232
  0.126605E+01 -0.168233E-04  0.379839E+01
 -0.137370E-06  0.115639E+02 -0.231899E-06
  0.379839E+01 -0.510176E-04  0.113959E+02
 4.9242
  0.165285E+01 -0.219406E-04  0.495888E+01
 -0.383472E-06  0.121994E+02 -0.138441E-05
  0.495887E+01 -0.658612E-04  0.148775E+02
 5.1253
  0.212823E+01 -0.191381E-05  0.638507E+01
  0.125263E-06  0.127812E+02 -0.448897E-06
  0.638507E+01 -0.489666E-05  0.191564E+02
 5.3263
  0.270418E+01  0.133452E-04  0.811301E+01
  0.600936E-06  0.133062E+02  0.111666E-05
  0.811302E+01  0.406711E-04  0.243405E+02
 5.5273
  0.339230E+01  0.139625E-04  0.101775E+02
  0.103400E-05  0.137718E+02  0.264961E-05
  0.101775E+02  0.432471E-04  0.305343E+02
 5.7283
  0.420260E+01  0.932964E-05  0.126085E+02
  0.254717E-06  0.141755E+02  0.139885E-05
  0.126085E+02  0.274191E-04  0.378277E+02
 5.9293
  0.514061E+01  0.113371E-04  0.154227E+02
  0.581611E-06  0.145144E+02  0.280887E-05
  0.154227E+02  0.342089E-04  0.462706E+02
 6.1303
  0.620952E+01  0.900100E-05  0.186296E+02
  0.818865E-06  0.147910E+02  0.151712E-05
  0.186296E+02  0.261627E-04  0.558918E+02
 6.3313
  0.740946E+01  0.775605E-05  0.222295E+02
  0.754604E-06  0.150071E+02  0.148732E-05
  0.222296E+02  0.242181E-04  0.666923E+02
 6.5323
  0.873625E+01  0.513438E-05  0.262100E+02
  0.341795E-06  0.151628E+02  0.154320E-05
  0.262101E+02  0.142734E-04  0.786342E+02
 6.7333
  0.101782E+02 -0.298256E-06  0.305362E+02
  0.318978E-06  0.152591E+02  0.924803E-06
  0.305362E+02  0.282750E-05  0.916133E+02
 6.9343
  0.117135E+02 -0.130222E-05  0.351420E+02
  0.244705E-06  0.152978E+02  0.172760E-05
  0.351420E+02 -0.748038E-05  0.105431E+03
 7.1354
  0.133192E+02  0.636256E-05  0.399595E+02
  0.214810E-05  0.152825E+02  0.512227E-05
  0.399595E+02  0.185594E-04  0.119884E+03
 7.3364
  0.149691E+02 -0.880100E-06  0.449092E+02
 -0.599772E-06  0.152178E+02 -0.137743E-05
  0.449094E+02 -0.191480E-05  0.134734E+03
 7.5374
  0.166337E+02  0.364101E-05  0.499032E+02
  0.123680E-05  0.151047E+02  0.429340E-05
  0.499033E+02  0.105500E-04  0.149717E+03
 7.7384
  0.182774E+02 -0.755955E-05  0.548346E+02
 -0.154600E-05  0.149478E+02 -0.427989E-05
  0.548346E+02 -0.212351E-04  0.164511E+03
 7.9394
  0.198688E+02  0.149291E-05  0.596088E+02
  0.203517E-05  0.147499E+02  0.485778E-05
  0.596089E+02  0.767130E-05  0.178834E+03
 8.1404
  0.213821E+02  0.116276E-04  0.641489E+02
  0.875210E-06  0.145141E+02  0.251876E-05
  0.641489E+02  0.348194E-04  0.192454E+03
 8.3414
  0.227915E+02 -0.108494E-04  0.683771E+02
 -0.682659E-06  0.142466E+02 -0.559725E-06
  0.683771E+02 -0.316557E-04  0.205139E+03
 8.5424
  0.240773E+02  0.554835E-05  0.722347E+02
  0.133668E-05  0.139502E+02  0.338815E-05
  0.722347E+02  0.176765E-04  0.216713E+03
 8.7434
  0.252261E+02 -0.178441E-05  0.756811E+02
 -0.167545E-05  0.136267E+02 -0.237208E-05
  0.756812E+02 -0.184029E-05  0.227052E+03
 8.9444
  0.262305E+02  0.705244E-05  0.786943E+02
  0.181561E-05  0.132824E+02  0.468735E-05
  0.786943E+02  0.236500E-04  0.236091E+03
 9.1455
  0.270866E+02  0.224914E-05  0.812624E+02
  0.265986E-05  0.129196E+02  0.836141E-05
  0.812624E+02  0.741333E-05  0.243796E+03
 9.3465
  0.277951E+02 -0.112224E-06  0.833878E+02
 -0.834698E-06  0.125401E+02 -0.122003E-06
  0.833879E+02 -0.426732E-05  0.250171E+03
 9.5475
  0.283617E+02  0.178814E-05  0.850877E+02
  0.554137E-06  0.121495E+02  0.416767E-06
  0.850878E+02  0.180118E-05  0.255271E+03
 9.7485
  0.287952E+02 -0.217184E-05  0.863883E+02
  0.495231E-06  0.117479E+02  0.505242E-06
  0.863882E+02 -0.474416E-05  0.259172E+03
 9.9495
  0.291026E+02 -0.473019E-05  0.873103E+02
 -0.132155E-05  0.113384E+02 -0.244519E-05
  0.873105E+02 -0.102799E-04  0.261939E+03
10.1505
  0.292960E+02 -0.200281E-05  0.878906E+02
  0.237371E-06  0.109249E+02  0.953209E-06
  0.878906E+02 -0.549201E-05  0.263680E+03
10.3515
  0.293857E+02 -0.185566E-05  0.881594E+02
  0.100699E-06  0.105110E+02  0.953674E-06
  0.881593E+02 -0.529829E-05  0.264485E+03
10.5525
  0.293820E+02 -0.467850E-05  0.881481E+02
 -0.200421E-05  0.100967E+02 -0.654208E-05
  0.881480E+02 -0.119144E-04  0.264451E+03
10.7535
  0.292974E+02  0.832602E-06  0.878943E+02
 -0.509899E-07  0.968146E+01 -0.130059E-05
  0.878943E+02  0.164658E-05  0.263689E+03
10.9545
  0.291394E+02  0.320375E-05  0.874203E+02
  0.470900E-06  0.926645E+01  0.197766E-05
  0.874205E+02  0.970718E-05  0.262267E+03
11.1556
  0.289192E+02 -0.271713E-05  0.867596E+02
  0.109198E-06  0.885291E+01 -0.124448E-05
  0.867597E+02 -0.595115E-05  0.260285E+03
11.3566
  0.286469E+02 -0.207173E-05  0.859424E+02
 -0.144815E-05  0.844207E+01 -0.563520E-05
  0.859424E+02 -0.641216E-05  0.257833E+03
11.5576
  0.283263E+02 -0.107358E-05  0.849806E+02
 -0.474916E-06  0.803206E+01 -0.366988E-05
  0.849807E+02 -0.372250E-05  0.254947E+03
11.7586
  0.279661E+02 -0.734581E-06  0.839000E+02
 -0.518165E-06  0.761713E+01 -0.497093E-06
  0.838999E+02 -0.722706E-06  0.251705E+03
11.9596
  0.275725E+02 -0.169082E-05  0.827190E+02
 -0.190549E-05  0.719049E+01 -0.620401E-05
  0.827193E+02 -0.613648E-05  0.248162E+03
12.1606
  0.271532E+02 -0.705477E-06  0.814612E+02
 -0.191521E-05  0.673369E+01 -0.525941E-05
  0.814613E+02 -0.232551E-05  0.244388E+03
12.3616
  0.267133E+02  0.154926E-05  0.801414E+02
 -0.195182E-05  0.622029E+01 -0.669120E-05
  0.801414E+02  0.502169E-05  0.240429E+03
12.5626
  0.262530E+02  0.790227E-06  0.787605E+02
 -0.252458E-05  0.552217E+01 -0.762835E-05
  0.787605E+02  0.241678E-05  0.236285E+03
12.7636
  0.257782E+02 -0.129407E-05  0.773359E+02
 -0.561634E-05  0.410372E+01 -0.169262E-04
  0.773358E+02 -0.259280E-05  0.232011E+03
12.9647
  0.252952E+02  0.216975E-05  0.758865E+02
 -0.278829E-04  0.180826E+02 -0.848304E-04
  0.758867E+02  0.109975E-04  0.227663E+03
13.1657
  0.248042E+02  0.114320E-05  0.744139E+02
  0.465987E-05  0.782280E+01  0.141729E-04
  0.744138E+02  0.193948E-05  0.223244E+03
13.3667
  0.243059E+02 -0.113621E-06  0.729186E+02
  0.335451E-05  0.652771E+01  0.109074E-04
  0.729186E+02 -0.186497E-05  0.218759E+03
13.5677
  0.238018E+02  0.416301E-06  0.714062E+02
  0.203028E-05  0.590422E+01  0.662310E-05
  0.714063E+02  0.989530E-06  0.214221E+03
13.7687
  0.232976E+02 -0.543077E-06  0.698936E+02
  0.222930E-05  0.545970E+01  0.577501E-05
  0.698937E+02 -0.262307E-05  0.209684E+03
13.9697
  0.227946E+02  0.119559E-06  0.683845E+02
 -0.831264E-06  0.510493E+01 -0.197056E-05
  0.683847E+02  0.380911E-06  0.205156E+03
14.1707
  0.223001E+02 -0.674510E-06  0.669010E+02
  0.829517E-06  0.476995E+01  0.326009E-05
  0.669010E+02 -0.239955E-05  0.200705E+03
14.3717
  0.218056E+02 -0.176718E-06  0.654173E+02
  0.146910E-05  0.448235E+01  0.422611E-05
  0.654174E+02  0.379514E-06  0.196255E+03
14.5727
  0.213068E+02 -0.410131E-06  0.639210E+02
  0.129623E-05  0.420831E+01  0.297104E-05
  0.639211E+02 -0.319118E-05  0.191765E+03
14.7737
  0.208073E+02 -0.242377E-06  0.624222E+02
  0.262196E-06  0.395965E+01  0.949949E-06
  0.624224E+02 -0.346312E-05  0.187269E+03
14.9747
  0.203197E+02 -0.959961E-06  0.609594E+02
  0.456959E-06  0.372561E+01  0.204041E-05
  0.609597E+02 -0.319770E-05  0.182880E+03
15.1758
  0.198227E+02  0.504777E-06  0.594686E+02
 -0.721833E-06  0.350921E+01 -0.327476E-05
  0.594688E+02  0.122935E-06  0.178407E+03
15.3768
  0.193038E+02 -0.999600E-06  0.579115E+02
 -0.100327E-05  0.330651E+01 -0.283122E-05
  0.579118E+02 -0.442634E-05  0.173736E+03
15.5778
  0.187329E+02 -0.287383E-05  0.561988E+02
  0.845524E-06  0.311733E+01  0.230229E-05
  0.561991E+02 -0.118864E-04  0.168598E+03
15.7788
  0.179496E+02  0.589985E-06  0.538486E+02
  0.201253E-06  0.292682E+01 -0.335276E-07
  0.538492E+02  0.118051E-05  0.161547E+03
15.9798
  0.130735E+02 -0.151093E-04  0.392183E+02
 -0.142329E-05  0.274474E+01 -0.401062E-05
  0.392203E+02 -0.253934E-04  0.117654E+03
16.1808
  0.185829E+02  0.218255E-05  0.557499E+02
 -0.228669E-06  0.257419E+01 -0.937900E-06
  0.557495E+02  0.198511E-05  0.167252E+03
16.3818
  0.176845E+02 -0.167824E-05  0.530540E+02
 -0.251006E-06  0.240724E+01 -0.454136E-06
  0.530539E+02  0.128895E-05  0.159164E+03
16.5828
  0.171423E+02 -0.214437E-06  0.514272E+02
 -0.283602E-06  0.226325E+01 -0.941975E-06
  0.514272E+02 -0.215811E-05  0.154283E+03
16.7838
  0.166854E+02  0.823988E-06  0.500567E+02
  0.114524E-07  0.212535E+01 -0.455126E-06
  0.500568E+02  0.308105E-05  0.150171E+03
16.9848
  0.162476E+02  0.547152E-08  0.487430E+02
 -0.196713E-06  0.200522E+01 -0.251574E-06
  0.487431E+02  0.828877E-06  0.146230E+03
17.1859
  0.158270E+02 -0.101095E-05  0.474812E+02
 -0.432017E-06  0.189886E+01 -0.116986E-05
  0.474813E+02 -0.343355E-05  0.142445E+03
17.3869
  0.154094E+02 -0.107085E-05  0.462285E+02
 -0.244268E-06  0.179947E+01 -0.119340E-05
  0.462285E+02 -0.318931E-05  0.138686E+03
17.5879
  0.150202E+02 -0.130635E-05  0.450608E+02
 -0.526226E-06  0.171388E+01 -0.239079E-05
  0.450609E+02 -0.417116E-05  0.135184E+03
17.7889
  0.146386E+02 -0.533764E-06  0.439159E+02
 -0.470383E-06  0.162391E+01 -0.168208E-05
  0.439160E+02 -0.945991E-06  0.131749E+03
17.9899
  0.142625E+02 -0.167737E-05  0.427877E+02
 -0.120141E-06  0.154038E+01 -0.418426E-06
  0.427878E+02 -0.507967E-05  0.128364E+03
18.1909
  0.138972E+02 -0.220595E-05  0.416917E+02
 -0.892731E-06  0.145358E+01 -0.271230E-05
  0.416918E+02 -0.643777E-05  0.125076E+03
18.3919
  0.135476E+02 -0.127353E-05  0.406428E+02
 -0.413806E-06  0.136292E+01 -0.147175E-05
  0.406429E+02 -0.470702E-05  0.121929E+03
18.5929
  0.132196E+02 -0.148593E-05  0.396587E+02
 -0.839755E-06  0.125990E+01 -0.221352E-05
  0.396589E+02 -0.454485E-05  0.118977E+03
18.7939
  0.128724E+02  0.625150E-06  0.386175E+02
 -0.721258E-06  0.114724E+01 -0.136814E-05
  0.386175E+02  0.204029E-05  0.115853E+03
18.9949
  0.125508E+02 -0.161026E-05  0.376524E+02
 -0.332085E-05  0.867547E+00 -0.100079E-04
  0.376526E+02 -0.490271E-05  0.112958E+03
19.1960
  0.122547E+02  0.129396E-06  0.367640E+02
 -0.820684E-06  0.149795E+01 -0.271265E-05
  0.367641E+02  0.125100E-05  0.110292E+03
19.3970
  0.119624E+02 -0.455126E-06  0.358872E+02
  0.174761E-06  0.122006E+01  0.677712E-06
  0.358873E+02 -0.157091E-05  0.107662E+03
19.5980
  0.116767E+02  0.119474E-05  0.350303E+02
  0.145250E-06  0.112112E+01  0.909116E-06
  0.350304E+02  0.379630E-05  0.105091E+03
19.7990
  0.114045E+02  0.101083E-05  0.342136E+02
 -0.392021E-06  0.104391E+01 -0.141303E-05
  0.342136E+02  0.316475E-05  0.102641E+03
20.0000
  0.111359E+02  0.718632E-06  0.334079E+02
 -0.327855E-07  0.976541E+00 -0.457512E-07
  0.334080E+02  0.241032E-05  0.100224E+03
