  3.6515459E-02  -1.570796       3.651960     -1.4026366E-12 -1.4711986E-07
  2.4229507E-12   10.95672     -3.5330976E-12  0.3303593      -1.570796    
   3.649847      4.8495443E-09 -1.4677120E-07  1.7666935E-10   10.95038    
  1.4507102E-08  0.9190788      -1.570796       3.657309      2.5249466E-07
 -4.6262794E-08  1.3551471E-10   10.97277      7.5783669E-07   1.806415    
  -1.570795       3.675580      2.6125479E-06  1.0862754E-07  4.4565240E-10
   11.02760      7.8383500E-06   2.985921      -1.570792       3.687903    
  1.5175426E-05  2.2689672E-07  2.7393980E-09   11.06457      4.5530112E-05
   4.462241      -1.570781       3.705843      6.1626168E-05  7.8800575E-08
 -3.1141099E-09   11.11839      1.8489042E-04   6.211479      -1.570756    
   3.713720      1.9740644E-04  7.4338317E-08  1.1190423E-08   11.14199    
  5.9226324E-04   8.227006      -1.570701       3.718690      5.3392182E-04
  1.1525115E-07  7.4214768E-09   11.15692      1.6018812E-03   10.57484    
  -1.570597       3.749225      1.2752720E-03  2.6717004E-08  8.0035534E-09
   11.24854      3.8261090E-03   13.11131      -1.570412       3.753442    
  2.7528056E-03  2.7196835E-08  4.4732587E-08   11.26118      8.2590543E-03
   16.00985      -1.570107       3.787549      5.5042561E-03 -1.1453395E-07
 -1.7578714E-08   11.36350      1.6514020E-02   19.08187      -1.569624    
   3.803810      1.0298559E-02 -2.0410741E-07 -4.5925844E-08   11.41228    
  3.0897966E-02   22.44164      -1.568897       3.830786      1.8265733E-02
 -1.0158045E-07 -5.4074917E-08   11.49323      5.4801293E-02   26.12374    
  -1.567846       3.872188      3.0975923E-02 -3.2438532E-08  6.5367203E-08
   11.61744      9.2934713E-02   29.90714      -1.566351       3.897082    
  5.0422076E-02 -2.8762861E-09  3.3760443E-09   11.69211      0.1512774    
   33.97869      -1.564311       3.933667      7.9349726E-02  2.2571894E-07
  2.2118911E-09   11.80189      0.2380665       38.40053      -1.561606    
   3.987146      0.1212937     -3.1875750E-08 -1.2875535E-07   11.96232    
  0.3639070       42.97429      -1.558059       4.037012      0.1804405    
  1.7847054E-07  7.3807314E-08   12.11193      0.5413596       47.59286    
  -1.553473       4.077469      0.2618349     -2.0201045E-07  2.3702160E-07
   12.23330      0.7855597       52.53397      -1.547748       4.133314    
  0.3720343     -2.2372984E-07 -1.2014061E-07   12.40084       1.116177    
   57.77108      -1.540717       4.201684      0.5186232     -3.1758350E-07
 -1.1804514E-07   12.60596       1.555974       63.14583      -1.532149    
   4.271780      0.7100961     -4.7027223E-07  1.4179386E-07   12.81626    
   2.130430       68.48299      -1.521772       4.334935      0.9557832    
 -2.2178065E-06 -2.0721927E-08   13.00575       2.867534       73.80553    
  -1.509424       4.395283       1.266052     -6.8519734E-07 -1.3737008E-07
   13.18680       3.798390       79.35094      -1.495151       4.467112    
   1.652854     -1.2094873E-07 -3.8347207E-07   13.40231       4.958869    
   84.97697      -1.478777       4.543838       2.128227     -1.1974858E-07
  1.2526289E-07   13.63251       6.385073       90.50143      -1.460078    
   4.617727       2.704180      4.7237029E-07  6.0093589E-07   13.85416    
   8.113023       95.77237      -1.438844       4.683661       3.392303    
  9.0996184E-07  1.0340009E-06   14.05194       10.17750       100.6307    
  -1.414863       4.736824       4.202597      6.1602776E-07  2.5471672E-07
   14.21144       12.60853       105.0445      -1.388255       4.778114    
   5.140610      9.1054312E-07  5.8161095E-07   14.33530       15.42269    
   109.0920      -1.359408       4.812665       6.209524      8.8615599E-07
  8.1886537E-07   14.43897       18.62960       112.5889      -1.328277    
   4.835394       7.409459      5.1204762E-07  7.5460412E-07   14.50716    
   22.22957       115.3656      -1.294826       4.841569       8.736248    
  4.8759426E-07  3.4179538E-07   14.52567       26.21005       117.2485    
  -1.259073       4.826603       10.17824      2.1314375E-07  3.1897798E-07
   14.48074       30.53624       118.1871      -1.221558       4.790961    
   11.71345     -8.4478359E-08  2.4470501E-07   14.37381       35.14202    
   118.1249      -1.182597       4.735274       13.31923      6.3799285E-07
  2.1480955E-06   14.20675       39.95953       116.9271      -1.142194    
   4.657209       14.96907     -4.8620354E-08 -5.9977174E-07   13.97252    
   44.90935       114.5656      -1.100636       4.557929       16.63368    
  3.1619160E-07  1.2367964E-06   13.67466       49.90332       111.0282    
  -1.058408       4.439377       18.27744     -3.7886508E-07 -1.5459955E-06
   13.31898       54.83458       106.2966      -1.015565       4.303395    
   19.86880      4.6499301E-07  2.0351727E-06   12.91101       59.60894    
   100.4139     -0.9721609       4.152861       21.38210      1.5181863E-07
  8.7521039E-07   12.45938       64.14895       93.43710     -0.9283214    
   3.991042       22.79148     -3.8016975E-07 -6.8265945E-07   11.97390    
   68.37705       85.44923     -0.8839989       3.821637       24.07732    
  7.0101926E-08  1.3366807E-06   11.46570       72.23470       76.53513    
 -0.8386345       3.647656       25.22612     -3.8250178E-07 -1.6754493E-06
   10.94370       75.68120       66.80326     -0.7913344       3.471975    
   26.23051      5.4560463E-08  1.8156134E-06   10.41663       78.69433    
   56.36551     -0.7402570       3.297544       27.08658      4.1650298E-07
  2.6598573E-06   9.893329       81.26241       45.34354     -0.6814051    
   3.126799       27.79507     -1.6570858E-07 -8.3469786E-07   9.381075    
   83.38792       33.88929     -0.6051350       2.961435       28.36172    
  2.5264539E-08  5.5413693E-07   8.884982       85.08775       22.20385    
 -0.4807701       2.803063       28.79519     -8.8847656E-08  4.9523078E-07
   8.409838       86.38818       10.90323     -0.1476883       2.652849    
   29.10262     -4.6521688E-08 -1.3215467E-06   7.959143       87.31050    
   6.768095       1.378778       2.511480       29.29604      2.1258778E-07
  2.3737084E-07   7.535066       87.89060       16.83805       2.111389    
   2.379127       29.38567      1.7436133E-07  1.0069925E-07   7.137984    
   88.15932       28.85623       2.288057       2.255909       29.38197    
 -2.3767325E-07 -2.0042062E-06   6.768326       88.14803       41.04437    
   2.372586       2.141901       29.29738     -1.9780842E-07 -5.0989911E-08
   6.426278       87.89433       53.12953       2.426899       2.037034    
   29.13937     -1.4869467E-07  4.7089998E-07   6.111681       87.42047    
   64.98830       2.467287       1.941059       28.91924      2.8134465E-08
  1.0919757E-07   5.823757       86.75965       76.52350       2.499959    
   1.853153       28.64689     -9.8900898E-08 -1.4481484E-06   5.560048    
   85.94239       87.65791       2.527490       1.773281       28.32631    
 -3.3658728E-07 -4.7491631E-07   5.320434       84.98071       98.31964    
   2.551406       1.700943       27.96612      4.7046935E-08 -5.1816460E-07
   5.103402       83.89993       108.4439       2.572602       1.635654    
   27.57255     -1.3098135E-07 -1.9054860E-06   4.907542       82.71925    
   117.9686       2.591701       1.576822       27.15323      8.7613451E-08
 -1.9152067E-06   4.731040       81.46129       126.8305       2.609191    
   1.523613       26.71333      2.4741607E-07 -1.9518193E-06   4.571416    
   80.14138       134.9861       2.624964       1.476600       26.25301    
 -3.6177571E-08 -2.5245827E-06   4.430381       78.76052       142.3756    
   2.639405       1.434700       25.77822     -1.8898413E-07 -5.6163408E-06
   4.304677       77.33582       148.9575       2.652810       1.397314    
   25.29516     -6.5789854E-06 -2.7882867E-05   4.192523       75.88666    
   154.6908       2.665086       1.364465       24.80424     -3.5270349E-07
  4.6598725E-06   4.093977       74.41383       159.5340       2.676336    
   1.335755       24.30591      4.6222388E-07  3.3545075E-06   4.007843    
   72.91857       163.4397       2.686599       1.310605       23.80179    
  3.1301084E-08  2.0302832E-06   3.932406       71.40633       166.4091    
   2.696044       1.289089       23.29759      1.1769465E-08  2.2292952E-06
   3.867853       69.89369       168.4156       2.704641       1.270870    
   22.79461     -5.4360538E-07 -8.3126361E-07   3.813207       68.38467    
   169.4617       2.712830       1.254784       22.30009      7.9391768E-08
  8.2951738E-07   3.764954       66.90104       169.5169       2.719941    
   1.241954       21.80558      1.4645352E-08  1.4691032E-06   3.726466    
   65.41741       168.5554       2.726019       1.231948       21.30682    
  1.1286257E-07  1.2962264E-06   3.696446       63.92112       166.5860    
   2.731048       1.224260       20.80734      8.8254676E-10  2.6219641E-07
   3.673384       62.42239       163.7024       2.735277       1.218816    
   20.31966     -4.3535007E-09  4.5695924E-07   3.657059       60.95966    
   159.8346       2.737755       1.216199       19.82274     -2.7493352E-08
 -7.2183320E-07   3.649213       59.46878       154.9947       2.737437    
   1.217429       19.30379      2.7739619E-08 -1.0032672E-06   3.652901    
   57.91180       149.2002       2.731936       1.224558       18.73289    
  8.8362704E-08  8.4552448E-07   3.674287       56.19910       142.3224    
   2.708992       1.249829       17.94962      1.0624266E-09  2.0125299E-07
   3.750106       53.84919       127.7539       2.438697       1.459107    
   13.07352     -1.6493591E-07 -1.4232937E-06   4.377923       39.22029    
   127.1069       2.859433       1.088307       18.58294     -6.2507148E-08
 -2.2866880E-07   3.265545       55.74949       118.2241       2.811547    
   1.145465       17.68446     -2.0443613E-07 -2.5100599E-07   3.437018    
   53.05387       108.9239       2.798074       1.163679       17.14228    
 -8.7612499E-08 -2.8360228E-07   3.491669       51.42725       99.10336    
   2.791091       1.173974       16.68541      8.2567993E-08  1.1452357E-08
   3.522553       50.05681       88.79493       2.784681       1.182199    
   16.24756     -1.2501821E-08 -1.9671279E-07   3.547229       48.74306    
   78.10954       2.777455       1.189489       15.82697      4.6604445E-09
 -4.3201726E-07   3.569106       47.48128       67.14090       2.767811    
   1.196129       15.40937      9.9094706E-08 -2.4426845E-07   3.589022    
   46.22850       56.09037       2.753895       1.203479       15.02020    
 -1.3873561E-08 -5.2622636E-07   3.611076       45.06088       44.99152    
   2.732342       1.210838       14.63860      5.2458876E-08 -4.7038338E-07
   3.633148       43.91601       33.98258       2.695703       1.218785    
   14.26252     -2.4849211E-08 -1.2014061E-07   3.656995       42.78780    
   23.22335       2.624472       1.226861       13.89717     -6.7785010E-08
 -8.9273090E-07   3.681229       41.69182       13.03040       2.440274    
   1.235096       13.54756     -1.5798928E-08 -4.1380554E-07   3.705929    
   40.64293       5.468924       1.583331       1.243819       13.21956    
  1.0709273E-07 -8.3975465E-07   3.732101       39.65891       9.747016    
  0.2784379       1.252358       12.87245     -2.2200375E-08 -7.2125840E-07
   3.757718       38.61755       18.26988      3.6751854E-03   1.260992    
   12.55077     -7.4427554E-08 -3.3208507E-06   3.783623       37.65258    
   26.65424     -8.8330001E-02   1.269986       12.25465     -2.0376969E-09
 -8.2068436E-07   3.810609       36.76412       34.43200     -0.1329939    
   1.278996       11.96239     -2.2489671E-07  1.7476123E-07   3.837634    
   35.88733       41.42709     -0.1591660       1.288375       11.67673    
  4.3529560E-08  1.4524994E-07   3.865770       35.03037       47.55708    
 -0.1757800       1.297163       11.40447      1.1533936E-07 -3.9202132E-07
   3.892143       34.21361       52.75181     -0.1872347       1.305644    
   11.13593      8.4843485E-08 -3.2785465E-08   3.917587       33.40796    
  6.1417505E-02  -3.141161      1.6239937E-07  6.7438099E-12   6.141912    
  2.6517481E-04 -5.6723366E-07 -1.8202811E-11  0.5591204      -3.137710    
 -8.3731130E-08 -1.1114875E-10   6.172090      7.2103422E-03  2.9857014E-07
 -1.6581132E-10   1.567037      -3.130940     -3.2789771E-07 -2.4819082E-09
   6.221166      3.3244241E-02 -1.8876148E-07 -1.9656856E-09   3.102576    
  -3.121095     -7.8490025E-08 -2.7345541E-09   6.283324      9.0455927E-02
 -1.6559076E-07 -7.5685689E-09   5.174204      -3.108399     -3.4253421E-08
 -4.0720902E-09   6.339589      0.1899502     -4.8418368E-08 -1.0213578E-08
   7.789282      -3.093130     -1.5907604E-08 -2.3211761E-09   6.389281    
  0.3414758      1.5549419E-07 -1.7463790E-09   10.94966      -3.075571    
  2.0055302E-07  1.6733360E-08   6.430198      0.5530779      9.4661021E-07
  6.1563810E-08   14.65121      -3.056019     -7.1205432E-07 -1.2073377E-07
   6.460313      0.8308124     -1.9385675E-06 -2.9131081E-07   18.88373    
  -3.034762     -4.0470809E-07 -1.0917699E-07   6.478179       1.178544    
 -4.8799427E-07 -2.4419580E-07   23.62675      -3.012072     -8.2517391E-07
 -2.5696340E-07   6.481115       1.597786     -2.8577410E-06 -8.2902147E-07
   28.84680      -2.988168     -5.6869749E-07 -2.6984253E-07   6.466852    
   2.087798     -1.6926309E-06 -7.9014990E-07   34.52115      -2.963368    
 -2.5588986E-07 -1.0779604E-07   6.437357       2.645354     -4.1990114E-07
 -2.0127845E-07   40.60908      -2.937887      3.4644867E-07  2.7164333E-07
   6.391744       3.265366      8.4786313E-07  8.2310726E-07   47.04757    
  -2.911847      3.0550575E-07  2.3842495E-07   6.327906       3.940822    
  1.0019902E-06  7.3914634E-07   53.80971      -2.885571      5.7270051E-07
  5.0223025E-07   6.249712       4.662908      6.6761800E-07  1.0471485E-06
   60.83312      -2.859166      5.3783890E-07  5.9236118E-07   6.156443    
   5.422201      1.2161915E-06  1.6538179E-06   68.05730      -2.832765    
  7.3159761E-08  6.0197635E-08   6.049913       6.208102     -2.3029175E-07
 -8.1222970E-07   75.42957      -2.806545      4.2194779E-07  7.4983109E-07
   5.931445       7.009342      1.4235277E-06  2.1489977E-06   82.89247    
  -2.780589      6.2118531E-08  2.4292240E-07   5.801776       7.815618    
 -1.5178964E-07  3.5401899E-07   90.42323      -2.755178     -4.6682663E-07
 -1.1388911E-06   5.666657       8.615224     -1.0251413E-06 -2.9706571E-06
   97.91161      -2.730086     -1.5137771E-06 -4.4894114E-06   5.522903    
   9.399459     -4.2956276E-06 -1.2950681E-05   105.3264      -2.705520    
 -5.2641610E-07 -9.1796392E-07   5.374095       10.15813     -1.4810773E-06
 -3.7241844E-06   112.6529      -2.681749     -5.4037537E-06 -1.6070582E-05
   5.224094       10.88137     -1.6310731E-05 -4.8355432E-05   119.8189    
  -2.658611     -3.9753277E-06 -1.6823265E-05   5.071322       11.56388    
 -1.2217217E-05 -5.1017618E-05   126.7808      -2.636107     -3.9704091E-06
 -2.1940621E-05   4.918615       12.19939     -1.1913307E-05 -6.5861153E-05
   133.5110      -2.614393     -3.2944484E-07 -1.9138097E-06   4.768909    
   12.78122     -6.1382502E-07 -4.8966613E-06   139.9516      -2.593369    
  1.9950935E-06  1.3345212E-05   4.621241       13.30616      6.3192533E-06
  4.0671090E-05   146.0707      -2.573040      2.1628127E-06  1.3962504E-05
   4.475973       13.77179      6.2855693E-06  4.3247128E-05   151.8644    
  -2.553557      1.3707389E-06  9.3296403E-06   4.335389       14.17552    
  4.3234127E-06  2.7419068E-05   157.3341      -2.535087      1.6137519E-06
  1.1337106E-05   4.202058       14.51442      5.0639828E-06  3.4208875E-05
   162.4176      -2.517313      1.4774330E-06  9.0009999E-06   4.074323    
   14.79099      3.9687880E-06  2.6162714E-05   167.0826      -2.500164    
  9.4672180E-07  7.7560544E-06   3.952160       15.00713      2.7983897E-06
  2.4218112E-05   171.3215      -2.483741      7.4222686E-07  5.1343814E-06
   3.836576       15.16280      2.1180410E-06  1.4273450E-05   175.1342    
  -2.468149      2.6210733E-07 -2.9825605E-07   3.728788       15.25907    
  8.3376415E-07  2.8274953E-06   178.5097      -2.453361     -1.8131285E-08
 -1.3022218E-06   3.628997       15.29781     -1.9823538E-07 -7.4803829E-06
   181.4200      -2.439239      8.5178829E-07  6.3625630E-06   3.535782    
   15.28254      3.0155863E-06  1.8559396E-05   183.8570      -2.425715    
  6.4742508E-08 -8.8009983E-07   3.449057       15.21776      4.4837358E-07
 -1.9147992E-06   185.8241      -2.412929      4.8979427E-07  3.6410056E-06
   3.369414       15.10468      1.3305007E-06  1.0550022E-05   187.3244    
  -2.400890     -2.9486006E-07 -7.5595453E-06   3.297616       14.94778    
 -8.3042221E-07 -2.1235086E-05   188.3554      -2.389619      6.1349988E-07
  1.4929101E-06   3.233654       14.74988      1.6436635E-06  7.6713040E-06
   188.9067      -2.378989     -1.7275518E-08  1.1627562E-05   3.175689    
   14.51407     -1.6932296E-07  3.4819357E-05   188.9828      -2.368987    
 -1.1343685E-07 -1.0849442E-05   3.123639       14.24661     -6.2479586E-07
 -3.1655654E-05   188.5871      -2.359592     -1.1273001E-07  5.5483542E-06
   3.077386       13.95019     -1.7443714E-08  1.7676502E-05   187.7261    
  -2.350857     -3.8303435E-07 -1.7844141E-06   3.036963       13.62669    
 -1.3642670E-06 -1.8402934E-06   186.4143      -2.342859      2.3521390E-07
  7.0524402E-06   3.002719       13.28242      5.4352216E-07  2.3650005E-05
   184.6593      -2.335610      4.7943666E-07  2.2491440E-06   2.974334    
   12.91964      1.2985931E-06  7.4133277E-06   182.4638      -2.328996    
  1.2375830E-07 -1.1222437E-07   2.950296       12.54015      1.5783667E-07
 -4.2673200E-06   179.8374      -2.322989      7.5403428E-08  1.7881393E-06
   2.930030       12.14946      2.9380999E-07  1.8011779E-06   176.7986    
  -2.317650     -4.7863093E-08 -2.1718442E-06   2.913817       11.74795    
 -5.6938926E-08 -4.7441572E-06   173.3603      -2.313027      2.8783541E-07
 -4.7301874E-06   2.901476       11.33839      6.8294213E-07 -1.0279939E-05
   169.5405      -2.309187      4.1168812E-07 -2.0028092E-06   2.892851    
   10.92489      1.2478179E-06 -5.4920092E-06   165.3515      -2.306188    
  1.7517107E-07 -1.8556602E-06   2.887629       10.51097      5.0311075E-07
 -5.2982941E-06   160.8208      -2.303990     -1.7951258E-07 -4.6784990E-06
   2.885604       10.09674     -6.6933308E-07 -1.1914410E-05   155.9575    
  -2.302664     -1.2280751E-07  8.3260238E-07   2.885730       9.681456    
 -3.7240639E-07  1.6465783E-06   150.7734      -2.302282     -1.0457087E-07
  3.2037497E-06   2.887654       9.266451     -1.0678131E-07  9.7071752E-06
   145.2950      -2.302952      4.3829658E-08 -2.7171336E-06   2.891472    
   8.852909      8.2483240E-08 -5.9511513E-06   139.5544      -2.304796    
 -1.0439540E-07 -2.0717271E-06   2.896927       8.442071     -8.0039200E-08
 -6.4121559E-06   133.5348      -2.308135     -3.6527416E-07 -1.0735821E-06
   2.903885       8.032060     -9.3022828E-07 -3.7224963E-06   127.2532    
  -2.313432      1.5405099E-07 -7.3458068E-07   2.911746       7.617130    
  3.0572588E-07 -7.2270632E-07   120.6844      -2.321241     -1.0878772E-07
 -1.6908161E-06   2.920104       7.190494     -4.5757812E-07 -6.1364844E-06
   113.7871      -2.332768     -2.6329985E-07 -7.0547685E-07   2.928319    
   6.733692     -8.8655008E-07 -2.3255125E-06   106.4696      -2.350504    
  1.8360321E-07  1.5492551E-06   2.935166       6.220289      8.0824589E-07
  5.0216913E-06   98.00327      -2.383710     -4.8632142E-08  7.9022720E-07
   2.934986       5.522167     -2.6213911E-07  2.4167821E-06   85.32628    
  -2.476635      1.0229952E-07 -1.2940727E-06   2.901120       4.103725    
  3.0850381E-07 -2.5928020E-06   117.8789      -1.074947     -1.1335647E-07
  2.1697488E-06   2.088739       18.08261     -3.6348780E-07  1.0997523E-05
   92.38641      -2.196239      8.9201585E-08  1.1431985E-06   3.041143    
   7.822803      3.1917332E-07  1.9394793E-06   81.69292      -2.275389    
  4.7002749E-07 -1.1362135E-07   3.044360       6.527712      1.2209845E-06
 -1.8649735E-06   73.64234      -2.315011      1.9103271E-07  4.1630119E-07
   3.052606       5.904225      4.8489221E-07  9.8953024E-07   66.46231    
  -2.346687      8.2792106E-08 -5.4307748E-07   3.064008       5.459699    
  1.6423139E-07 -2.6230700E-06   59.74855      -2.376965     -6.9040686E-07
  1.1955854E-07   3.076964       5.104930     -2.0405537E-06  3.8091093E-07
   53.25644      -2.411152      1.3210054E-07 -6.7451037E-07   3.089730    
   4.769951      2.4579901E-07 -2.3995526E-06   47.13548      -2.449345    
  6.0136664E-08 -1.7671846E-07   3.104034       4.482352      1.9544416E-07
  3.7951395E-07   41.28139      -2.495425      1.5657604E-07 -4.1013118E-07
   3.117695       4.208310      4.6346506E-07 -3.1911768E-06   35.75056    
  -2.551940      7.5142552E-08 -2.4237670E-07   3.131887       3.959648    
  4.5312473E-07 -3.4631230E-06   30.56451      -2.623197     -2.4006447E-08
 -9.5996074E-07   3.145532       3.725609      3.1345206E-08 -3.1976961E-06
   25.80669      -2.715162     -7.0083502E-08  5.0477684E-07   3.159874    
   3.509213     -9.1562683E-08  1.2293458E-07   21.54240      -2.836170    
 -1.7079852E-08 -9.9960016E-07   3.173058       3.306514     -2.5922613E-08
 -4.4263434E-06   17.90491      -2.997894      1.3834324E-07 -2.8738286E-06
   3.186995       3.117330      4.6106439E-07 -1.1886354E-05   15.05577    
   3.071327      1.0506218E-07  5.8998467E-07   3.200637       2.926821    
  5.0524284E-07  1.1805073E-06   13.19938       2.803335      2.8482043E-07
 -1.5109312E-05   3.214746       2.744741      1.7300204E-06 -2.5393441E-05
   12.45372       2.505804     -3.0816139E-07  2.1825545E-06   3.228949    
   2.574194     -7.6159722E-07  1.9851141E-06   12.70190       2.225240    
 -3.1074745E-07 -1.6782433E-06   3.242772       2.407240     -4.9983385E-07
  1.2889504E-06   13.65740       1.992369     -9.2442420E-08 -2.1443702E-07
   3.256577       2.263252     -2.0959605E-07 -2.1581072E-06   14.94300    
   1.813592      1.2829113E-07  8.2398765E-07   3.269864       2.125354    
  2.0686390E-07  3.0810479E-06   16.29932       1.678119     -1.8862396E-08
  5.4715201E-09   3.282636       2.005224     -1.4497725E-07  8.2887709E-07
   17.60232       1.574021      1.0112080E-07 -1.0109507E-06   3.294897    
   1.898863      2.8374518E-07 -3.4335535E-06   18.68743       1.491620    
  3.0960400E-08 -1.0708463E-06   3.305961       1.799474      3.5545540E-07
 -3.1893142E-06   19.56665       1.424528     -8.3347274E-08 -1.3063545E-06
   3.316849       1.713875     -1.8512202E-07 -4.1711610E-06   20.17743    
   1.367580     -1.6962751E-08 -5.3376425E-07   3.326858       1.623911    
  2.5967667E-08 -9.4599091E-07   20.52163       1.317116      8.5522700E-08
 -1.6773702E-06   3.336476       1.540379      2.3938074E-07 -5.0796662E-06
   20.54115       1.271153      6.6146704E-08 -2.2059539E-06   3.346019    
   1.453577      1.2410186E-07 -6.4377673E-06   20.25692       1.228030    
 -4.7700613E-08 -1.2735254E-06   3.355610       1.362920     -2.7951952E-08
 -4.7070207E-06   19.64162       1.185850      3.1927459E-07 -1.4859252E-06
   3.364841       1.259905      7.8982140E-07 -4.5448542E-06   18.49092    
   1.134254      1.5163650E-08  6.2515028E-07   3.373301       1.147243    
  2.0297486E-07  2.0402949E-06   15.06870       1.012312     -2.1406503E-07
 -1.6102567E-06   3.377183      0.8675466     -7.5976902E-07 -4.9027149E-06
   23.08010       1.188414     -1.2788975E-07  1.2939563E-07   3.401360    
   1.497948     -1.9134946E-07  1.2509990E-06   19.00980       1.097429    
 -1.5959792E-07 -4.5512570E-07   3.404599       1.220064     -5.1048289E-07
 -1.5709084E-06   17.16191       1.046906      8.7914508E-08  1.1947413E-06
   3.410578       1.121117      2.9463240E-07  3.7963036E-06   15.48444    
  0.9971608      1.6962224E-07  1.0108342E-06   3.416948       1.043911    
  5.5618784E-07  3.1647505E-06   13.86525      0.9429858      2.1560118E-07
  7.1863178E-07   3.422987      0.9765412      7.6666475E-07  2.4103210E-06
  0.1095547      -1.570796       10.95671     -4.2076039E-12 -4.6275090E-07
  6.6791017E-12   32.87273     -1.0598635E-11  0.9911542      -1.570796    
   10.95035      1.4549366E-08 -6.7294309E-08  6.1254468E-10   32.85362    
  4.3523471E-08   2.757444      -1.570796       10.97275      7.5754468E-07
  3.8355219E-07  9.0039975E-10   32.92079      2.2736911E-06   5.419650    
  -1.570795       11.02760      7.8382636E-06 -6.6236304E-08  4.3728505E-09
   33.08529      2.3516894E-05   8.958441      -1.570792       11.06456    
  4.5529861E-05  6.2634825E-07  3.9435690E-09   33.19620      1.3660101E-04
   13.38769      -1.570781       11.11838      1.8489298E-04  4.1170142E-07
 -8.5856300E-09   33.35773      5.5471441E-04   18.63581      -1.570756    
   11.14196      5.9226528E-04  4.7847493E-07 -4.5401976E-09   33.42849    
  1.7769256E-03   24.68280      -1.570701       11.15689      1.6018907E-03
  4.4493740E-07 -2.3283064E-09   33.47332      4.8060161E-03   31.72681    
  -1.570597       11.24854      3.8261069E-03  5.5996657E-07  3.4924597E-09
   33.74813      1.1479198E-02   39.33679      -1.570412       11.26117    
  8.2590524E-03 -1.2049540E-07  3.3178367E-08   33.78607      2.4779065E-02
   48.03302      -1.570107       11.36351      1.6514001E-02  2.9483115E-07
  3.2596290E-08   34.09304      4.9545795E-02   57.24970      -1.569624    
   11.41229      3.0897958E-02 -2.9497852E-07  5.3783879E-08   34.23946    
  9.2700720E-02   67.32965      -1.568897       11.49322      5.4801255E-02
 -1.8870237E-07 -1.1106022E-07   34.48232      0.1644161       78.37644    
  -1.567846       11.61743      9.2934556E-02 -3.6557711E-07  1.1315569E-07
   34.85493      0.2788241       89.72753      -1.566351       11.69212    
  0.1512772     -4.7938101E-08  2.0163134E-07   35.07896      0.4538649    
   101.9429      -1.564311       11.80188      0.2380663      5.4052958E-07
  2.4680048E-07   35.40828      0.7142510       115.2090      -1.561606    
   11.96230      0.3639065      4.6620038E-08  1.0430813E-07   35.88958    
   1.091797       128.9310      -1.558059       12.11193      0.5413588    
  7.0805675E-07 -2.0302832E-07   36.33844       1.624192       142.7876    
  -1.553473       12.23331      0.7855605     -1.0795599E-06  5.3551048E-08
   36.70266       2.356844       157.6116      -1.547748       12.40086    
   1.116180     -5.0805562E-07  4.3306500E-08   37.20523       3.348761    
   173.3237      -1.540717       12.60598       1.555972     -4.0370401E-07
 -2.4028122E-07   37.82065       4.668231       189.4486      -1.532149    
   12.81625       2.130428     -1.1814997E-06  2.5471672E-07   38.45155    
   6.391706       205.4608      -1.521771       13.00573       2.867532    
 -6.7483593E-06  7.3201954E-07   39.02002       8.603152       221.4288    
  -1.509423       13.18679       3.798390     -2.2131383E-06 -2.3189932E-07
   39.56312       11.39589       238.0656      -1.495150       13.40229    
   4.958875     -3.6464291E-07 -1.3844110E-06   40.20973       14.87754    
   254.9442      -1.478776       13.63249       6.385071     -2.8783268E-07
 -4.4889748E-07   40.90031       19.15637       271.5184      -1.460077    
   13.85413       8.113010      1.7233691E-06  1.1166558E-06   41.56527    
   24.34050       287.3314      -1.438843       14.05194       10.17750    
  2.7761375E-06  2.6496127E-06   42.15868       30.53426       301.9070    
  -1.414862       14.21142       12.60850      1.8170299E-06  1.3988465E-06
   42.63720       37.82773       315.1477      -1.388253       14.33529    
   15.42267      2.5825684E-06  2.8088689E-06   43.00874       46.27057    
   327.2908      -1.359406       14.43894       18.62957      2.2891477E-06
  1.5171245E-06   43.31972       55.89180       337.7813      -1.328275    
   14.50713       22.22955      1.7719408E-06  1.4873222E-06   43.52430    
   66.69228       346.1112      -1.294823       14.52566       26.21004    
  1.4756142E-06  1.5432015E-06   43.57983       78.63425       351.7589    
  -1.259070       14.48073       30.53621      5.6460271E-07  9.2480332E-07
   43.44498       91.61332       354.5741      -1.221554       14.37379    
   35.14204     -4.3515083E-08  1.7276034E-06   43.12418       105.4312    
   354.3870      -1.182592       14.20673       39.95948      2.1230751E-06
  5.1222742E-06   42.62296       119.8843       350.7927      -1.142189    
   13.97250       44.90924     -1.2846944E-07 -1.3774261E-06   41.92024    
   134.7341       343.7073      -1.100630       13.67465       49.90318    
  9.1879673E-07  4.2933971E-06   41.02660       149.7166       333.0941    
  -1.058399       13.31897       54.83462     -1.0335748E-06 -4.2798929E-06
   39.95950       164.5107       318.8978      -1.015555       12.91095    
   59.60885      1.3128662E-06  4.8577785E-06   38.73539       178.8343    
   301.2487     -0.9721493       12.45937       64.14886      4.2010399E-07
  2.5187619E-06   37.38051       192.4545       280.3172     -0.9283081    
   11.97390       68.37705     -9.1531030E-07 -5.5972487E-07   35.92405    
   205.1394       256.3524     -0.8839826       11.46567       72.23466    
  1.6353482E-07  3.3881515E-06   34.39931       216.7128       229.6086    
 -0.8386139       10.94369       75.68108     -1.2658455E-06 -2.3720786E-06
   32.83329       227.0518       200.4115     -0.7913088       10.41660    
   78.69429      1.8075755E-07  4.6873465E-06   31.25200       236.0912    
   169.0971     -0.7402235       9.893306       81.26244      1.3442150E-06
  8.3614141E-06   29.68201       243.7955       136.0301     -0.6813591    
   9.381059       83.38784     -3.4955244E-07 -1.2200326E-07   28.14523    
   250.1715       101.6663     -0.6050675       8.884945       85.08774    
 -1.9509296E-09  4.1676685E-07   26.65682       255.2713       66.60954    
 -0.4806544       8.409811       86.38825     -2.3081283E-07  5.0524250E-07
   25.23138       259.1725       32.70932     -0.1474172       7.959144    
   87.31030     -4.7551342E-08 -2.4451874E-06   23.87934       261.9391    
   20.31395       1.378864       7.535057       87.89062      6.6134345E-07
  9.5320866E-07   22.60701       263.6798       50.52369       2.111292    
   7.137959       88.15945      4.6748272E-07  9.5367432E-07   21.41572    
   264.4851       86.57835       2.287983       6.768308       88.14812    
 -6.4250327E-07 -6.5420754E-06   20.30676       264.4514       123.1433    
   2.372527       6.426267       87.89428     -4.7806589E-07 -1.3005920E-06
   19.28061       263.6893       159.3993       2.426849       6.111668    
   87.42035     -4.2168415E-07  1.9776635E-06   18.33681       262.2668    
   194.9760       2.467244       5.823746       86.75958      3.7234338E-07
 -1.2444798E-06   17.47301       260.2848       229.5821       2.499922    
   5.560036       85.94244     -4.5694512E-07 -5.6352001E-06   16.68184    
   257.8332       262.9858       2.527456       5.320416       84.98061    
 -1.1084737E-06 -3.6698766E-06   15.96300       254.9473       294.9710    
   2.551375       5.103387       83.90001      2.3919486E-07 -4.9709342E-07
   15.31192       251.7051       325.3442       2.572573       4.907536    
   82.71904     -6.2484798E-07 -6.2040053E-06   14.72432       248.1623    
   353.9182       2.591674       4.731032       81.46117      1.9391369E-07
 -5.2594114E-06   14.19483       244.3879       380.5042       2.609166    
   4.571408       80.14142      6.4159417E-07 -6.6912035E-06   13.71597    
   240.4286       404.9711       2.624938       4.430369       78.76053    
 -1.5568217E-07 -7.6283468E-06   13.29284       236.2848       427.1387    
   2.639381       4.304666       77.33588     -6.3685462E-07 -1.6926191E-05
   12.91574       232.0112       446.8845       2.652787       4.192514    
   75.88653     -1.9791840E-05 -8.4830448E-05   12.57929       227.6634    
   464.0848       2.665064       4.093969       74.41395     -1.0070371E-06
  1.4172867E-05   12.28368       223.2443       478.6138       2.676314    
   4.007835       72.91861      1.1869831E-06  1.0907417E-05   12.02528    
   218.7589       490.3308       2.686577       3.932396       71.40623    
 -2.5040868E-07  6.6231005E-06   11.79896       214.2215       499.2379    
   2.696023       3.867842       69.89357      7.9815919E-08  5.7750149E-06
   11.60532       209.6835       505.2569       2.704620       3.813191    
   68.38454     -1.8170847E-06 -1.9705622E-06   11.44137       205.1563    
   508.3954       2.712809       3.764941       66.90096      1.6719591E-07
  3.2600947E-06   11.29665       200.7049       508.5602       2.719919    
   3.726453       65.41731      6.5839281E-08  4.2261090E-06   11.18117    
   196.2545       505.6759       2.725999       3.696432       63.92097    
  4.6397633E-07  2.9710354E-06   11.09114       191.7647       499.7668    
   2.731028       3.673377       62.42223      2.2694060E-07  9.4994903E-07
   11.02196       187.2688       491.1144       2.735256       3.657043    
   60.95942     -1.0622541E-07  2.0404113E-06   10.97298       182.8801    
   479.5113       2.737734       3.649199       59.46858     -2.4056683E-07
 -3.2747630E-06   10.94945       178.4073       464.9897       2.737415    
   3.652890       57.91154     -1.3785017E-07 -2.8312206E-06   10.96052    
   173.7360       447.6057       2.731914       3.674273       56.19878    
  4.7828257E-09  2.3022876E-06   11.02469       168.5976       426.9700    
   2.708969       3.750077       53.84864      1.2654681E-07 -3.3527613E-08
   11.25210       161.5472       383.2485       2.438672       4.377792    
   39.21830     -3.6414119E-07 -4.0106243E-06   13.13521       117.6544    
   381.3313       2.859409       3.265556       55.74994     -2.9239069E-07
 -9.3790004E-07   9.798548       167.2517       354.6790       2.811522    
   3.437024       53.05399     -5.9579827E-07 -4.5413617E-07   10.31297    
   159.1638       326.7774       2.798048       3.491668       51.42721    
 -3.3921762E-07 -9.4197458E-07   10.47690       154.2833       297.3153    
   2.791064       3.522552       50.05672      2.2195697E-07 -4.5512570E-07
   10.56957       150.1715       266.3893       2.784651       3.547225    
   48.74302      6.5360396E-08 -2.5157351E-07   10.64360       146.2305    
   234.3329       2.777423       3.569100       47.48119      1.6474128E-07
 -1.1698576E-06   10.70921       142.4446       201.4267       2.767775    
   3.589017       46.22846      2.0311737E-07 -1.1934026E-06   10.76898    
   138.6865       168.2749       2.753855       3.611072       45.06084    
 -3.7236214E-07 -2.3907924E-06   10.83513       135.1835       134.9779    
   2.732294       3.633150       43.91594      3.1705684E-07 -1.6820850E-06
   10.90138       131.7486       101.9510       2.695646       3.656990    
   42.78771     -5.3839959E-09 -4.1842577E-07   10.97291       128.3639    
   69.67325       2.624396       3.681227       41.69174     -1.6792661E-07
 -2.7123024E-06   11.04561       125.0759       39.09501       2.440164    
   3.705923       40.64277     -1.1464351E-07 -1.4717516E-06   11.11971    
   121.9290       16.41211       1.583327       3.732104       39.65874    
  2.4443992E-07 -2.2135209E-06   11.19827       118.9771       29.24246    
  0.2785994       3.757721       38.61750      8.7612193E-08 -1.3681420E-06
   11.27511       115.8532       54.80985      3.7570174E-03   3.783621    
   37.65244     -9.8844502E-08 -1.0007931E-05   11.35282       112.9579    
   79.96251     -8.8278778E-02   3.810604       36.76395      2.6198961E-07
 -2.7126516E-06   11.43378       110.2924       103.2956     -0.1329582    
   3.837634       35.88725     -7.9587699E-07  6.7771180E-07   11.51487    
   107.6621       124.2809     -0.1591395       3.865774       35.03028    
  2.3456541E-07  9.0911635E-07   11.59929       105.0915       142.6709    
 -0.1757591       3.892141       34.21357      4.3990772E-07 -1.4130346E-06
   11.67840       102.6408       158.2551     -0.1872182       3.917588    
   33.40789      3.8109721E-07 -4.5751221E-08   11.75473       100.2240    
