           3
  1.0084425E-02  1.0003225E-02  9.8414999E-03  9.6005136E-03  9.2822490E-03
  8.8892607E-03  8.4246788E-03  7.8922492E-03  7.2963238E-03  6.6416115E-03
  5.9334608E-03  5.1775044E-03  4.3798722E-03  3.5469867E-03  2.6855282E-03
  1.8024633E-03  9.0486184E-04  0.0000000E+00 -9.0486184E-04 -1.8024631E-03
 -2.6855282E-03 -3.5469867E-03 -4.3798718E-03 -5.1775053E-03 -5.9334598E-03
 -6.6416133E-03 -7.2963228E-03 -7.8922492E-03 -8.4246788E-03 -8.8892598E-03
 -9.2822490E-03 -9.6005127E-03 -9.8415017E-03 -1.0003225E-02 -1.0084425E-02
  3.3614747E-03  3.3344124E-03  3.2805002E-03  3.2001620E-03  3.0940874E-03
  2.9630868E-03  2.8082265E-03  2.6307497E-03  2.4321117E-03  2.2138637E-03
  1.9778237E-03  1.7258376E-03  1.4599524E-03  1.1823364E-03  8.9517608E-04
  6.0081109E-04  3.0162558E-04  0.0000000E+00 -3.0162558E-04 -6.0081109E-04
 -8.9517608E-04 -1.1823364E-03 -1.4599524E-03 -1.7258376E-03 -1.9778237E-03
 -2.2138637E-03 -2.4321117E-03 -2.6307497E-03 -2.8082265E-03 -2.9630868E-03
 -3.0940874E-03 -3.2001620E-03 -3.2805002E-03 -3.3344128E-03 -3.3614747E-03
  1.0084425E-02  1.0003225E-02  9.8414999E-03  9.6005136E-03  9.2822490E-03
  8.8892607E-03  8.4246788E-03  7.8922492E-03  7.2963238E-03  6.6416115E-03
  5.9334608E-03  5.1775044E-03  4.3798722E-03  3.5469867E-03  2.6855282E-03
  1.8024633E-03  9.0486184E-04  0.0000000E+00 -9.0486184E-04 -1.8024631E-03
 -2.6855282E-03 -3.5469867E-03 -4.3798718E-03 -5.1775053E-03 -5.9334598E-03
 -6.6416133E-03 -7.2963228E-03 -7.8922492E-03 -8.4246788E-03 -8.8892598E-03
 -9.2822490E-03 -9.6005127E-03 -9.8415017E-03 -1.0003225E-02 -1.0084425E-02
  3.3614747E-03  3.3344124E-03  3.2805002E-03  3.2001620E-03  3.0940874E-03
  2.9630868E-03  2.8082265E-03  2.6307497E-03  2.4321117E-03  2.2138637E-03
  1.9778237E-03  1.7258376E-03  1.4599524E-03  1.1823364E-03  8.9517608E-04
  6.0081109E-04  3.0162558E-04  0.0000000E+00 -3.0162558E-04 -6.0081109E-04
 -8.9517608E-04 -1.1823364E-03 -1.4599524E-03 -1.7258376E-03 -1.9778237E-03
 -2.2138637E-03 -2.4321117E-03 -2.6307497E-03 -2.8082265E-03 -2.9630868E-03
 -3.0940874E-03 -3.2001620E-03 -3.2805002E-03 -3.3344128E-03 -3.3614747E-03
 -1.2101310E-02 -1.2101304E-02 -1.2101314E-02 -1.2101298E-02 -1.2101299E-02
 -1.2101321E-02 -1.2101312E-02 -1.2101295E-02 -1.2101313E-02 -1.2101306E-02
 -1.2101311E-02 -1.2101312E-02 -1.2101307E-02 -1.2101303E-02 -1.2101294E-02
 -1.2101309E-02 -1.2101324E-02 -1.2101293E-02 -1.2101324E-02 -1.2101308E-02
 -1.2101295E-02 -1.2101301E-02 -1.2101307E-02 -1.2101314E-02 -1.2101309E-02
 -1.2101307E-02 -1.2101312E-02 -1.2101296E-02 -1.2101310E-02 -1.2101321E-02
 -1.2101298E-02 -1.2101295E-02 -1.2101313E-02 -1.2101303E-02 -1.2101309E-02
 -4.0337699E-03 -4.0337727E-03 -4.0337713E-03 -4.0337555E-03 -4.0337723E-03
 -4.0337793E-03 -4.0337667E-03 -4.0337676E-03 -4.0337704E-03 -4.0337658E-03
 -4.0337676E-03 -4.0337727E-03 -4.0337662E-03 -4.0337713E-03 -4.0337667E-03
 -4.0337672E-03 -4.0337793E-03 -4.0337541E-03 -4.0337797E-03 -4.0337672E-03
 -4.0337667E-03 -4.0337713E-03 -4.0337662E-03 -4.0337727E-03 -4.0337676E-03
 -4.0337658E-03 -4.0337709E-03 -4.0337676E-03 -4.0337667E-03 -4.0337793E-03
 -4.0337723E-03 -4.0337555E-03 -4.0337713E-03 -4.0337732E-03 -4.0337699E-03
 -1.2101310E-02 -1.2101304E-02 -1.2101314E-02 -1.2101298E-02 -1.2101299E-02
 -1.2101321E-02 -1.2101312E-02 -1.2101295E-02 -1.2101313E-02 -1.2101306E-02
 -1.2101311E-02 -1.2101312E-02 -1.2101307E-02 -1.2101303E-02 -1.2101294E-02
 -1.2101309E-02 -1.2101324E-02 -1.2101293E-02 -1.2101324E-02 -1.2101308E-02
 -1.2101295E-02 -1.2101301E-02 -1.2101307E-02 -1.2101314E-02 -1.2101309E-02
 -1.2101307E-02 -1.2101312E-02 -1.2101296E-02 -1.2101310E-02 -1.2101321E-02
 -1.2101298E-02 -1.2101295E-02 -1.2101313E-02 -1.2101303E-02 -1.2101309E-02
 -4.0337699E-03 -4.0337727E-03 -4.0337713E-03 -4.0337555E-03 -4.0337723E-03
 -4.0337793E-03 -4.0337667E-03 -4.0337676E-03 -4.0337704E-03 -4.0337658E-03
 -4.0337676E-03 -4.0337727E-03 -4.0337662E-03 -4.0337713E-03 -4.0337667E-03
 -4.0337672E-03 -4.0337793E-03 -4.0337541E-03 -4.0337797E-03 -4.0337672E-03
 -4.0337667E-03 -4.0337713E-03 -4.0337662E-03 -4.0337727E-03 -4.0337676E-03
 -4.0337658E-03 -4.0337709E-03 -4.0337676E-03 -4.0337667E-03 -4.0337793E-03
 -4.0337723E-03 -4.0337555E-03 -4.0337713E-03 -4.0337732E-03 -4.0337699E-03
  3.4768693E-02  3.4488734E-02  3.3931147E-02  3.3100285E-02  3.2002982E-02
  3.0648051E-02  2.9046284E-02  2.7210599E-02  2.5155984E-02  2.2898698E-02
  2.0457152E-02  1.7850805E-02  1.5100759E-02  1.2229162E-02  9.2590619E-03
  6.2144613E-03  3.1197541E-03  2.8175517E-12 -3.1197541E-03 -6.2144604E-03
 -9.2590628E-03 -1.2229161E-02 -1.5100757E-02 -1.7850807E-02 -2.0457150E-02
 -2.2898704E-02 -2.5155980E-02 -2.7210599E-02 -2.9046280E-02 -3.0648049E-02
 -3.2002982E-02 -3.3100281E-02 -3.3931151E-02 -3.4488734E-02 -3.4768693E-02
  9.7690634E-03  9.6904151E-03  9.5337359E-03  9.3002589E-03  8.9919856E-03
  8.6112758E-03  8.1612207E-03  7.6454435E-03  7.0681614E-03  6.4338963E-03
  5.7479166E-03  5.0156005E-03  4.2428910E-03  3.4360846E-03  2.6015462E-03
  1.7460694E-03  8.7657914E-04  0.0000000E+00 -8.7657914E-04 -1.7460694E-03
 -2.6015462E-03 -3.4360846E-03 -4.2428910E-03 -5.0156005E-03 -5.7479166E-03
 -6.4338963E-03 -7.0681614E-03 -7.6454435E-03 -8.1612207E-03 -8.6112758E-03
 -8.9919856E-03 -9.3002589E-03 -9.5337359E-03 -9.6904160E-03 -9.7690634E-03
  3.4768693E-02  3.4488734E-02  3.3931147E-02  3.3100285E-02  3.2002982E-02
  3.0648051E-02  2.9046284E-02  2.7210599E-02  2.5155984E-02  2.2898698E-02
  2.0457152E-02  1.7850805E-02  1.5100759E-02  1.2229162E-02  9.2590619E-03
  6.2144613E-03  3.1197541E-03  2.8175517E-12 -3.1197541E-03 -6.2144604E-03
 -9.2590628E-03 -1.2229161E-02 -1.5100757E-02 -1.7850807E-02 -2.0457150E-02
 -2.2898704E-02 -2.5155980E-02 -2.7210599E-02 -2.9046280E-02 -3.0648049E-02
 -3.2002982E-02 -3.3100281E-02 -3.3931151E-02 -3.4488734E-02 -3.4768693E-02
  9.7690634E-03  9.6904151E-03  9.5337359E-03  9.3002589E-03  8.9919856E-03
  8.6112758E-03  8.1612207E-03  7.6454435E-03  7.0681614E-03  6.4338963E-03
  5.7479166E-03  5.0156005E-03  4.2428910E-03  3.4360846E-03  2.6015462E-03
  1.7460694E-03  8.7657914E-04  0.0000000E+00 -8.7657914E-04 -1.7460694E-03
 -2.6015462E-03 -3.4360846E-03 -4.2428910E-03 -5.0156005E-03 -5.7479166E-03
 -6.4338963E-03 -7.0681614E-03 -7.6454435E-03 -8.1612207E-03 -8.6112758E-03
 -8.9919856E-03 -9.3002589E-03 -9.5337359E-03 -9.6904160E-03 -9.7690634E-03
