  2   1
     1  0.1493961E+01  0.1344590E+00 -0.2500000E+00
     2  0.1792754E+01  0.1613508E+00  0.0000000E+00
     3  0.1500000E+01  0.0000000E+00 -0.2500000E+00
     4  0.1800000E+01  0.0000000E+00  0.0000000E+00
     5  0.1475894E+01  0.2678353E+00 -0.2500000E+00
     6  0.1771073E+01  0.3214024E+00  0.0000000E+00
     7  0.1493961E+01  0.1344590E+00 -0.2500000E+00
     8  0.1792754E+01  0.1613508E+00  0.0000000E+00
     9  0.1445944E+01  0.3990553E+00 -0.2500000E+00
    10  0.1735133E+01  0.4788663E+00  0.0000000E+00
    11  0.1475894E+01  0.2678353E+00 -0.2500000E+00
    12  0.1771073E+01  0.3214024E+00  0.0000000E+00
    13  0.1404352E+01  0.5270622E+00 -0.2500000E+00
    14  0.1685223E+01  0.6324747E+00  0.0000000E+00
    15  0.1445944E+01  0.3990553E+00 -0.2500000E+00
    16  0.1735133E+01  0.4788663E+00  0.0000000E+00
    17  0.1351453E+01  0.6508256E+00 -0.2500000E+00
    18  0.1621744E+01  0.7809907E+00  0.0000000E+00
    19  0.1404352E+01  0.5270622E+00 -0.2500000E+00
    20  0.1685223E+01  0.6324747E+00  0.0000000E+00
    21  0.1287673E+01  0.7693489E+00 -0.2500000E+00
    22  0.1545208E+01  0.9232187E+00  0.0000000E+00
    23  0.1351453E+01  0.6508256E+00 -0.2500000E+00
    24  0.1621744E+01  0.7809907E+00  0.0000000E+00
    25  0.1213525E+01  0.8816779E+00 -0.2500000E+00
    26  0.1456231E+01  0.1058013E+01  0.0000000E+00
    27  0.1287673E+01  0.7693489E+00 -0.2500000E+00
    28  0.1545208E+01  0.9232187E+00  0.0000000E+00
    29  0.1129607E+01  0.9869081E+00 -0.2500000E+00
    30  0.1355529E+01  0.1184290E+01  0.0000000E+00
    31  0.1213525E+01  0.8816779E+00 -0.2500000E+00
    32  0.1456231E+01  0.1058013E+01  0.0000000E+00
    33  0.1036594E+01  0.1084192E+01 -0.2500000E+00
    34  0.1243913E+01  0.1301031E+01  0.0000000E+00
    35  0.1129607E+01  0.9869081E+00 -0.2500000E+00
    36  0.1355529E+01  0.1184290E+01  0.0000000E+00
    37  0.9352347E+00  0.1172747E+01 -0.2500000E+00
    38  0.1122282E+01  0.1407297E+01  0.0000000E+00
    39  0.1036594E+01  0.1084192E+01 -0.2500000E+00
    40  0.1243913E+01  0.1301031E+01  0.0000000E+00
    41  0.8263455E+00  0.1251860E+01 -0.2500000E+00
    42  0.9916146E+00  0.1502232E+01  0.0000000E+00
    43  0.9352347E+00  0.1172747E+01 -0.2500000E+00
    44  0.1122282E+01  0.1407297E+01  0.0000000E+00
    45  0.7108030E+00  0.1320893E+01 -0.2500000E+00
    46  0.8529636E+00  0.1585072E+01  0.0000000E+00
    47  0.8263455E+00  0.1251860E+01 -0.2500000E+00
    48  0.9916146E+00  0.1502232E+01  0.0000000E+00
    49  0.5895375E+00  0.1379292E+01 -0.2500000E+00
    50  0.7074451E+00  0.1655150E+01  0.0000000E+00
    51  0.7108030E+00  0.1320893E+01 -0.2500000E+00
    52  0.8529636E+00  0.1585072E+01  0.0000000E+00
    53  0.4635255E+00  0.1426585E+01 -0.2500000E+00
    54  0.5562306E+00  0.1711902E+01  0.0000000E+00
    55  0.5895375E+00  0.1379292E+01 -0.2500000E+00
    56  0.7074451E+00  0.1655150E+01  0.0000000E+00
    57  0.3337814E+00  0.1462392E+01 -0.2500000E+00
    58  0.4005377E+00  0.1754870E+01  0.0000000E+00
    59  0.4635255E+00  0.1426585E+01 -0.2500000E+00
    60  0.5562306E+00  0.1711902E+01  0.0000000E+00
    61  0.2013499E+00  0.1486425E+01 -0.2500000E+00
    62  0.2416199E+00  0.1783710E+01  0.0000000E+00
    63  0.3337814E+00  0.1462392E+01 -0.2500000E+00
    64  0.4005377E+00  0.1754870E+01  0.0000000E+00
    65  0.6729730E-01  0.1498490E+01 -0.2500000E+00
    66  0.8075670E-01  0.1798188E+01  0.0000000E+00
    67  0.2013499E+00  0.1486425E+01 -0.2500000E+00
    68  0.2416199E+00  0.1783710E+01  0.0000000E+00
    69 -0.6729730E-01  0.1498490E+01 -0.2500000E+00
    70 -0.8075670E-01  0.1798188E+01  0.0000000E+00
    71  0.6729730E-01  0.1498490E+01 -0.2500000E+00
    72  0.8075670E-01  0.1798188E+01  0.0000000E+00
    73 -0.2013499E+00  0.1486425E+01 -0.2500000E+00
    74 -0.2416199E+00  0.1783710E+01  0.0000000E+00
    75 -0.6729730E-01  0.1498490E+01 -0.2500000E+00
    76 -0.8075670E-01  0.1798188E+01  0.0000000E+00
    77 -0.3337814E+00  0.1462392E+01 -0.2500000E+00
    78 -0.4005377E+00  0.1754870E+01  0.0000000E+00
    79 -0.2013499E+00  0.1486425E+01 -0.2500000E+00
    80 -0.2416199E+00  0.1783710E+01  0.0000000E+00
    81 -0.4635255E+00  0.1426585E+01 -0.2500000E+00
    82 -0.5562306E+00  0.1711902E+01  0.0000000E+00
    83 -0.3337814E+00  0.1462392E+01 -0.2500000E+00
    84 -0.4005377E+00  0.1754870E+01  0.0000000E+00
    85 -0.5895375E+00  0.1379292E+01 -0.2500000E+00
    86 -0.7074451E+00  0.1655150E+01  0.0000000E+00
    87 -0.4635255E+00  0.1426585E+01 -0.2500000E+00
    88 -0.5562306E+00  0.1711902E+01  0.0000000E+00
    89 -0.7108030E+00  0.1320893E+01 -0.2500000E+00
    90 -0.8529636E+00  0.1585072E+01  0.0000000E+00
    91 -0.5895375E+00  0.1379292E+01 -0.2500000E+00
    92 -0.7074451E+00  0.1655150E+01  0.0000000E+00
    93 -0.8263455E+00  0.1251860E+01 -0.2500000E+00
    94 -0.9916146E+00  0.1502232E+01  0.0000000E+00
    95 -0.7108030E+00  0.1320893E+01 -0.2500000E+00
    96 -0.8529636E+00  0.1585072E+01  0.0000000E+00
    97 -0.9352347E+00  0.1172747E+01 -0.2500000E+00
    98 -0.1122282E+01  0.1407297E+01  0.0000000E+00
    99 -0.8263455E+00  0.1251860E+01 -0.2500000E+00
   100 -0.9916146E+00  0.1502232E+01  0.0000000E+00
   101 -0.1036594E+01  0.1084192E+01 -0.2500000E+00
   102 -0.1243913E+01  0.1301031E+01  0.0000000E+00
   103 -0.9352347E+00  0.1172747E+01 -0.2500000E+00
   104 -0.1122282E+01  0.1407297E+01  0.0000000E+00
   105 -0.1129607E+01  0.9869081E+00 -0.2500000E+00
   106 -0.1355529E+01  0.1184290E+01  0.0000000E+00
   107 -0.1036594E+01  0.1084192E+01 -0.2500000E+00
   108 -0.1243913E+01  0.1301031E+01  0.0000000E+00
   109 -0.1213525E+01  0.8816779E+00 -0.2500000E+00
   110 -0.1456231E+01  0.1058013E+01  0.0000000E+00
   111 -0.1129607E+01  0.9869081E+00 -0.2500000E+00
   112 -0.1355529E+01  0.1184290E+01  0.0000000E+00
   113 -0.1287673E+01  0.7693489E+00 -0.2500000E+00
   114 -0.1545208E+01  0.9232187E+00  0.0000000E+00
   115 -0.1213525E+01  0.8816779E+00 -0.2500000E+00
   116 -0.1456231E+01  0.1058013E+01  0.0000000E+00
   117 -0.1351453E+01  0.6508256E+00 -0.2500000E+00
   118 -0.1621744E+01  0.7809907E+00  0.0000000E+00
   119 -0.1287673E+01  0.7693489E+00 -0.2500000E+00
   120 -0.1545208E+01  0.9232187E+00  0.0000000E+00
   121 -0.1404352E+01  0.5270622E+00 -0.2500000E+00
   122 -0.1685223E+01  0.6324747E+00  0.0000000E+00
   123 -0.1351453E+01  0.6508256E+00 -0.2500000E+00
   124 -0.1621744E+01  0.7809907E+00  0.0000000E+00
   125 -0.1445944E+01  0.3990553E+00 -0.2500000E+00
   126 -0.1735133E+01  0.4788663E+00  0.0000000E+00
   127 -0.1404352E+01  0.5270622E+00 -0.2500000E+00
   128 -0.1685223E+01  0.6324747E+00  0.0000000E+00
   129 -0.1475894E+01  0.2678353E+00 -0.2500000E+00
   130 -0.1771073E+01  0.3214024E+00  0.0000000E+00
   131 -0.1445944E+01  0.3990553E+00 -0.2500000E+00
   132 -0.1735133E+01  0.4788663E+00  0.0000000E+00
   133 -0.1493961E+01  0.1344590E+00 -0.2500000E+00
   134 -0.1792754E+01  0.1613508E+00  0.0000000E+00
   135 -0.1475894E+01  0.2678353E+00 -0.2500000E+00
   136 -0.1771073E+01  0.3214024E+00  0.0000000E+00
   137 -0.1500000E+01  0.0000000E+00 -0.2500000E+00
   138 -0.1800000E+01  0.0000000E+00  0.0000000E+00
   139 -0.1493961E+01  0.1344590E+00 -0.2500000E+00
   140 -0.1792754E+01  0.1613508E+00  0.0000000E+00
   141  0.1195169E+01  0.1075672E+00 -0.5000000E+00
   142  0.1493961E+01  0.1344590E+00 -0.2500000E+00
   143  0.1200000E+01  0.0000000E+00 -0.5000000E+00
   144  0.1500000E+01  0.0000000E+00 -0.2500000E+00
   145  0.1180716E+01  0.2142683E+00 -0.5000000E+00
   146  0.1475894E+01  0.2678353E+00 -0.2500000E+00
   147  0.1195169E+01  0.1075672E+00 -0.5000000E+00
   148  0.1493961E+01  0.1344590E+00 -0.2500000E+00
   149  0.1156755E+01  0.3192442E+00 -0.5000000E+00
   150  0.1445944E+01  0.3990553E+00 -0.2500000E+00
   151  0.1180716E+01  0.2142683E+00 -0.5000000E+00
   152  0.1475894E+01  0.2678353E+00 -0.2500000E+00
   153  0.1123482E+01  0.4216498E+00 -0.5000000E+00
   154  0.1404352E+01  0.5270622E+00 -0.2500000E+00
   155  0.1156755E+01  0.3192442E+00 -0.5000000E+00
   156  0.1445944E+01  0.3990553E+00 -0.2500000E+00
   157  0.1081163E+01  0.5206605E+00 -0.5000000E+00
   158  0.1351453E+01  0.6508256E+00 -0.2500000E+00
   159  0.1123482E+01  0.4216498E+00 -0.5000000E+00
   160  0.1404352E+01  0.5270622E+00 -0.2500000E+00
   161  0.1030139E+01  0.6154791E+00 -0.5000000E+00
   162  0.1287673E+01  0.7693489E+00 -0.2500000E+00
   163  0.1081163E+01  0.5206605E+00 -0.5000000E+00
   164  0.1351453E+01  0.6508256E+00 -0.2500000E+00
   165  0.9708204E+00  0.7053423E+00 -0.5000000E+00
   166  0.1213525E+01  0.8816779E+00 -0.2500000E+00
   167  0.1030139E+01  0.6154791E+00 -0.5000000E+00
   168  0.1287673E+01  0.7693489E+00 -0.2500000E+00
   169  0.9036858E+00  0.7895265E+00 -0.5000000E+00
   170  0.1129607E+01  0.9869081E+00 -0.2500000E+00
   171  0.9708204E+00  0.7053423E+00 -0.5000000E+00
   172  0.1213525E+01  0.8816779E+00 -0.2500000E+00
   173  0.8292752E+00  0.8673538E+00 -0.5000000E+00
   174  0.1036594E+01  0.1084192E+01 -0.2500000E+00
   175  0.9036858E+00  0.7895265E+00 -0.5000000E+00
   176  0.1129607E+01  0.9869081E+00 -0.2500000E+00
   177  0.7481878E+00  0.9381978E+00 -0.5000000E+00
   178  0.9352347E+00  0.1172747E+01 -0.2500000E+00
   179  0.8292752E+00  0.8673538E+00 -0.5000000E+00
   180  0.1036594E+01  0.1084192E+01 -0.2500000E+00
   181  0.6610764E+00  0.1001488E+01 -0.5000000E+00
   182  0.8263455E+00  0.1251860E+01 -0.2500000E+00
   183  0.7481878E+00  0.9381978E+00 -0.5000000E+00
   184  0.9352347E+00  0.1172747E+01 -0.2500000E+00
   185  0.5686424E+00  0.1056715E+01 -0.5000000E+00
   186  0.7108030E+00  0.1320893E+01 -0.2500000E+00
   187  0.6610764E+00  0.1001488E+01 -0.5000000E+00
   188  0.8263455E+00  0.1251860E+01 -0.2500000E+00
   189  0.4716300E+00  0.1103433E+01 -0.5000000E+00
   190  0.5895375E+00  0.1379292E+01 -0.2500000E+00
   191  0.5686424E+00  0.1056715E+01 -0.5000000E+00
   192  0.7108030E+00  0.1320893E+01 -0.2500000E+00
   193  0.3708204E+00  0.1141268E+01 -0.5000000E+00
   194  0.4635255E+00  0.1426585E+01 -0.2500000E+00
   195  0.4716300E+00  0.1103433E+01 -0.5000000E+00
   196  0.5895375E+00  0.1379292E+01 -0.2500000E+00
   197  0.2670251E+00  0.1169913E+01 -0.5000000E+00
   198  0.3337814E+00  0.1462392E+01 -0.2500000E+00
   199  0.3708204E+00  0.1141268E+01 -0.5000000E+00
   200  0.4635255E+00  0.1426585E+01 -0.2500000E+00
   201  0.1610799E+00  0.1189140E+01 -0.5000000E+00
   202  0.2013499E+00  0.1486425E+01 -0.2500000E+00
   203  0.2670251E+00  0.1169913E+01 -0.5000000E+00
   204  0.3337814E+00  0.1462392E+01 -0.2500000E+00
   205  0.5383780E-01  0.1198792E+01 -0.5000000E+00
   206  0.6729730E-01  0.1498490E+01 -0.2500000E+00
   207  0.1610799E+00  0.1189140E+01 -0.5000000E+00
   208  0.2013499E+00  0.1486425E+01 -0.2500000E+00
   209 -0.5383780E-01  0.1198792E+01 -0.5000000E+00
   210 -0.6729730E-01  0.1498490E+01 -0.2500000E+00
   211  0.5383780E-01  0.1198792E+01 -0.5000000E+00
   212  0.6729730E-01  0.1498490E+01 -0.2500000E+00
   213 -0.1610799E+00  0.1189140E+01 -0.5000000E+00
   214 -0.2013499E+00  0.1486425E+01 -0.2500000E+00
   215 -0.5383780E-01  0.1198792E+01 -0.5000000E+00
   216 -0.6729730E-01  0.1498490E+01 -0.2500000E+00
   217 -0.2670251E+00  0.1169913E+01 -0.5000000E+00
   218 -0.3337814E+00  0.1462392E+01 -0.2500000E+00
   219 -0.1610799E+00  0.1189140E+01 -0.5000000E+00
   220 -0.2013499E+00  0.1486425E+01 -0.2500000E+00
   221 -0.3708204E+00  0.1141268E+01 -0.5000000E+00
   222 -0.4635255E+00  0.1426585E+01 -0.2500000E+00
   223 -0.2670251E+00  0.1169913E+01 -0.5000000E+00
   224 -0.3337814E+00  0.1462392E+01 -0.2500000E+00
   225 -0.4716300E+00  0.1103433E+01 -0.5000000E+00
   226 -0.5895375E+00  0.1379292E+01 -0.2500000E+00
   227 -0.3708204E+00  0.1141268E+01 -0.5000000E+00
   228 -0.4635255E+00  0.1426585E+01 -0.2500000E+00
   229 -0.5686424E+00  0.1056715E+01 -0.5000000E+00
   230 -0.7108030E+00  0.1320893E+01 -0.2500000E+00
   231 -0.4716300E+00  0.1103433E+01 -0.5000000E+00
   232 -0.5895375E+00  0.1379292E+01 -0.2500000E+00
   233 -0.6610764E+00  0.1001488E+01 -0.5000000E+00
   234 -0.8263455E+00  0.1251860E+01 -0.2500000E+00
   235 -0.5686424E+00  0.1056715E+01 -0.5000000E+00
   236 -0.7108030E+00  0.1320893E+01 -0.2500000E+00
   237 -0.7481878E+00  0.9381978E+00 -0.5000000E+00
   238 -0.9352347E+00  0.1172747E+01 -0.2500000E+00
   239 -0.6610764E+00  0.1001488E+01 -0.5000000E+00
   240 -0.8263455E+00  0.1251860E+01 -0.2500000E+00
   241 -0.8292752E+00  0.8673538E+00 -0.5000000E+00
   242 -0.1036594E+01  0.1084192E+01 -0.2500000E+00
   243 -0.7481878E+00  0.9381978E+00 -0.5000000E+00
   244 -0.9352347E+00  0.1172747E+01 -0.2500000E+00
   245 -0.9036858E+00  0.7895265E+00 -0.5000000E+00
   246 -0.1129607E+01  0.9869081E+00 -0.2500000E+00
   247 -0.8292752E+00  0.8673538E+00 -0.5000000E+00
   248 -0.1036594E+01  0.1084192E+01 -0.2500000E+00
   249 -0.9708204E+00  0.7053423E+00 -0.5000000E+00
   250 -0.1213525E+01  0.8816779E+00 -0.2500000E+00
   251 -0.9036858E+00  0.7895265E+00 -0.5000000E+00
   252 -0.1129607E+01  0.9869081E+00 -0.2500000E+00
   253 -0.1030139E+01  0.6154791E+00 -0.5000000E+00
   254 -0.1287673E+01  0.7693489E+00 -0.2500000E+00
   255 -0.9708204E+00  0.7053423E+00 -0.5000000E+00
   256 -0.1213525E+01  0.8816779E+00 -0.2500000E+00
   257 -0.1081163E+01  0.5206605E+00 -0.5000000E+00
   258 -0.1351453E+01  0.6508256E+00 -0.2500000E+00
   259 -0.1030139E+01  0.6154791E+00 -0.5000000E+00
   260 -0.1287673E+01  0.7693489E+00 -0.2500000E+00
   261 -0.1123482E+01  0.4216498E+00 -0.5000000E+00
   262 -0.1404352E+01  0.5270622E+00 -0.2500000E+00
   263 -0.1081163E+01  0.5206605E+00 -0.5000000E+00
   264 -0.1351453E+01  0.6508256E+00 -0.2500000E+00
   265 -0.1156755E+01  0.3192442E+00 -0.5000000E+00
   266 -0.1445944E+01  0.3990553E+00 -0.2500000E+00
   267 -0.1123482E+01  0.4216498E+00 -0.5000000E+00
   268 -0.1404352E+01  0.5270622E+00 -0.2500000E+00
   269 -0.1180716E+01  0.2142683E+00 -0.5000000E+00
   270 -0.1475894E+01  0.2678353E+00 -0.2500000E+00
   271 -0.1156755E+01  0.3192442E+00 -0.5000000E+00
   272 -0.1445944E+01  0.3990553E+00 -0.2500000E+00
   273 -0.1195169E+01  0.1075672E+00 -0.5000000E+00
   274 -0.1493961E+01  0.1344590E+00 -0.2500000E+00
   275 -0.1180716E+01  0.2142683E+00 -0.5000000E+00
   276 -0.1475894E+01  0.2678353E+00 -0.2500000E+00
   277 -0.1200000E+01  0.0000000E+00 -0.5000000E+00
   278 -0.1500000E+01  0.0000000E+00 -0.2500000E+00
   279 -0.1195169E+01  0.1075672E+00 -0.5000000E+00
   280 -0.1493961E+01  0.1344590E+00 -0.2500000E+00
   281  0.8963769E+00  0.8067540E-01 -0.7500000E+00
   282  0.1195169E+01  0.1075672E+00 -0.5000000E+00
   283  0.9000000E+00  0.0000000E+00 -0.7500000E+00
   284  0.1200000E+01  0.0000000E+00 -0.5000000E+00
   285  0.8855366E+00  0.1607012E+00 -0.7500000E+00
   286  0.1180716E+01  0.2142683E+00 -0.5000000E+00
   287  0.8963769E+00  0.8067540E-01 -0.7500000E+00
   288  0.1195169E+01  0.1075672E+00 -0.5000000E+00
   289  0.8675666E+00  0.2394332E+00 -0.7500000E+00
   290  0.1156755E+01  0.3192442E+00 -0.5000000E+00
   291  0.8855366E+00  0.1607012E+00 -0.7500000E+00
   292  0.1180716E+01  0.2142683E+00 -0.5000000E+00
   293  0.8426114E+00  0.3162373E+00 -0.7500000E+00
   294  0.1123482E+01  0.4216498E+00 -0.5000000E+00
   295  0.8675666E+00  0.2394332E+00 -0.7500000E+00
   296  0.1156755E+01  0.3192442E+00 -0.5000000E+00
   297  0.8108720E+00  0.3904954E+00 -0.7500000E+00
   298  0.1081163E+01  0.5206605E+00 -0.5000000E+00
   299  0.8426114E+00  0.3162373E+00 -0.7500000E+00
   300  0.1123482E+01  0.4216498E+00 -0.5000000E+00
   301  0.7726039E+00  0.4616093E+00 -0.7500000E+00
   302  0.1030139E+01  0.6154791E+00 -0.5000000E+00
   303  0.8108720E+00  0.3904954E+00 -0.7500000E+00
   304  0.1081163E+01  0.5206605E+00 -0.5000000E+00
   305  0.7281153E+00  0.5290067E+00 -0.7500000E+00
   306  0.9708204E+00  0.7053423E+00 -0.5000000E+00
   307  0.7726039E+00  0.4616093E+00 -0.7500000E+00
   308  0.1030139E+01  0.6154791E+00 -0.5000000E+00
   309  0.6777643E+00  0.5921449E+00 -0.7500000E+00
   310  0.9036858E+00  0.7895265E+00 -0.5000000E+00
   311  0.7281153E+00  0.5290067E+00 -0.7500000E+00
   312  0.9708204E+00  0.7053423E+00 -0.5000000E+00
   313  0.6219564E+00  0.6505154E+00 -0.7500000E+00
   314  0.8292752E+00  0.8673538E+00 -0.5000000E+00
   315  0.6777643E+00  0.5921449E+00 -0.7500000E+00
   316  0.9036858E+00  0.7895265E+00 -0.5000000E+00
   317  0.5611408E+00  0.7036483E+00 -0.7500000E+00
   318  0.7481878E+00  0.9381978E+00 -0.5000000E+00
   319  0.6219564E+00  0.6505154E+00 -0.7500000E+00
   320  0.8292752E+00  0.8673538E+00 -0.5000000E+00
   321  0.4958073E+00  0.7511159E+00 -0.7500000E+00
   322  0.6610764E+00  0.1001488E+01 -0.5000000E+00
   323  0.5611408E+00  0.7036483E+00 -0.7500000E+00
   324  0.7481878E+00  0.9381978E+00 -0.5000000E+00
   325  0.4264818E+00  0.7925360E+00 -0.7500000E+00
   326  0.5686424E+00  0.1056715E+01 -0.5000000E+00
   327  0.4958073E+00  0.7511159E+00 -0.7500000E+00
   328  0.6610764E+00  0.1001488E+01 -0.5000000E+00
   329  0.3537225E+00  0.8275750E+00 -0.7500000E+00
   330  0.4716300E+00  0.1103433E+01 -0.5000000E+00
   331  0.4264818E+00  0.7925360E+00 -0.7500000E+00
   332  0.5686424E+00  0.1056715E+01 -0.5000000E+00
   333  0.2781153E+00  0.8559509E+00 -0.7500000E+00
   334  0.3708204E+00  0.1141268E+01 -0.5000000E+00
   335  0.3537225E+00  0.8275750E+00 -0.7500000E+00
   336  0.4716300E+00  0.1103433E+01 -0.5000000E+00
   337  0.2002688E+00  0.8774351E+00 -0.7500000E+00
   338  0.2670251E+00  0.1169913E+01 -0.5000000E+00
   339  0.2781153E+00  0.8559509E+00 -0.7500000E+00
   340  0.3708204E+00  0.1141268E+01 -0.5000000E+00
   341  0.1208099E+00  0.8918548E+00 -0.7500000E+00
   342  0.1610799E+00  0.1189140E+01 -0.5000000E+00
   343  0.2002688E+00  0.8774351E+00 -0.7500000E+00
   344  0.2670251E+00  0.1169913E+01 -0.5000000E+00
   345  0.4037840E-01  0.8990938E+00 -0.7500000E+00
   346  0.5383780E-01  0.1198792E+01 -0.5000000E+00
   347  0.1208099E+00  0.8918548E+00 -0.7500000E+00
   348  0.1610799E+00  0.1189140E+01 -0.5000000E+00
   349 -0.4037840E-01  0.8990938E+00 -0.7500000E+00
   350 -0.5383780E-01  0.1198792E+01 -0.5000000E+00
   351  0.4037840E-01  0.8990938E+00 -0.7500000E+00
   352  0.5383780E-01  0.1198792E+01 -0.5000000E+00
   353 -0.1208099E+00  0.8918548E+00 -0.7500000E+00
   354 -0.1610799E+00  0.1189140E+01 -0.5000000E+00
   355 -0.4037830E-01  0.8990938E+00 -0.7500000E+00
   356 -0.5383780E-01  0.1198792E+01 -0.5000000E+00
   357 -0.2002688E+00  0.8774351E+00 -0.7500000E+00
   358 -0.2670251E+00  0.1169913E+01 -0.5000000E+00
   359 -0.1208099E+00  0.8918548E+00 -0.7500000E+00
   360 -0.1610799E+00  0.1189140E+01 -0.5000000E+00
   361 -0.2781153E+00  0.8559509E+00 -0.7500000E+00
   362 -0.3708204E+00  0.1141268E+01 -0.5000000E+00
   363 -0.2002688E+00  0.8774351E+00 -0.7500000E+00
   364 -0.2670251E+00  0.1169913E+01 -0.5000000E+00
   365 -0.3537225E+00  0.8275750E+00 -0.7500000E+00
   366 -0.4716300E+00  0.1103433E+01 -0.5000000E+00
   367 -0.2781153E+00  0.8559509E+00 -0.7500000E+00
   368 -0.3708204E+00  0.1141268E+01 -0.5000000E+00
   369 -0.4264818E+00  0.7925360E+00 -0.7500000E+00
   370 -0.5686424E+00  0.1056715E+01 -0.5000000E+00
   371 -0.3537225E+00  0.8275750E+00 -0.7500000E+00
   372 -0.4716300E+00  0.1103433E+01 -0.5000000E+00
   373 -0.4958073E+00  0.7511159E+00 -0.7500000E+00
   374 -0.6610764E+00  0.1001488E+01 -0.5000000E+00
   375 -0.4264818E+00  0.7925360E+00 -0.7500000E+00
   376 -0.5686424E+00  0.1056715E+01 -0.5000000E+00
   377 -0.5611408E+00  0.7036483E+00 -0.7500000E+00
   378 -0.7481878E+00  0.9381978E+00 -0.5000000E+00
   379 -0.4958073E+00  0.7511159E+00 -0.7500000E+00
   380 -0.6610764E+00  0.1001488E+01 -0.5000000E+00
   381 -0.6219564E+00  0.6505154E+00 -0.7500000E+00
   382 -0.8292752E+00  0.8673538E+00 -0.5000000E+00
   383 -0.5611408E+00  0.7036483E+00 -0.7500000E+00
   384 -0.7481878E+00  0.9381978E+00 -0.5000000E+00
   385 -0.6777643E+00  0.5921449E+00 -0.7500000E+00
   386 -0.9036858E+00  0.7895265E+00 -0.5000000E+00
   387 -0.6219564E+00  0.6505154E+00 -0.7500000E+00
   388 -0.8292752E+00  0.8673538E+00 -0.5000000E+00
   389 -0.7281153E+00  0.5290067E+00 -0.7500000E+00
   390 -0.9708204E+00  0.7053423E+00 -0.5000000E+00
   391 -0.6777643E+00  0.5921449E+00 -0.7500000E+00
   392 -0.9036858E+00  0.7895265E+00 -0.5000000E+00
   393 -0.7726039E+00  0.4616093E+00 -0.7500000E+00
   394 -0.1030139E+01  0.6154791E+00 -0.5000000E+00
   395 -0.7281153E+00  0.5290067E+00 -0.7500000E+00
   396 -0.9708204E+00  0.7053423E+00 -0.5000000E+00
   397 -0.8108720E+00  0.3904954E+00 -0.7500000E+00
   398 -0.1081163E+01  0.5206605E+00 -0.5000000E+00
   399 -0.7726039E+00  0.4616093E+00 -0.7500000E+00
   400 -0.1030139E+01  0.6154791E+00 -0.5000000E+00
   401 -0.8426114E+00  0.3162373E+00 -0.7500000E+00
   402 -0.1123482E+01  0.4216498E+00 -0.5000000E+00
   403 -0.8108720E+00  0.3904954E+00 -0.7500000E+00
   404 -0.1081163E+01  0.5206605E+00 -0.5000000E+00
   405 -0.8675666E+00  0.2394332E+00 -0.7500000E+00
   406 -0.1156755E+01  0.3192442E+00 -0.5000000E+00
   407 -0.8426114E+00  0.3162373E+00 -0.7500000E+00
   408 -0.1123482E+01  0.4216498E+00 -0.5000000E+00
   409 -0.8855366E+00  0.1607012E+00 -0.7500000E+00
   410 -0.1180716E+01  0.2142683E+00 -0.5000000E+00
   411 -0.8675666E+00  0.2394332E+00 -0.7500000E+00
   412 -0.1156755E+01  0.3192442E+00 -0.5000000E+00
   413 -0.8963769E+00  0.8067540E-01 -0.7500000E+00
   414 -0.1195169E+01  0.1075672E+00 -0.5000000E+00
   415 -0.8855366E+00  0.1607012E+00 -0.7500000E+00
   416 -0.1180716E+01  0.2142683E+00 -0.5000000E+00
   417 -0.9000000E+00  0.0000000E+00 -0.7500000E+00
   418 -0.1200000E+01  0.0000000E+00 -0.5000000E+00
   419 -0.8963769E+00  0.8067540E-01 -0.7500000E+00
   420 -0.1195169E+01  0.1075672E+00 -0.5000000E+00
   421  0.5975846E+00  0.5378360E-01 -0.1000000E+01
   422  0.8963769E+00  0.8067540E-01 -0.7500000E+00
   423  0.6000000E+00  0.0000000E+00 -0.1000000E+01
   424  0.9000000E+00  0.0000000E+00 -0.7500000E+00
   425  0.5903578E+00  0.1071341E+00 -0.1000000E+01
   426  0.8855366E+00  0.1607012E+00 -0.7500000E+00
   427  0.5975846E+00  0.5378360E-01 -0.1000000E+01
   428  0.8963769E+00  0.8067540E-01 -0.7500000E+00
   429  0.5783777E+00  0.1596221E+00 -0.1000000E+01
   430  0.8675666E+00  0.2394332E+00 -0.7500000E+00
   431  0.5903578E+00  0.1071341E+00 -0.1000000E+01
   432  0.8855366E+00  0.1607012E+00 -0.7500000E+00
   433  0.5617409E+00  0.2108249E+00 -0.1000000E+01
   434  0.8426114E+00  0.3162373E+00 -0.7500000E+00
   435  0.5783777E+00  0.1596221E+00 -0.1000000E+01
   436  0.8675666E+00  0.2394332E+00 -0.7500000E+00
   437  0.5405813E+00  0.2603302E+00 -0.1000000E+01
   438  0.8108720E+00  0.3904954E+00 -0.7500000E+00
   439  0.5617409E+00  0.2108249E+00 -0.1000000E+01
   440  0.8426114E+00  0.3162373E+00 -0.7500000E+00
   441  0.5150693E+00  0.3077396E+00 -0.1000000E+01
   442  0.7726039E+00  0.4616093E+00 -0.7500000E+00
   443  0.5405813E+00  0.2603302E+00 -0.1000000E+01
   444  0.8108720E+00  0.3904954E+00 -0.7500000E+00
   445  0.4854102E+00  0.3526712E+00 -0.1000000E+01
   446  0.7281153E+00  0.5290067E+00 -0.7500000E+00
   447  0.5150693E+00  0.3077396E+00 -0.1000000E+01
   448  0.7726039E+00  0.4616093E+00 -0.7500000E+00
   449  0.4518429E+00  0.3947632E+00 -0.1000000E+01
   450  0.6777643E+00  0.5921449E+00 -0.7500000E+00
   451  0.4854102E+00  0.3526712E+00 -0.1000000E+01
   452  0.7281153E+00  0.5290067E+00 -0.7500000E+00
   453  0.4146376E+00  0.4336769E+00 -0.1000000E+01
   454  0.6219564E+00  0.6505154E+00 -0.7500000E+00
   455  0.4518429E+00  0.3947632E+00 -0.1000000E+01
   456  0.6777643E+00  0.5921449E+00 -0.7500000E+00
   457  0.3740939E+00  0.4690989E+00 -0.1000000E+01
   458  0.5611408E+00  0.7036483E+00 -0.7500000E+00
   459  0.4146376E+00  0.4336769E+00 -0.1000000E+01
   460  0.6219564E+00  0.6505154E+00 -0.7500000E+00
   461  0.3305382E+00  0.5007440E+00 -0.1000000E+01
   462  0.4958073E+00  0.7511159E+00 -0.7500000E+00
   463  0.3740939E+00  0.4690989E+00 -0.1000000E+01
   464  0.5611408E+00  0.7036483E+00 -0.7500000E+00
   465  0.2843212E+00  0.5283573E+00 -0.1000000E+01
   466  0.4264818E+00  0.7925360E+00 -0.7500000E+00
   467  0.3305382E+00  0.5007440E+00 -0.1000000E+01
   468  0.4958073E+00  0.7511159E+00 -0.7500000E+00
   469  0.2358150E+00  0.5517167E+00 -0.1000000E+01
   470  0.3537225E+00  0.8275750E+00 -0.7500000E+00
   471  0.2843212E+00  0.5283573E+00 -0.1000000E+01
   472  0.4264818E+00  0.7925360E+00 -0.7500000E+00
   473  0.1854102E+00  0.5706339E+00 -0.1000000E+01
   474  0.2781153E+00  0.8559509E+00 -0.7500000E+00
   475  0.2358150E+00  0.5517167E+00 -0.1000000E+01
   476  0.3537225E+00  0.8275750E+00 -0.7500000E+00
   477  0.1335126E+00  0.5849567E+00 -0.1000000E+01
   478  0.2002688E+00  0.8774351E+00 -0.7500000E+00
   479  0.1854102E+00  0.5706339E+00 -0.1000000E+01
   480  0.2781153E+00  0.8559509E+00 -0.7500000E+00
   481  0.8054000E-01  0.5945699E+00 -0.1000000E+01
   482  0.1208099E+00  0.8918548E+00 -0.7500000E+00
   483  0.1335126E+00  0.5849567E+00 -0.1000000E+01
   484  0.2002688E+00  0.8774351E+00 -0.7500000E+00
   485  0.2691890E-01  0.5993958E+00 -0.1000000E+01
   486  0.4037840E-01  0.8990938E+00 -0.7500000E+00
   487  0.8054000E-01  0.5945699E+00 -0.1000000E+01
   488  0.1208099E+00  0.8918548E+00 -0.7500000E+00
   489 -0.2691890E-01  0.5993958E+00 -0.1000000E+01
   490 -0.4037840E-01  0.8990938E+00 -0.7500000E+00
   491  0.2691890E-01  0.5993958E+00 -0.1000000E+01
   492  0.4037840E-01  0.8990938E+00 -0.7500000E+00
   493 -0.8054000E-01  0.5945699E+00 -0.1000000E+01
   494 -0.1208099E+00  0.8918548E+00 -0.7500000E+00
   495 -0.2691890E-01  0.5993958E+00 -0.1000000E+01
   496 -0.4037830E-01  0.8990938E+00 -0.7500000E+00
   497 -0.1335126E+00  0.5849567E+00 -0.1000000E+01
   498 -0.2002688E+00  0.8774351E+00 -0.7500000E+00
   499 -0.8054000E-01  0.5945699E+00 -0.1000000E+01
   500 -0.1208099E+00  0.8918548E+00 -0.7500000E+00
   501 -0.1854102E+00  0.5706339E+00 -0.1000000E+01
   502 -0.2781153E+00  0.8559509E+00 -0.7500000E+00
   503 -0.1335126E+00  0.5849567E+00 -0.1000000E+01
   504 -0.2002688E+00  0.8774351E+00 -0.7500000E+00
   505 -0.2358150E+00  0.5517167E+00 -0.1000000E+01
   506 -0.3537225E+00  0.8275750E+00 -0.7500000E+00
   507 -0.1854102E+00  0.5706339E+00 -0.1000000E+01
   508 -0.2781153E+00  0.8559509E+00 -0.7500000E+00
   509 -0.2843212E+00  0.5283573E+00 -0.1000000E+01
   510 -0.4264818E+00  0.7925360E+00 -0.7500000E+00
   511 -0.2358150E+00  0.5517167E+00 -0.1000000E+01
   512 -0.3537225E+00  0.8275750E+00 -0.7500000E+00
   513 -0.3305382E+00  0.5007440E+00 -0.1000000E+01
   514 -0.4958073E+00  0.7511159E+00 -0.7500000E+00
   515 -0.2843212E+00  0.5283573E+00 -0.1000000E+01
   516 -0.4264818E+00  0.7925360E+00 -0.7500000E+00
   517 -0.3740939E+00  0.4690989E+00 -0.1000000E+01
   518 -0.5611408E+00  0.7036483E+00 -0.7500000E+00
   519 -0.3305382E+00  0.5007440E+00 -0.1000000E+01
   520 -0.4958073E+00  0.7511159E+00 -0.7500000E+00
   521 -0.4146376E+00  0.4336769E+00 -0.1000000E+01
   522 -0.6219564E+00  0.6505154E+00 -0.7500000E+00
   523 -0.3740939E+00  0.4690989E+00 -0.1000000E+01
   524 -0.5611408E+00  0.7036483E+00 -0.7500000E+00
   525 -0.4518429E+00  0.3947632E+00 -0.1000000E+01
   526 -0.6777643E+00  0.5921449E+00 -0.7500000E+00
   527 -0.4146376E+00  0.4336769E+00 -0.1000000E+01
   528 -0.6219564E+00  0.6505154E+00 -0.7500000E+00
   529 -0.4854102E+00  0.3526712E+00 -0.1000000E+01
   530 -0.7281153E+00  0.5290067E+00 -0.7500000E+00
   531 -0.4518429E+00  0.3947632E+00 -0.1000000E+01
   532 -0.6777643E+00  0.5921449E+00 -0.7500000E+00
   533 -0.5150693E+00  0.3077396E+00 -0.1000000E+01
   534 -0.7726039E+00  0.4616093E+00 -0.7500000E+00
   535 -0.4854102E+00  0.3526712E+00 -0.1000000E+01
   536 -0.7281153E+00  0.5290067E+00 -0.7500000E+00
   537 -0.5405813E+00  0.2603302E+00 -0.1000000E+01
   538 -0.8108720E+00  0.3904954E+00 -0.7500000E+00
   539 -0.5150693E+00  0.3077396E+00 -0.1000000E+01
   540 -0.7726039E+00  0.4616093E+00 -0.7500000E+00
   541 -0.5617409E+00  0.2108249E+00 -0.1000000E+01
   542 -0.8426114E+00  0.3162373E+00 -0.7500000E+00
   543 -0.5405813E+00  0.2603302E+00 -0.1000000E+01
   544 -0.8108720E+00  0.3904954E+00 -0.7500000E+00
   545 -0.5783777E+00  0.1596221E+00 -0.1000000E+01
   546 -0.8675666E+00  0.2394332E+00 -0.7500000E+00
   547 -0.5617409E+00  0.2108249E+00 -0.1000000E+01
   548 -0.8426114E+00  0.3162373E+00 -0.7500000E+00
   549 -0.5903578E+00  0.1071341E+00 -0.1000000E+01
   550 -0.8855366E+00  0.1607012E+00 -0.7500000E+00
   551 -0.5783777E+00  0.1596221E+00 -0.1000000E+01
   552 -0.8675666E+00  0.2394332E+00 -0.7500000E+00
   553 -0.5975846E+00  0.5378360E-01 -0.1000000E+01
   554 -0.8963769E+00  0.8067540E-01 -0.7500000E+00
   555 -0.5903578E+00  0.1071341E+00 -0.1000000E+01
   556 -0.8855366E+00  0.1607012E+00 -0.7500000E+00
   557 -0.6000000E+00  0.0000000E+00 -0.1000000E+01
   558 -0.9000000E+00  0.0000000E+00 -0.7500000E+00
   559 -0.5975846E+00  0.5378360E-01 -0.1000000E+01
   560 -0.8963769E+00  0.8067540E-01 -0.7500000E+00
   561  0.2987923E+00  0.2689180E-01 -0.1250000E+01
   562  0.5975846E+00  0.5378360E-01 -0.1000000E+01
   563  0.3000000E+00  0.0000000E+00 -0.1250000E+01
   564  0.6000000E+00  0.0000000E+00 -0.1000000E+01
   565  0.2951789E+00  0.5356710E-01 -0.1250000E+01
   566  0.5903578E+00  0.1071341E+00 -0.1000000E+01
   567  0.2987923E+00  0.2689180E-01 -0.1250000E+01
   568  0.5975846E+00  0.5378360E-01 -0.1000000E+01
   569  0.2891889E+00  0.7981110E-01 -0.1250000E+01
   570  0.5783777E+00  0.1596221E+00 -0.1000000E+01
   571  0.2951789E+00  0.5356710E-01 -0.1250000E+01
   572  0.5903578E+00  0.1071341E+00 -0.1000000E+01
   573  0.2808705E+00  0.1054124E+00 -0.1250000E+01
   574  0.5617409E+00  0.2108249E+00 -0.1000000E+01
   575  0.2891889E+00  0.7981110E-01 -0.1250000E+01
   576  0.5783777E+00  0.1596221E+00 -0.1000000E+01
   577  0.2702907E+00  0.1301651E+00 -0.1250000E+01
   578  0.5405813E+00  0.2603302E+00 -0.1000000E+01
   579  0.2808705E+00  0.1054124E+00 -0.1250000E+01
   580  0.5617409E+00  0.2108249E+00 -0.1000000E+01
   581  0.2575346E+00  0.1538698E+00 -0.1250000E+01
   582  0.5150693E+00  0.3077396E+00 -0.1000000E+01
   583  0.2702907E+00  0.1301651E+00 -0.1250000E+01
   584  0.5405813E+00  0.2603302E+00 -0.1000000E+01
   585  0.2427051E+00  0.1763356E+00 -0.1250000E+01
   586  0.4854102E+00  0.3526712E+00 -0.1000000E+01
   587  0.2575346E+00  0.1538698E+00 -0.1250000E+01
   588  0.5150693E+00  0.3077396E+00 -0.1000000E+01
   589  0.2259214E+00  0.1973816E+00 -0.1250000E+01
   590  0.4518429E+00  0.3947632E+00 -0.1000000E+01
   591  0.2427051E+00  0.1763356E+00 -0.1250000E+01
   592  0.4854102E+00  0.3526712E+00 -0.1000000E+01
   593  0.2073188E+00  0.2168385E+00 -0.1250000E+01
   594  0.4146376E+00  0.4336769E+00 -0.1000000E+01
   595  0.2259214E+00  0.1973816E+00 -0.1250000E+01
   596  0.4518429E+00  0.3947632E+00 -0.1000000E+01
   597  0.1870469E+00  0.2345494E+00 -0.1250000E+01
   598  0.3740939E+00  0.4690989E+00 -0.1000000E+01
   599  0.2073188E+00  0.2168385E+00 -0.1250000E+01
   600  0.4146376E+00  0.4336769E+00 -0.1000000E+01
   601  0.1652691E+00  0.2503720E+00 -0.1250000E+01
   602  0.3305382E+00  0.5007440E+00 -0.1000000E+01
   603  0.1870469E+00  0.2345494E+00 -0.1250000E+01
   604  0.3740939E+00  0.4690989E+00 -0.1000000E+01
   605  0.1421606E+00  0.2641787E+00 -0.1250000E+01
   606  0.2843212E+00  0.5283573E+00 -0.1000000E+01
   607  0.1652691E+00  0.2503720E+00 -0.1250000E+01
   608  0.3305382E+00  0.5007440E+00 -0.1000000E+01
   609  0.1179075E+00  0.2758583E+00 -0.1250000E+01
   610  0.2358150E+00  0.5517167E+00 -0.1000000E+01
   611  0.1421606E+00  0.2641787E+00 -0.1250000E+01
   612  0.2843212E+00  0.5283573E+00 -0.1000000E+01
   613  0.9270510E-01  0.2853170E+00 -0.1250000E+01
   614  0.1854102E+00  0.5706339E+00 -0.1000000E+01
   615  0.1179075E+00  0.2758583E+00 -0.1250000E+01
   616  0.2358150E+00  0.5517167E+00 -0.1000000E+01
   617  0.6675630E-01  0.2924784E+00 -0.1250000E+01
   618  0.1335126E+00  0.5849567E+00 -0.1000000E+01
   619  0.9270510E-01  0.2853170E+00 -0.1250000E+01
   620  0.1854102E+00  0.5706339E+00 -0.1000000E+01
   621  0.4027000E-01  0.2972849E+00 -0.1250000E+01
   622  0.8054000E-01  0.5945699E+00 -0.1000000E+01
   623  0.6675630E-01  0.2924784E+00 -0.1250000E+01
   624  0.1335126E+00  0.5849567E+00 -0.1000000E+01
   625  0.1345940E-01  0.2996979E+00 -0.1250000E+01
   626  0.2691890E-01  0.5993958E+00 -0.1000000E+01
   627  0.4027000E-01  0.2972849E+00 -0.1250000E+01
   628  0.8054000E-01  0.5945699E+00 -0.1000000E+01
   629 -0.1345940E-01  0.2996979E+00 -0.1250000E+01
   630 -0.2691890E-01  0.5993958E+00 -0.1000000E+01
   631  0.1345940E-01  0.2996979E+00 -0.1250000E+01
   632  0.2691890E-01  0.5993958E+00 -0.1000000E+01
   633 -0.4027000E-01  0.2972849E+00 -0.1250000E+01
   634 -0.8054000E-01  0.5945699E+00 -0.1000000E+01
   635 -0.1345940E-01  0.2996979E+00 -0.1250000E+01
   636 -0.2691890E-01  0.5993958E+00 -0.1000000E+01
   637 -0.6675630E-01  0.2924784E+00 -0.1250000E+01
   638 -0.1335126E+00  0.5849567E+00 -0.1000000E+01
   639 -0.4027000E-01  0.2972849E+00 -0.1250000E+01
   640 -0.8054000E-01  0.5945699E+00 -0.1000000E+01
   641 -0.9270510E-01  0.2853170E+00 -0.1250000E+01
   642 -0.1854102E+00  0.5706339E+00 -0.1000000E+01
   643 -0.6675630E-01  0.2924784E+00 -0.1250000E+01
   644 -0.1335126E+00  0.5849567E+00 -0.1000000E+01
   645 -0.1179075E+00  0.2758583E+00 -0.1250000E+01
   646 -0.2358150E+00  0.5517167E+00 -0.1000000E+01
   647 -0.9270510E-01  0.2853170E+00 -0.1250000E+01
   648 -0.1854102E+00  0.5706339E+00 -0.1000000E+01
   649 -0.1421606E+00  0.2641787E+00 -0.1250000E+01
   650 -0.2843212E+00  0.5283573E+00 -0.1000000E+01
   651 -0.1179075E+00  0.2758583E+00 -0.1250000E+01
   652 -0.2358150E+00  0.5517167E+00 -0.1000000E+01
   653 -0.1652691E+00  0.2503720E+00 -0.1250000E+01
   654 -0.3305382E+00  0.5007440E+00 -0.1000000E+01
   655 -0.1421606E+00  0.2641787E+00 -0.1250000E+01
   656 -0.2843212E+00  0.5283573E+00 -0.1000000E+01
   657 -0.1870469E+00  0.2345494E+00 -0.1250000E+01
   658 -0.3740939E+00  0.4690989E+00 -0.1000000E+01
   659 -0.1652691E+00  0.2503720E+00 -0.1250000E+01
   660 -0.3305382E+00  0.5007440E+00 -0.1000000E+01
   661 -0.2073188E+00  0.2168385E+00 -0.1250000E+01
   662 -0.4146376E+00  0.4336769E+00 -0.1000000E+01
   663 -0.1870469E+00  0.2345494E+00 -0.1250000E+01
   664 -0.3740939E+00  0.4690989E+00 -0.1000000E+01
   665 -0.2259214E+00  0.1973816E+00 -0.1250000E+01
   666 -0.4518429E+00  0.3947632E+00 -0.1000000E+01
   667 -0.2073188E+00  0.2168385E+00 -0.1250000E+01
   668 -0.4146376E+00  0.4336769E+00 -0.1000000E+01
   669 -0.2427051E+00  0.1763356E+00 -0.1250000E+01
   670 -0.4854102E+00  0.3526712E+00 -0.1000000E+01
   671 -0.2259214E+00  0.1973816E+00 -0.1250000E+01
   672 -0.4518429E+00  0.3947632E+00 -0.1000000E+01
   673 -0.2575346E+00  0.1538698E+00 -0.1250000E+01
   674 -0.5150693E+00  0.3077396E+00 -0.1000000E+01
   675 -0.2427051E+00  0.1763356E+00 -0.1250000E+01
   676 -0.4854102E+00  0.3526712E+00 -0.1000000E+01
   677 -0.2702907E+00  0.1301651E+00 -0.1250000E+01
   678 -0.5405813E+00  0.2603302E+00 -0.1000000E+01
   679 -0.2575346E+00  0.1538698E+00 -0.1250000E+01
   680 -0.5150693E+00  0.3077396E+00 -0.1000000E+01
   681 -0.2808705E+00  0.1054124E+00 -0.1250000E+01
   682 -0.5617409E+00  0.2108249E+00 -0.1000000E+01
   683 -0.2702907E+00  0.1301651E+00 -0.1250000E+01
   684 -0.5405813E+00  0.2603302E+00 -0.1000000E+01
   685 -0.2891889E+00  0.7981110E-01 -0.1250000E+01
   686 -0.5783777E+00  0.1596221E+00 -0.1000000E+01
   687 -0.2808705E+00  0.1054124E+00 -0.1250000E+01
   688 -0.5617409E+00  0.2108249E+00 -0.1000000E+01
   689 -0.2951789E+00  0.5356710E-01 -0.1250000E+01
   690 -0.5903578E+00  0.1071341E+00 -0.1000000E+01
   691 -0.2891889E+00  0.7981110E-01 -0.1250000E+01
   692 -0.5783777E+00  0.1596221E+00 -0.1000000E+01
   693 -0.2987923E+00  0.2689180E-01 -0.1250000E+01
   694 -0.5975846E+00  0.5378360E-01 -0.1000000E+01
   695 -0.2951789E+00  0.5356710E-01 -0.1250000E+01
   696 -0.5903578E+00  0.1071341E+00 -0.1000000E+01
   697 -0.3000000E+00  0.0000000E+00 -0.1250000E+01
   698 -0.6000000E+00  0.0000000E+00 -0.1000000E+01
   699 -0.2987923E+00  0.2689180E-01 -0.1250000E+01
   700 -0.5975846E+00  0.5378360E-01 -0.1000000E+01
   701  0.0000000E+00  0.0000000E+00 -0.1500000E+01
   702  0.2987923E+00  0.2689180E-01 -0.1250000E+01
   703  0.0000000E+00  0.0000000E+00 -0.1500000E+01
   704  0.3000000E+00  0.0000000E+00 -0.1250000E+01
   705  0.0000000E+00  0.0000000E+00 -0.1500000E+01
   706  0.2951789E+00  0.5356710E-01 -0.1250000E+01
   707  0.0000000E+00  0.0000000E+00 -0.1500000E+01
   708  0.2987923E+00  0.2689180E-01 -0.1250000E+01
   709  0.0000000E+00  0.0000000E+00 -0.1500000E+01
   710  0.2891889E+00  0.7981110E-01 -0.1250000E+01
   711  0.0000000E+00  0.0000000E+00 -0.1500000E+01
   712  0.2951789E+00  0.5356710E-01 -0.1250000E+01
   713  0.0000000E+00  0.0000000E+00 -0.1500000E+01
   714  0.2808705E+00  0.1054124E+00 -0.1250000E+01
   715  0.0000000E+00  0.0000000E+00 -0.1500000E+01
   716  0.2891889E+00  0.7981110E-01 -0.1250000E+01
   717  0.0000000E+00  0.0000000E+00 -0.1500000E+01
   718  0.2702907E+00  0.1301651E+00 -0.1250000E+01
   719  0.0000000E+00  0.0000000E+00 -0.1500000E+01
   720  0.2808705E+00  0.1054124E+00 -0.1250000E+01
   721  0.0000000E+00  0.0000000E+00 -0.1500000E+01
   722  0.2575346E+00  0.1538698E+00 -0.1250000E+01
   723  0.0000000E+00  0.0000000E+00 -0.1500000E+01
   724  0.2702907E+00  0.1301651E+00 -0.1250000E+01
   725  0.0000000E+00  0.0000000E+00 -0.1500000E+01
   726  0.2427051E+00  0.1763356E+00 -0.1250000E+01
   727  0.0000000E+00  0.0000000E+00 -0.1500000E+01
   728  0.2575346E+00  0.1538698E+00 -0.1250000E+01
   729  0.0000000E+00  0.0000000E+00 -0.1500000E+01
   730  0.2259214E+00  0.1973816E+00 -0.1250000E+01
   731  0.0000000E+00  0.0000000E+00 -0.1500000E+01
   732  0.2427051E+00  0.1763356E+00 -0.1250000E+01
   733  0.0000000E+00  0.0000000E+00 -0.1500000E+01
   734  0.2073188E+00  0.2168385E+00 -0.1250000E+01
   735  0.0000000E+00  0.0000000E+00 -0.1500000E+01
   736  0.2259214E+00  0.1973816E+00 -0.1250000E+01
   737  0.0000000E+00  0.0000000E+00 -0.1500000E+01
   738  0.1870469E+00  0.2345494E+00 -0.1250000E+01
   739  0.0000000E+00  0.0000000E+00 -0.1500000E+01
   740  0.2073188E+00  0.2168385E+00 -0.1250000E+01
   741  0.0000000E+00  0.0000000E+00 -0.1500000E+01
   742  0.1652691E+00  0.2503720E+00 -0.1250000E+01
   743  0.0000000E+00  0.0000000E+00 -0.1500000E+01
   744  0.1870469E+00  0.2345494E+00 -0.1250000E+01
   745  0.0000000E+00  0.0000000E+00 -0.1500000E+01
   746  0.1421606E+00  0.2641787E+00 -0.1250000E+01
   747  0.0000000E+00  0.0000000E+00 -0.1500000E+01
   748  0.1652691E+00  0.2503720E+00 -0.1250000E+01
   749  0.0000000E+00  0.0000000E+00 -0.1500000E+01
   750  0.1179075E+00  0.2758583E+00 -0.1250000E+01
   751  0.0000000E+00  0.0000000E+00 -0.1500000E+01
   752  0.1421606E+00  0.2641787E+00 -0.1250000E+01
   753  0.0000000E+00  0.0000000E+00 -0.1500000E+01
   754  0.9270510E-01  0.2853170E+00 -0.1250000E+01
   755  0.0000000E+00  0.0000000E+00 -0.1500000E+01
   756  0.1179075E+00  0.2758583E+00 -0.1250000E+01
   757  0.0000000E+00  0.0000000E+00 -0.1500000E+01
   758  0.6675630E-01  0.2924784E+00 -0.1250000E+01
   759  0.0000000E+00  0.0000000E+00 -0.1500000E+01
   760  0.9270510E-01  0.2853170E+00 -0.1250000E+01
   761  0.0000000E+00  0.0000000E+00 -0.1500000E+01
   762  0.4027000E-01  0.2972849E+00 -0.1250000E+01
   763  0.0000000E+00  0.0000000E+00 -0.1500000E+01
   764  0.6675630E-01  0.2924784E+00 -0.1250000E+01
   765  0.0000000E+00  0.0000000E+00 -0.1500000E+01
   766  0.1345940E-01  0.2996979E+00 -0.1250000E+01
   767  0.0000000E+00  0.0000000E+00 -0.1500000E+01
   768  0.4027000E-01  0.2972849E+00 -0.1250000E+01
   769  0.0000000E+00  0.0000000E+00 -0.1500000E+01
   770 -0.1345940E-01  0.2996979E+00 -0.1250000E+01
   771  0.0000000E+00  0.0000000E+00 -0.1500000E+01
   772  0.1345940E-01  0.2996979E+00 -0.1250000E+01
   773  0.0000000E+00  0.0000000E+00 -0.1500000E+01
   774 -0.4027000E-01  0.2972849E+00 -0.1250000E+01
   775  0.0000000E+00  0.0000000E+00 -0.1500000E+01
   776 -0.1345940E-01  0.2996979E+00 -0.1250000E+01
   777  0.0000000E+00  0.0000000E+00 -0.1500000E+01
   778 -0.6675630E-01  0.2924784E+00 -0.1250000E+01
   779  0.0000000E+00  0.0000000E+00 -0.1500000E+01
   780 -0.4027000E-01  0.2972849E+00 -0.1250000E+01
   781  0.0000000E+00  0.0000000E+00 -0.1500000E+01
   782 -0.9270510E-01  0.2853170E+00 -0.1250000E+01
   783  0.0000000E+00  0.0000000E+00 -0.1500000E+01
   784 -0.6675630E-01  0.2924784E+00 -0.1250000E+01
   785  0.0000000E+00  0.0000000E+00 -0.1500000E+01
   786 -0.1179075E+00  0.2758583E+00 -0.1250000E+01
   787  0.0000000E+00  0.0000000E+00 -0.1500000E+01
   788 -0.9270510E-01  0.2853170E+00 -0.1250000E+01
   789  0.0000000E+00  0.0000000E+00 -0.1500000E+01
   790 -0.1421606E+00  0.2641787E+00 -0.1250000E+01
   791  0.0000000E+00  0.0000000E+00 -0.1500000E+01
   792 -0.1179075E+00  0.2758583E+00 -0.1250000E+01
   793  0.0000000E+00  0.0000000E+00 -0.1500000E+01
   794 -0.1652691E+00  0.2503720E+00 -0.1250000E+01
   795  0.0000000E+00  0.0000000E+00 -0.1500000E+01
   796 -0.1421606E+00  0.2641787E+00 -0.1250000E+01
   797  0.0000000E+00  0.0000000E+00 -0.1500000E+01
   798 -0.1870469E+00  0.2345494E+00 -0.1250000E+01
   799  0.0000000E+00  0.0000000E+00 -0.1500000E+01
   800 -0.1652691E+00  0.2503720E+00 -0.1250000E+01
   801  0.0000000E+00  0.0000000E+00 -0.1500000E+01
   802 -0.2073188E+00  0.2168385E+00 -0.1250000E+01
   803  0.0000000E+00  0.0000000E+00 -0.1500000E+01
   804 -0.1870469E+00  0.2345494E+00 -0.1250000E+01
   805  0.0000000E+00  0.0000000E+00 -0.1500000E+01
   806 -0.2259214E+00  0.1973816E+00 -0.1250000E+01
   807  0.0000000E+00  0.0000000E+00 -0.1500000E+01
   808 -0.2073188E+00  0.2168385E+00 -0.1250000E+01
   809  0.0000000E+00  0.0000000E+00 -0.1500000E+01
   810 -0.2427051E+00  0.1763356E+00 -0.1250000E+01
   811  0.0000000E+00  0.0000000E+00 -0.1500000E+01
   812 -0.2259214E+00  0.1973816E+00 -0.1250000E+01
   813  0.0000000E+00  0.0000000E+00 -0.1500000E+01
   814 -0.2575346E+00  0.1538698E+00 -0.1250000E+01
   815  0.0000000E+00  0.0000000E+00 -0.1500000E+01
   816 -0.2427051E+00  0.1763356E+00 -0.1250000E+01
   817  0.0000000E+00  0.0000000E+00 -0.1500000E+01
   818 -0.2702907E+00  0.1301651E+00 -0.1250000E+01
   819  0.0000000E+00  0.0000000E+00 -0.1500000E+01
   820 -0.2575346E+00  0.1538698E+00 -0.1250000E+01
   821  0.0000000E+00  0.0000000E+00 -0.1500000E+01
   822 -0.2808705E+00  0.1054124E+00 -0.1250000E+01
   823  0.0000000E+00  0.0000000E+00 -0.1500000E+01
   824 -0.2702907E+00  0.1301651E+00 -0.1250000E+01
   825  0.0000000E+00  0.0000000E+00 -0.1500000E+01
   826 -0.2891889E+00  0.7981110E-01 -0.1250000E+01
   827  0.0000000E+00  0.0000000E+00 -0.1500000E+01
   828 -0.2808705E+00  0.1054124E+00 -0.1250000E+01
   829  0.0000000E+00  0.0000000E+00 -0.1500000E+01
   830 -0.2951789E+00  0.5356710E-01 -0.1250000E+01
   831  0.0000000E+00  0.0000000E+00 -0.1500000E+01
   832 -0.2891889E+00  0.7981110E-01 -0.1250000E+01
   833  0.0000000E+00  0.0000000E+00 -0.1500000E+01
   834 -0.2987923E+00  0.2689180E-01 -0.1250000E+01
   835  0.0000000E+00  0.0000000E+00 -0.1500000E+01
   836 -0.2951789E+00  0.5356710E-01 -0.1250000E+01
   837  0.0000000E+00  0.0000000E+00 -0.1500000E+01
   838 -0.3000000E+00  0.0000000E+00 -0.1250000E+01
   839  0.0000000E+00  0.0000000E+00 -0.1500000E+01
   840 -0.2987923E+00  0.2689180E-01 -0.1250000E+01
     0  0.0000000E+00  0.0000000E+00  0.0000000E+00
      1      2      4      3
      5      6      8      7
      9     10     12     11
     13     14     16     15
     17     18     20     19
     21     22     24     23
     25     26     28     27
     29     30     32     31
     33     34     36     35
     37     38     40     39
     41     42     44     43
     45     46     48     47
     49     50     52     51
     53     54     56     55
     57     58     60     59
     61     62     64     63
     65     66     68     67
     69     70     72     71
     73     74     76     75
     77     78     80     79
     81     82     84     83
     85     86     88     87
     89     90     92     91
     93     94     96     95
     97     98    100     99
    101    102    104    103
    105    106    108    107
    109    110    112    111
    113    114    116    115
    117    118    120    119
    121    122    124    123
    125    126    128    127
    129    130    132    131
    133    134    136    135
    137    138    140    139
    141    142    144    143
    145    146    148    147
    149    150    152    151
    153    154    156    155
    157    158    160    159
    161    162    164    163
    165    166    168    167
    169    170    172    171
    173    174    176    175
    177    178    180    179
    181    182    184    183
    185    186    188    187
    189    190    192    191
    193    194    196    195
    197    198    200    199
    201    202    204    203
    205    206    208    207
    209    210    212    211
    213    214    216    215
    217    218    220    219
    221    222    224    223
    225    226    228    227
    229    230    232    231
    233    234    236    235
    237    238    240    239
    241    242    244    243
    245    246    248    247
    249    250    252    251
    253    254    256    255
    257    258    260    259
    261    262    264    263
    265    266    268    267
    269    270    272    271
    273    274    276    275
    277    278    280    279
    281    282    284    283
    285    286    288    287
    289    290    292    291
    293    294    296    295
    297    298    300    299
    301    302    304    303
    305    306    308    307
    309    310    312    311
    313    314    316    315
    317    318    320    319
    321    322    324    323
    325    326    328    327
    329    330    332    331
    333    334    336    335
    337    338    340    339
    341    342    344    343
    345    346    348    347
    349    350    352    351
    353    354    356    355
    357    358    360    359
    361    362    364    363
    365    366    368    367
    369    370    372    371
    373    374    376    375
    377    378    380    379
    381    382    384    383
    385    386    388    387
    389    390    392    391
    393    394    396    395
    397    398    400    399
    401    402    404    403
    405    406    408    407
    409    410    412    411
    413    414    416    415
    417    418    420    419
    421    422    424    423
    425    426    428    427
    429    430    432    431
    433    434    436    435
    437    438    440    439
    441    442    444    443
    445    446    448    447
    449    450    452    451
    453    454    456    455
    457    458    460    459
    461    462    464    463
    465    466    468    467
    469    470    472    471
    473    474    476    475
    477    478    480    479
    481    482    484    483
    485    486    488    487
    489    490    492    491
    493    494    496    495
    497    498    500    499
    501    502    504    503
    505    506    508    507
    509    510    512    511
    513    514    516    515
    517    518    520    519
    521    522    524    523
    525    526    528    527
    529    530    532    531
    533    534    536    535
    537    538    540    539
    541    542    544    543
    545    546    548    547
    549    550    552    551
    553    554    556    555
    557    558    560    559
    561    562    564    563
    565    566    568    567
    569    570    572    571
    573    574    576    575
    577    578    580    579
    581    582    584    583
    585    586    588    587
    589    590    592    591
    593    594    596    595
    597    598    600    599
    601    602    604    603
    605    606    608    607
    609    610    612    611
    613    614    616    615
    617    618    620    619
    621    622    624    623
    625    626    628    627
    629    630    632    631
    633    634    636    635
    637    638    640    639
    641    642    644    643
    645    646    648    647
    649    650    652    651
    653    654    656    655
    657    658    660    659
    661    662    664    663
    665    666    668    667
    669    670    672    671
    673    674    676    675
    677    678    680    679
    681    682    684    683
    685    686    688    687
    689    690    692    691
    693    694    696    695
    697    698    700    699
    701    702    704    703
    705    706    708    707
    709    710    712    711
    713    714    716    715
    717    718    720    719
    721    722    724    723
    725    726    728    727
    729    730    732    731
    733    734    736    735
    737    738    740    739
    741    742    744    743
    745    746    748    747
    749    750    752    751
    753    754    756    755
    757    758    760    759
    761    762    764    763
    765    766    768    767
    769    770    772    771
    773    774    776    775
    777    778    780    779
    781    782    784    783
    785    786    788    787
    789    790    792    791
    793    794    796    795
    797    798    800    799
    801    802    804    803
    805    806    808    807
    809    810    812    811
    813    814    816    815
    817    818    820    819
    821    822    824    823
    825    826    828    827
    829    830    832    831
    833    834    836    835
    837    838    840    839
      0      0      0      0
