           3
  9.5569492E-05  9.5176503E-05  9.4392992E-05  9.3220980E-05  9.1666494E-05
  8.9735018E-05  8.7434484E-05  8.4775500E-05  8.1767510E-05  7.8423473E-05
  7.4757518E-05  7.0784015E-05  6.6520493E-05  6.1982457E-05  5.7190544E-05
  5.2162963E-05  4.6922043E-05  4.1486994E-05  3.5882964E-05  3.0129999E-05
  2.4254021E-05  1.8277990E-05  1.2227519E-05  6.1265382E-06  0.0000000E+00
 -6.1265378E-06 -1.2227519E-05 -1.8277988E-05 -2.4254021E-05 -3.0129999E-05
 -3.5882960E-05 -4.1486990E-05 -4.6922039E-05 -5.2162963E-05 -5.7190544E-05
 -6.1982457E-05 -6.6520493E-05 -7.0784015E-05 -7.4757518E-05 -7.8423458E-05
 -8.1767510E-05 -8.4775500E-05 -8.7434484E-05 -8.9735011E-05 -9.1666494E-05
 -9.3220980E-05 -9.4392992E-05 -9.5176503E-05 -9.5569492E-05  9.5998505E-05
  9.5604002E-05  9.4816489E-05  9.3639494E-05  9.2078000E-05  9.0137524E-05
  8.7827997E-05  8.5155480E-05  8.2134538E-05  7.8775956E-05  7.5093019E-05
  7.1102011E-05  6.6819004E-05  6.2260478E-05  5.7446989E-05  5.2397507E-05
  4.7132522E-05  4.1673484E-05  3.6043970E-05  3.0265523E-05  2.4362505E-05
  1.8360466E-05  1.2282505E-05  6.1535839E-06  0.0000000E+00 -6.1535829E-06
 -1.2282504E-05 -1.8360466E-05 -2.4362507E-05 -3.0265523E-05 -3.6043970E-05
 -4.1673480E-05 -4.7132518E-05 -5.2397507E-05 -5.7446992E-05 -6.2260478E-05
 -6.6819004E-05 -7.1102004E-05 -7.5093019E-05 -7.8775949E-05 -8.2134531E-05
 -8.5155487E-05 -8.7827997E-05 -9.0137510E-05 -9.2078000E-05 -9.3639486E-05
 -9.4816496E-05 -9.5604002E-05 -9.5998505E-05  9.5998505E-05  9.5604002E-05
  9.4816496E-05  9.3639494E-05  9.2077986E-05  9.0137524E-05  8.7827997E-05
  8.5155480E-05  8.2134531E-05  7.8775949E-05  7.5093019E-05  7.1102004E-05
  6.6819004E-05  6.2260478E-05  5.7446992E-05  5.2397507E-05  4.7132518E-05
  4.1673480E-05  3.6043974E-05  3.0265523E-05  2.4362507E-05  1.8360466E-05
  1.2282504E-05  6.1535825E-06  0.0000000E+00 -6.1535834E-06 -1.2282505E-05
 -1.8360464E-05 -2.4362505E-05 -3.0265523E-05 -3.6043974E-05 -4.1673484E-05
 -4.7132522E-05 -5.2397507E-05 -5.7446989E-05 -6.2260478E-05 -6.6819004E-05
 -7.1102011E-05 -7.5093019E-05 -7.8775964E-05 -8.2134531E-05 -8.5155480E-05
 -8.7827997E-05 -9.0137524E-05 -9.2077993E-05 -9.3639486E-05 -9.4816489E-05
 -9.5604002E-05 -9.5998505E-05  9.5569492E-05  9.5176489E-05  9.4392992E-05
  9.3220973E-05  9.1666494E-05  8.9735011E-05  8.7434491E-05  8.4775500E-05
  8.1767510E-05  7.8423458E-05  7.4757518E-05  7.0784015E-05  6.6520493E-05
  6.1982457E-05  5.7190544E-05  5.2162963E-05  4.6922039E-05  4.1486990E-05
  3.5882960E-05  3.0129999E-05  2.4254021E-05  1.8277988E-05  1.2227521E-05
  6.1265378E-06  0.0000000E+00 -6.1265382E-06 -1.2227521E-05 -1.8277988E-05
 -2.4254021E-05 -3.0129999E-05 -3.5882964E-05 -4.1486990E-05 -4.6922043E-05
 -5.2162963E-05 -5.7190544E-05 -6.1982457E-05 -6.6520493E-05 -7.0784015E-05
 -7.4757518E-05 -7.8423473E-05 -8.1767510E-05 -8.4775500E-05 -8.7434484E-05
 -8.9735018E-05 -9.1666494E-05 -9.3220980E-05 -9.4392992E-05 -9.5176496E-05
 -9.5569492E-05  9.4705516E-05  9.4316012E-05  9.3540017E-05  9.2378519E-05
  9.0837515E-05  8.8924011E-05  8.6643493E-05  8.4009553E-05  8.1027982E-05
  7.7714525E-05  7.4082025E-05  7.0143986E-05  6.5919034E-05  6.1422485E-05
  5.6673558E-05  5.1691499E-05  4.6497960E-05  4.1112013E-05  3.5558045E-05
  2.9857465E-05  2.4035577E-05  1.8112440E-05  1.2117030E-05  6.0710322E-06
  0.0000000E+00 -6.0710322E-06 -1.2117030E-05 -1.8112438E-05 -2.4035580E-05
 -2.9857467E-05 -3.5558045E-05 -4.1112013E-05 -4.6497960E-05 -5.1691499E-05
 -5.6673558E-05 -6.1422485E-05 -6.5919034E-05 -7.0143979E-05 -7.4082025E-05
 -7.7714525E-05 -8.1027982E-05 -8.4009553E-05 -8.6643486E-05 -8.8924011E-05
 -9.0837515E-05 -9.2378512E-05 -9.3540017E-05 -9.4316012E-05 -9.4705516E-05
  9.3394490E-05  9.3010480E-05  9.2244976E-05  9.1099493E-05  8.9580477E-05
  8.7692468E-05  8.5444459E-05  8.2846534E-05  7.9906458E-05  7.6638520E-05
  7.3056457E-05  6.9173489E-05  6.5005966E-05  6.0572504E-05  5.5888511E-05
  5.0976490E-05  4.5853954E-05  4.0542996E-05  3.5065477E-05  2.9444538E-05
  2.3702527E-05  1.7861945E-05  1.1949535E-05  5.9864660E-06  0.0000000E+00
 -5.9864660E-06 -1.1949535E-05 -1.7861945E-05 -2.3702525E-05 -2.9444542E-05
 -3.5065477E-05 -4.0542996E-05 -4.5853954E-05 -5.0976494E-05 -5.5888511E-05
 -6.0572496E-05 -6.5005966E-05 -6.9173482E-05 -7.3056464E-05 -7.6638520E-05
 -7.9906458E-05 -8.2846534E-05 -8.5444452E-05 -8.7692468E-05 -8.9580477E-05
 -9.1099493E-05 -9.2244976E-05 -9.3010472E-05 -9.3394490E-05  9.1617017E-05
  9.1241018E-05  9.0489011E-05  8.9366018E-05  8.7875516E-05  8.6024003E-05
  8.3818508E-05  8.1269514E-05  7.8386525E-05  7.5180025E-05  7.1665992E-05
  6.7857552E-05  6.3768486E-05  5.9419992E-05  5.4825028E-05  5.0006001E-05
  4.4981549E-05  3.9771505E-05  3.4398443E-05  2.8884042E-05  2.3251030E-05
  1.7522503E-05  1.1722000E-05  5.8724754E-06  0.0000000E+00 -5.8724745E-06
 -1.1722002E-05 -1.7522505E-05 -2.3251032E-05 -2.8884042E-05 -3.4398447E-05
 -3.9771505E-05 -4.4981549E-05 -5.0006001E-05 -5.4825028E-05 -5.9419992E-05
 -6.3768486E-05 -6.7857560E-05 -7.1665992E-05 -7.5180018E-05 -7.8386533E-05
 -8.1269514E-05 -8.3818508E-05 -8.6024003E-05 -8.7875509E-05 -8.9366018E-05
 -9.0489018E-05 -9.1241018E-05 -9.1617017E-05  8.9345478E-05  8.8978479E-05
  8.8245477E-05  8.7149972E-05  8.5696483E-05  8.3891471E-05  8.1740487E-05
  7.9253950E-05  7.6442528E-05  7.3316449E-05  6.9889007E-05  6.6174514E-05
  6.2187966E-05  5.7946465E-05  5.3465497E-05  4.8765978E-05  4.3866516E-05
  3.8785482E-05  3.3545486E-05  2.8167507E-05  2.2674496E-05  1.7088500E-05
  1.1430978E-05  5.7270358E-06  0.0000000E+00 -5.7270363E-06 -1.1430976E-05
 -1.7088500E-05 -2.2674496E-05 -2.8167511E-05 -3.3545490E-05 -3.8785478E-05
 -4.3866516E-05 -4.8765978E-05 -5.3465505E-05 -5.7946469E-05 -6.2187966E-05
 -6.6174514E-05 -6.9889014E-05 -7.3316456E-05 -7.6442528E-05 -7.9253950E-05
 -8.1740494E-05 -8.3891471E-05 -8.5696483E-05 -8.7149965E-05 -8.8245484E-05
 -8.8978479E-05 -8.9345478E-05  8.6540545E-05  8.6184540E-05  8.5475549E-05
  8.4413536E-05  8.3006045E-05  8.1257524E-05  7.9174541E-05  7.6765515E-05
  7.4042568E-05  7.1014540E-05  6.7695037E-05  6.4096559E-05  6.0236005E-05
  5.6127039E-05  5.1786523E-05  4.7235517E-05  4.2489006E-05  3.7567523E-05
  3.2492524E-05  2.7283517E-05  2.1962533E-05  1.6551994E-05  1.1072016E-05
  5.5470346E-06  0.0000000E+00 -5.5470341E-06 -1.1072018E-05 -1.6551994E-05
 -2.1962534E-05 -2.7283519E-05 -3.2492524E-05 -3.7567523E-05 -4.2489006E-05
 -4.7235513E-05 -5.1786523E-05 -5.6127039E-05 -6.0236009E-05 -6.4096559E-05
 -6.7695044E-05 -7.1014540E-05 -7.4042575E-05 -7.6765522E-05 -7.9174541E-05
 -8.1257524E-05 -8.3006045E-05 -8.4413536E-05 -8.5475556E-05 -8.6184540E-05
 -8.6540545E-05  8.3147490E-05  8.2805484E-05  8.2123988E-05  8.1104481E-05
  7.9751488E-05  7.8070989E-05  7.6070486E-05  7.3755982E-05  7.1139497E-05
  6.8230016E-05  6.5040949E-05  6.1583509E-05  5.7874498E-05  5.3925989E-05
  4.9756462E-05  4.5383527E-05  4.0822470E-05  3.6095003E-05  3.1218482E-05
  2.6213964E-05  2.1101532E-05  1.5902478E-05  1.0638535E-05  5.3294757E-06
  0.0000000E+00 -5.3294734E-06 -1.0638533E-05 -1.5902478E-05 -2.1101532E-05
 -2.6213973E-05 -3.1218482E-05 -3.6095000E-05 -4.0822470E-05 -4.5383524E-05
 -4.9756462E-05 -5.3925989E-05 -5.7874498E-05 -6.1583509E-05 -6.5040949E-05
 -6.8230009E-05 -7.1139482E-05 -7.3755989E-05 -7.6070486E-05 -7.8070989E-05
 -7.9751480E-05 -8.1104481E-05 -8.2123981E-05 -8.2805476E-05 -8.3147490E-05
  7.9089987E-05  7.8765486E-05  7.8115991E-05  7.7146979E-05  7.5860480E-05
  7.4260977E-05  7.2358976E-05  7.0157002E-05  6.7667985E-05  6.4900989E-05
  6.1866958E-05  5.8578502E-05  5.5050506E-05  5.1294479E-05  4.7328984E-05
  4.3168508E-05  3.8830483E-05  3.4333978E-05  2.9694991E-05  2.4934514E-05
  2.0071970E-05  1.5126502E-05  1.0119526E-05  5.0694489E-06  0.0000000E+00
 -5.0694489E-06 -1.0119526E-05 -1.5126503E-05 -2.0071973E-05 -2.4934516E-05
 -2.9694991E-05 -3.4333985E-05 -3.8830483E-05 -4.3168508E-05 -4.7328984E-05
 -5.1294479E-05 -5.5050503E-05 -5.8578502E-05 -6.1866958E-05 -6.4900989E-05
 -6.7667977E-05 -7.0157002E-05 -7.2358976E-05 -7.4260977E-05 -7.5860487E-05
 -7.7146971E-05 -7.8115983E-05 -7.8765479E-05 -7.9089987E-05  7.4258489E-05
  7.3953481E-05  7.3343996E-05  7.2433482E-05  7.1226495E-05  6.9724476E-05
  6.7938476E-05  6.5870991E-05  6.3534470E-05  6.0935989E-05  5.8086986E-05
  5.5000513E-05  5.1686984E-05  4.8160993E-05  4.4438009E-05  4.0530962E-05
  3.6458478E-05  3.2236010E-05  2.7881479E-05  2.3411023E-05  1.8845978E-05
  1.4202520E-05  9.5009782E-06  4.7599901E-06  0.0000000E+00 -4.7599897E-06
 -9.5009782E-06 -1.4202520E-05 -1.8845976E-05 -2.3411023E-05 -2.7881484E-05
 -3.2236014E-05 -3.6458478E-05 -4.0530962E-05 -4.4438013E-05 -4.8160993E-05
 -5.1686977E-05 -5.5000513E-05 -5.8086986E-05 -6.0935999E-05 -6.3534470E-05
 -6.5870991E-05 -6.7938476E-05 -6.9724476E-05 -7.1226488E-05 -7.2433475E-05
 -7.3343996E-05 -7.3953481E-05 -7.4258489E-05  6.8485992E-05  6.8204477E-05
  6.7642490E-05  6.6802982E-05  6.5689499E-05  6.4304477E-05  6.2656480E-05
  6.0750997E-05  5.8595473E-05  5.6198503E-05  5.3571996E-05  5.0724997E-05
  4.7668473E-05  4.4417524E-05  4.0983476E-05  3.7380483E-05  3.3623979E-05
  2.9730496E-05  2.5713998E-05  2.1590997E-05  1.7381009E-05  1.3098490E-05
  8.7624758E-06  4.3900282E-06  0.0000000E+00 -4.3900322E-06 -8.7624758E-06
 -1.3098495E-05 -1.7381008E-05 -2.1590993E-05 -2.5714000E-05 -2.9730494E-05
 -3.3623975E-05 -3.7380483E-05 -4.0983476E-05 -4.4417520E-05 -4.7668469E-05
 -5.0724997E-05 -5.3571988E-05 -5.6198503E-05 -5.8595473E-05 -6.0750990E-05
 -6.2656487E-05 -6.4304477E-05 -6.5689499E-05 -6.6802975E-05 -6.7642490E-05
 -6.8204477E-05 -6.8485992E-05  6.1501029E-05  6.1248531E-05  6.0744023E-05
  5.9990030E-05  5.8989554E-05  5.7746522E-05  5.6266035E-05  5.4555549E-05
  5.2619002E-05  5.0467039E-05  4.8109043E-05  4.5551013E-05  4.2806994E-05
  3.9887564E-05  3.6803500E-05  3.3568529E-05  3.0194497E-05  2.6698501E-05
  2.3091525E-05  1.9388988E-05  1.5608006E-05  1.1763018E-05  7.8684861E-06
  3.9425504E-06  0.0000000E+00 -3.9425504E-06 -7.8684898E-06 -1.1763021E-05
 -1.5608010E-05 -1.9388992E-05 -2.3091521E-05 -2.6698501E-05 -3.0194500E-05
 -3.3568533E-05 -3.6803500E-05 -3.9887564E-05 -4.2806998E-05 -4.5551013E-05
 -4.8109039E-05 -5.0467039E-05 -5.2619002E-05 -5.4555545E-05 -5.6266032E-05
 -5.7746522E-05 -5.8989554E-05 -5.9990030E-05 -6.0744027E-05 -6.1248531E-05
 -6.1501036E-05  5.2804531E-05  5.2587522E-05  5.2154530E-05  5.1507021E-05
  5.0647533E-05  4.9581024E-05  4.8310016E-05  4.6840538E-05  4.5178524E-05
  4.3331016E-05  4.1306041E-05  3.9109513E-05  3.6753998E-05  3.4247041E-05
  3.1599513E-05  2.8821520E-05  2.5925019E-05  2.2922990E-05  1.9826040E-05
  1.6647478E-05  1.3400999E-05  1.0099523E-05  6.7560018E-06  3.3850276E-06
  0.0000000E+00 -3.3850276E-06 -6.7560090E-06 -1.0099523E-05 -1.3400992E-05
 -1.6647469E-05 -1.9826040E-05 -2.2922986E-05 -2.5925021E-05 -2.8821527E-05
 -3.1599513E-05 -3.4247045E-05 -3.6753994E-05 -3.9109509E-05 -4.1306041E-05
 -4.3331012E-05 -4.5178524E-05 -4.6840545E-05 -4.8310023E-05 -4.9581020E-05
 -5.0647541E-05 -5.1507021E-05 -5.2154530E-05 -5.2587522E-05 -5.2804528E-05
  4.1224455E-05  4.1054955E-05  4.0716466E-05  4.0211457E-05  3.9540468E-05
  3.8707461E-05  3.7715970E-05  3.6567966E-05  3.5270961E-05  3.3827946E-05
  3.2247499E-05  3.0532952E-05  2.8693461E-05  2.6736474E-05  2.4669487E-05
  2.2500972E-05  2.0239499E-05  1.7895967E-05  1.5478010E-05  1.2996463E-05
  1.0462486E-05  7.8845169E-06  5.2745072E-06  2.6424982E-06  0.0000000E+00
 -2.6424909E-06 -5.2744995E-06 -7.8845169E-06 -1.0462486E-05 -1.2996463E-05
 -1.5478003E-05 -1.7895965E-05 -2.0239502E-05 -2.2500972E-05 -2.4669485E-05
 -2.6736476E-05 -2.8693465E-05 -3.0532952E-05 -3.2247499E-05 -3.3827950E-05
 -3.5270965E-05 -3.6567963E-05 -3.7715967E-05 -3.8707461E-05 -3.9540468E-05
 -4.0211457E-05 -4.0716466E-05 -4.1054955E-05 -4.1224463E-05  1.7251510E-05
  1.7180508E-05  1.7039010E-05  1.6827509E-05  1.6547008E-05  1.6198008E-05
  1.5783515E-05  1.5303007E-05  1.4760009E-05  1.4155999E-05  1.3495021E-05
  1.2777492E-05  1.2007511E-05  1.1188506E-05  1.0323512E-05  9.4164961E-06
  8.4695075E-06  7.4890104E-06  6.4775013E-06  5.4384982E-06  4.3785035E-06
  3.2995101E-06  2.2069935E-06  1.1060021E-06  0.0000000E+00 -1.1060021E-06
 -2.2069935E-06 -3.2995101E-06 -4.3785035E-06 -5.4384982E-06 -6.4775013E-06
 -7.4890104E-06 -8.4695075E-06 -9.4164961E-06 -1.0323512E-05 -1.1188506E-05
 -1.2007511E-05 -1.2777492E-05 -1.3495021E-05 -1.4155999E-05 -1.4760009E-05
 -1.5303007E-05 -1.5783515E-05 -1.6198008E-05 -1.6547008E-05 -1.6827509E-05
 -1.7039010E-05 -1.7180508E-05 -1.7251510E-05  9.5569492E-05  9.5176503E-05
  9.4392992E-05  9.3220980E-05  9.1666494E-05  8.9735018E-05  8.7434484E-05
  8.4775500E-05  8.1767510E-05  7.8423473E-05  7.4757518E-05  7.0784015E-05
  6.6520493E-05  6.1982457E-05  5.7190544E-05  5.2162963E-05  4.6922043E-05
  4.1486994E-05  3.5882964E-05  3.0129999E-05  2.4254021E-05  1.8277990E-05
  1.2227519E-05  6.1265382E-06  0.0000000E+00 -6.1265378E-06 -1.2227519E-05
 -1.8277988E-05 -2.4254021E-05 -3.0129999E-05 -3.5882960E-05 -4.1486990E-05
 -4.6922039E-05 -5.2162963E-05 -5.7190544E-05 -6.1982457E-05 -6.6520493E-05
 -7.0784015E-05 -7.4757518E-05 -7.8423458E-05 -8.1767510E-05 -8.4775500E-05
 -8.7434484E-05 -8.9735011E-05 -9.1666494E-05 -9.3220980E-05 -9.4392992E-05
 -9.5176503E-05 -9.5569492E-05  9.5998505E-05  9.5604002E-05  9.4816489E-05
  9.3639494E-05  9.2078000E-05  9.0137524E-05  8.7827997E-05  8.5155480E-05
  8.2134538E-05  7.8775956E-05  7.5093019E-05  7.1102011E-05  6.6819004E-05
  6.2260478E-05  5.7446989E-05  5.2397507E-05  4.7132522E-05  4.1673484E-05
  3.6043970E-05  3.0265523E-05  2.4362505E-05  1.8360466E-05  1.2282505E-05
  6.1535839E-06  0.0000000E+00 -6.1535829E-06 -1.2282504E-05 -1.8360466E-05
 -2.4362507E-05 -3.0265523E-05 -3.6043970E-05 -4.1673480E-05 -4.7132518E-05
 -5.2397507E-05 -5.7446992E-05 -6.2260478E-05 -6.6819004E-05 -7.1102004E-05
 -7.5093019E-05 -7.8775949E-05 -8.2134531E-05 -8.5155487E-05 -8.7827997E-05
 -9.0137510E-05 -9.2078000E-05 -9.3639486E-05 -9.4816496E-05 -9.5604002E-05
 -9.5998505E-05  9.5998505E-05  9.5604002E-05  9.4816496E-05  9.3639494E-05
  9.2077986E-05  9.0137524E-05  8.7827997E-05  8.5155480E-05  8.2134531E-05
  7.8775949E-05  7.5093019E-05  7.1102004E-05  6.6819004E-05  6.2260478E-05
  5.7446992E-05  5.2397507E-05  4.7132518E-05  4.1673480E-05  3.6043974E-05
  3.0265523E-05  2.4362507E-05  1.8360466E-05  1.2282504E-05  6.1535825E-06
  0.0000000E+00 -6.1535834E-06 -1.2282505E-05 -1.8360464E-05 -2.4362505E-05
 -3.0265523E-05 -3.6043974E-05 -4.1673484E-05 -4.7132522E-05 -5.2397507E-05
 -5.7446989E-05 -6.2260478E-05 -6.6819004E-05 -7.1102011E-05 -7.5093019E-05
 -7.8775964E-05 -8.2134531E-05 -8.5155480E-05 -8.7827997E-05 -9.0137524E-05
 -9.2077993E-05 -9.3639486E-05 -9.4816489E-05 -9.5604002E-05 -9.5998505E-05
  9.5569492E-05  9.5176489E-05  9.4392992E-05  9.3220973E-05  9.1666494E-05
  8.9735011E-05  8.7434491E-05  8.4775500E-05  8.1767510E-05  7.8423458E-05
  7.4757518E-05  7.0784015E-05  6.6520493E-05  6.1982457E-05  5.7190544E-05
  5.2162963E-05  4.6922039E-05  4.1486990E-05  3.5882960E-05  3.0129999E-05
  2.4254021E-05  1.8277988E-05  1.2227521E-05  6.1265378E-06  0.0000000E+00
 -6.1265382E-06 -1.2227521E-05 -1.8277988E-05 -2.4254021E-05 -3.0129999E-05
 -3.5882964E-05 -4.1486990E-05 -4.6922043E-05 -5.2162963E-05 -5.7190544E-05
 -6.1982457E-05 -6.6520493E-05 -7.0784015E-05 -7.4757518E-05 -7.8423473E-05
 -8.1767510E-05 -8.4775500E-05 -8.7434484E-05 -8.9735018E-05 -9.1666494E-05
 -9.3220980E-05 -9.4392992E-05 -9.5176496E-05 -9.5569492E-05  9.4705516E-05
  9.4316012E-05  9.3540017E-05  9.2378519E-05  9.0837515E-05  8.8924011E-05
  8.6643493E-05  8.4009553E-05  8.1027982E-05  7.7714525E-05  7.4082025E-05
  7.0143986E-05  6.5919034E-05  6.1422485E-05  5.6673558E-05  5.1691499E-05
  4.6497960E-05  4.1112013E-05  3.5558045E-05  2.9857465E-05  2.4035577E-05
  1.8112440E-05  1.2117030E-05  6.0710322E-06  0.0000000E+00 -6.0710322E-06
 -1.2117030E-05 -1.8112438E-05 -2.4035580E-05 -2.9857467E-05 -3.5558045E-05
 -4.1112013E-05 -4.6497960E-05 -5.1691499E-05 -5.6673558E-05 -6.1422485E-05
 -6.5919034E-05 -7.0143979E-05 -7.4082025E-05 -7.7714525E-05 -8.1027982E-05
 -8.4009553E-05 -8.6643486E-05 -8.8924011E-05 -9.0837515E-05 -9.2378512E-05
 -9.3540017E-05 -9.4316012E-05 -9.4705516E-05  9.3394490E-05  9.3010480E-05
  9.2244976E-05  9.1099493E-05  8.9580477E-05  8.7692468E-05  8.5444459E-05
  8.2846534E-05  7.9906458E-05  7.6638520E-05  7.3056457E-05  6.9173489E-05
  6.5005966E-05  6.0572504E-05  5.5888511E-05  5.0976490E-05  4.5853954E-05
  4.0542996E-05  3.5065477E-05  2.9444538E-05  2.3702527E-05  1.7861945E-05
  1.1949535E-05  5.9864660E-06  0.0000000E+00 -5.9864660E-06 -1.1949535E-05
 -1.7861945E-05 -2.3702525E-05 -2.9444542E-05 -3.5065477E-05 -4.0542996E-05
 -4.5853954E-05 -5.0976494E-05 -5.5888511E-05 -6.0572496E-05 -6.5005966E-05
 -6.9173482E-05 -7.3056464E-05 -7.6638520E-05 -7.9906458E-05 -8.2846534E-05
 -8.5444452E-05 -8.7692468E-05 -8.9580477E-05 -9.1099493E-05 -9.2244976E-05
 -9.3010472E-05 -9.3394490E-05  9.1617017E-05  9.1241018E-05  9.0489011E-05
  8.9366018E-05  8.7875516E-05  8.6024003E-05  8.3818508E-05  8.1269514E-05
  7.8386525E-05  7.5180025E-05  7.1665992E-05  6.7857552E-05  6.3768486E-05
  5.9419992E-05  5.4825028E-05  5.0006001E-05  4.4981549E-05  3.9771505E-05
  3.4398443E-05  2.8884042E-05  2.3251030E-05  1.7522503E-05  1.1722000E-05
  5.8724754E-06  0.0000000E+00 -5.8724745E-06 -1.1722002E-05 -1.7522505E-05
 -2.3251032E-05 -2.8884042E-05 -3.4398447E-05 -3.9771505E-05 -4.4981549E-05
 -5.0006001E-05 -5.4825028E-05 -5.9419992E-05 -6.3768486E-05 -6.7857560E-05
 -7.1665992E-05 -7.5180018E-05 -7.8386533E-05 -8.1269514E-05 -8.3818508E-05
 -8.6024003E-05 -8.7875509E-05 -8.9366018E-05 -9.0489018E-05 -9.1241018E-05
 -9.1617017E-05  8.9345478E-05  8.8978479E-05  8.8245477E-05  8.7149972E-05
  8.5696483E-05  8.3891471E-05  8.1740487E-05  7.9253950E-05  7.6442528E-05
  7.3316449E-05  6.9889007E-05  6.6174514E-05  6.2187966E-05  5.7946465E-05
  5.3465497E-05  4.8765978E-05  4.3866516E-05  3.8785482E-05  3.3545486E-05
  2.8167507E-05  2.2674496E-05  1.7088500E-05  1.1430978E-05  5.7270358E-06
  0.0000000E+00 -5.7270363E-06 -1.1430976E-05 -1.7088500E-05 -2.2674496E-05
 -2.8167511E-05 -3.3545490E-05 -3.8785478E-05 -4.3866516E-05 -4.8765978E-05
 -5.3465505E-05 -5.7946469E-05 -6.2187966E-05 -6.6174514E-05 -6.9889014E-05
 -7.3316456E-05 -7.6442528E-05 -7.9253950E-05 -8.1740494E-05 -8.3891471E-05
 -8.5696483E-05 -8.7149965E-05 -8.8245484E-05 -8.8978479E-05 -8.9345478E-05
  8.6540545E-05  8.6184540E-05  8.5475549E-05  8.4413536E-05  8.3006045E-05
  8.1257524E-05  7.9174541E-05  7.6765515E-05  7.4042568E-05  7.1014540E-05
  6.7695037E-05  6.4096559E-05  6.0236005E-05  5.6127039E-05  5.1786523E-05
  4.7235517E-05  4.2489006E-05  3.7567523E-05  3.2492524E-05  2.7283517E-05
  2.1962533E-05  1.6551994E-05  1.1072016E-05  5.5470346E-06  0.0000000E+00
 -5.5470341E-06 -1.1072018E-05 -1.6551994E-05 -2.1962534E-05 -2.7283519E-05
 -3.2492524E-05 -3.7567523E-05 -4.2489006E-05 -4.7235513E-05 -5.1786523E-05
 -5.6127039E-05 -6.0236009E-05 -6.4096559E-05 -6.7695044E-05 -7.1014540E-05
 -7.4042575E-05 -7.6765522E-05 -7.9174541E-05 -8.1257524E-05 -8.3006045E-05
 -8.4413536E-05 -8.5475556E-05 -8.6184540E-05 -8.6540545E-05  8.3147490E-05
  8.2805484E-05  8.2123988E-05  8.1104481E-05  7.9751488E-05  7.8070989E-05
  7.6070486E-05  7.3755982E-05  7.1139497E-05  6.8230016E-05  6.5040949E-05
  6.1583509E-05  5.7874498E-05  5.3925989E-05  4.9756462E-05  4.5383527E-05
  4.0822470E-05  3.6095003E-05  3.1218482E-05  2.6213964E-05  2.1101532E-05
  1.5902478E-05  1.0638535E-05  5.3294757E-06  0.0000000E+00 -5.3294734E-06
 -1.0638533E-05 -1.5902478E-05 -2.1101532E-05 -2.6213973E-05 -3.1218482E-05
 -3.6095000E-05 -4.0822470E-05 -4.5383524E-05 -4.9756462E-05 -5.3925989E-05
 -5.7874498E-05 -6.1583509E-05 -6.5040949E-05 -6.8230009E-05 -7.1139482E-05
 -7.3755989E-05 -7.6070486E-05 -7.8070989E-05 -7.9751480E-05 -8.1104481E-05
 -8.2123981E-05 -8.2805476E-05 -8.3147490E-05  7.9089987E-05  7.8765486E-05
  7.8115991E-05  7.7146979E-05  7.5860480E-05  7.4260977E-05  7.2358976E-05
  7.0157002E-05  6.7667985E-05  6.4900989E-05  6.1866958E-05  5.8578502E-05
  5.5050506E-05  5.1294479E-05  4.7328984E-05  4.3168508E-05  3.8830483E-05
  3.4333978E-05  2.9694991E-05  2.4934514E-05  2.0071970E-05  1.5126502E-05
  1.0119526E-05  5.0694489E-06  0.0000000E+00 -5.0694489E-06 -1.0119526E-05
 -1.5126503E-05 -2.0071973E-05 -2.4934516E-05 -2.9694991E-05 -3.4333985E-05
 -3.8830483E-05 -4.3168508E-05 -4.7328984E-05 -5.1294479E-05 -5.5050503E-05
 -5.8578502E-05 -6.1866958E-05 -6.4900989E-05 -6.7667977E-05 -7.0157002E-05
 -7.2358976E-05 -7.4260977E-05 -7.5860487E-05 -7.7146971E-05 -7.8115983E-05
 -7.8765479E-05 -7.9089987E-05  7.4258489E-05  7.3953481E-05  7.3343996E-05
  7.2433482E-05  7.1226495E-05  6.9724476E-05  6.7938476E-05  6.5870991E-05
  6.3534470E-05  6.0935989E-05  5.8086986E-05  5.5000513E-05  5.1686984E-05
  4.8160993E-05  4.4438009E-05  4.0530962E-05  3.6458478E-05  3.2236010E-05
  2.7881479E-05  2.3411023E-05  1.8845978E-05  1.4202520E-05  9.5009782E-06
  4.7599901E-06  0.0000000E+00 -4.7599897E-06 -9.5009782E-06 -1.4202520E-05
 -1.8845976E-05 -2.3411023E-05 -2.7881484E-05 -3.2236014E-05 -3.6458478E-05
 -4.0530962E-05 -4.4438013E-05 -4.8160993E-05 -5.1686977E-05 -5.5000513E-05
 -5.8086986E-05 -6.0935999E-05 -6.3534470E-05 -6.5870991E-05 -6.7938476E-05
 -6.9724476E-05 -7.1226488E-05 -7.2433475E-05 -7.3343996E-05 -7.3953481E-05
 -7.4258489E-05  6.8485992E-05  6.8204477E-05  6.7642490E-05  6.6802982E-05
  6.5689499E-05  6.4304477E-05  6.2656480E-05  6.0750997E-05  5.8595473E-05
  5.6198503E-05  5.3571996E-05  5.0724997E-05  4.7668473E-05  4.4417524E-05
  4.0983476E-05  3.7380483E-05  3.3623979E-05  2.9730496E-05  2.5713998E-05
  2.1590997E-05  1.7381009E-05  1.3098490E-05  8.7624758E-06  4.3900282E-06
  0.0000000E+00 -4.3900322E-06 -8.7624758E-06 -1.3098495E-05 -1.7381008E-05
 -2.1590993E-05 -2.5714000E-05 -2.9730494E-05 -3.3623975E-05 -3.7380483E-05
 -4.0983476E-05 -4.4417520E-05 -4.7668469E-05 -5.0724997E-05 -5.3571988E-05
 -5.6198503E-05 -5.8595473E-05 -6.0750990E-05 -6.2656487E-05 -6.4304477E-05
 -6.5689499E-05 -6.6802975E-05 -6.7642490E-05 -6.8204477E-05 -6.8485992E-05
  6.1501029E-05  6.1248531E-05  6.0744023E-05  5.9990030E-05  5.8989554E-05
  5.7746522E-05  5.6266035E-05  5.4555549E-05  5.2619002E-05  5.0467039E-05
  4.8109043E-05  4.5551013E-05  4.2806994E-05  3.9887564E-05  3.6803500E-05
  3.3568529E-05  3.0194497E-05  2.6698501E-05  2.3091525E-05  1.9388988E-05
  1.5608006E-05  1.1763018E-05  7.8684861E-06  3.9425504E-06  0.0000000E+00
 -3.9425504E-06 -7.8684898E-06 -1.1763021E-05 -1.5608010E-05 -1.9388992E-05
 -2.3091521E-05 -2.6698501E-05 -3.0194500E-05 -3.3568533E-05 -3.6803500E-05
 -3.9887564E-05 -4.2806998E-05 -4.5551013E-05 -4.8109039E-05 -5.0467039E-05
 -5.2619002E-05 -5.4555545E-05 -5.6266032E-05 -5.7746522E-05 -5.8989554E-05
 -5.9990030E-05 -6.0744027E-05 -6.1248531E-05 -6.1501036E-05  5.2804531E-05
  5.2587522E-05  5.2154530E-05  5.1507021E-05  5.0647533E-05  4.9581024E-05
  4.8310016E-05  4.6840538E-05  4.5178524E-05  4.3331016E-05  4.1306041E-05
  3.9109513E-05  3.6753998E-05  3.4247041E-05  3.1599513E-05  2.8821520E-05
  2.5925019E-05  2.2922990E-05  1.9826040E-05  1.6647478E-05  1.3400999E-05
  1.0099523E-05  6.7560018E-06  3.3850276E-06  0.0000000E+00 -3.3850276E-06
 -6.7560090E-06 -1.0099523E-05 -1.3400992E-05 -1.6647469E-05 -1.9826040E-05
 -2.2922986E-05 -2.5925021E-05 -2.8821527E-05 -3.1599513E-05 -3.4247045E-05
 -3.6753994E-05 -3.9109509E-05 -4.1306041E-05 -4.3331012E-05 -4.5178524E-05
 -4.6840545E-05 -4.8310023E-05 -4.9581020E-05 -5.0647541E-05 -5.1507021E-05
 -5.2154530E-05 -5.2587522E-05 -5.2804528E-05  4.1224455E-05  4.1054955E-05
  4.0716466E-05  4.0211457E-05  3.9540468E-05  3.8707461E-05  3.7715970E-05
  3.6567966E-05  3.5270961E-05  3.3827946E-05  3.2247499E-05  3.0532952E-05
  2.8693461E-05  2.6736474E-05  2.4669487E-05  2.2500972E-05  2.0239499E-05
  1.7895967E-05  1.5478010E-05  1.2996463E-05  1.0462486E-05  7.8845169E-06
  5.2745072E-06  2.6424982E-06  0.0000000E+00 -2.6424909E-06 -5.2744995E-06
 -7.8845169E-06 -1.0462486E-05 -1.2996463E-05 -1.5478003E-05 -1.7895965E-05
 -2.0239502E-05 -2.2500972E-05 -2.4669485E-05 -2.6736476E-05 -2.8693465E-05
 -3.0532952E-05 -3.2247499E-05 -3.3827950E-05 -3.5270965E-05 -3.6567963E-05
 -3.7715967E-05 -3.8707461E-05 -3.9540468E-05 -4.0211457E-05 -4.0716466E-05
 -4.1054955E-05 -4.1224463E-05  1.7251510E-05  1.7180508E-05  1.7039010E-05
  1.6827509E-05  1.6547008E-05  1.6198008E-05  1.5783515E-05  1.5303007E-05
  1.4760009E-05  1.4155999E-05  1.3495021E-05  1.2777492E-05  1.2007511E-05
  1.1188506E-05  1.0323512E-05  9.4164961E-06  8.4695075E-06  7.4890104E-06
  6.4775013E-06  5.4384982E-06  4.3785035E-06  3.2995101E-06  2.2069935E-06
  1.1060021E-06  0.0000000E+00 -1.1060021E-06 -2.2069935E-06 -3.2995101E-06
 -4.3785035E-06 -5.4384982E-06 -6.4775013E-06 -7.4890104E-06 -8.4695075E-06
 -9.4164961E-06 -1.0323512E-05 -1.1188506E-05 -1.2007511E-05 -1.2777492E-05
 -1.3495021E-05 -1.4155999E-05 -1.4760009E-05 -1.5303007E-05 -1.5783515E-05
 -1.6198008E-05 -1.6547008E-05 -1.6827509E-05 -1.7039010E-05 -1.7180508E-05
 -1.7251510E-05
  9.6107151E-06  9.6105723E-06  9.6100430E-06  9.6100766E-06  9.6105005E-06
  9.6105077E-06  9.6103795E-06  9.6107606E-06  9.6102531E-06  9.6102804E-06
  9.6103277E-06  9.6103840E-06  9.6110161E-06  9.6108624E-06  9.6101439E-06
  9.6100248E-06  9.6100321E-06  9.6099338E-06  9.6101276E-06  9.6105541E-06
  9.6103449E-06  9.6100030E-06  9.6106642E-06  9.6107524E-06  9.6105487E-06
  9.6107515E-06  9.6106642E-06  9.6100011E-06  9.6103449E-06  9.6105550E-06
  9.6101267E-06  9.6099320E-06  9.6100321E-06  9.6100248E-06  9.6101430E-06
  9.6108633E-06  9.6110161E-06  9.6103850E-06  9.6103286E-06  9.6102804E-06
  9.6102540E-06  9.6107615E-06  9.6103795E-06  9.6105077E-06  9.6104995E-06
  9.6100766E-06  9.6100430E-06  9.6105732E-06  9.6107151E-06  3.2034975E-06
  3.2036173E-06  3.2039397E-06  3.2038802E-06  3.2035969E-06  3.2033392E-06
  3.2031971E-06  3.2033211E-06  3.2034968E-06  3.2033668E-06  3.2036708E-06
  3.2038874E-06  3.2033413E-06  3.2033622E-06  3.2035909E-06  3.2036521E-06
  3.2037156E-06  3.2037874E-06  3.2040066E-06  3.2036273E-06  3.2036567E-06
  3.2041587E-06  3.2040248E-06  3.2034957E-06  3.2031949E-06  3.2035432E-06
  3.2040246E-06  3.2041589E-06  3.2036569E-06  3.2036273E-06  3.2040066E-06
  3.2037874E-06  3.2037156E-06  3.2036521E-06  3.2035909E-06  3.2033622E-06
  3.2033411E-06  3.2038872E-06  3.2036712E-06  3.2033668E-06  3.2034966E-06
  3.2033213E-06  3.2031971E-06  3.2033388E-06  3.2035969E-06  3.2038799E-06
  3.2039400E-06  3.2036173E-06  3.2034975E-06 -3.2034975E-06 -3.2036171E-06
 -3.2039400E-06 -3.2038802E-06 -3.2035964E-06 -3.2033390E-06 -3.2031971E-06
 -3.2033211E-06 -3.2034964E-06 -3.2033668E-06 -3.2036712E-06 -3.2038870E-06
 -3.2033413E-06 -3.2033622E-06 -3.2035909E-06 -3.2036521E-06 -3.2037156E-06
 -3.2037876E-06 -3.2040066E-06 -3.2036273E-06 -3.2036569E-06 -3.2041589E-06
 -3.2040246E-06 -3.2034955E-06 -3.2031953E-06 -3.2035430E-06 -3.2040248E-06
 -3.2041587E-06 -3.2036567E-06 -3.2036273E-06 -3.2040066E-06 -3.2037876E-06
 -3.2037153E-06 -3.2036521E-06 -3.2035909E-06 -3.2033622E-06 -3.2033413E-06
 -3.2038874E-06 -3.2036708E-06 -3.2033670E-06 -3.2034964E-06 -3.2033211E-06
 -3.2031971E-06 -3.2033390E-06 -3.2035966E-06 -3.2038799E-06 -3.2039397E-06
 -3.2036173E-06 -3.2034975E-06 -9.6107151E-06 -9.6105714E-06 -9.6100430E-06
 -9.6100766E-06 -9.6104995E-06 -9.6105077E-06 -9.6103804E-06 -9.6107615E-06
 -9.6102540E-06 -9.6102804E-06 -9.6103277E-06 -9.6103850E-06 -9.6110161E-06
 -9.6108633E-06 -9.6101439E-06 -9.6100248E-06 -9.6100321E-06 -9.6099329E-06
 -9.6101257E-06 -9.6105541E-06 -9.6103449E-06 -9.6100021E-06 -9.6106651E-06
 -9.6107515E-06 -9.6105468E-06 -9.6107524E-06 -9.6106651E-06 -9.6100021E-06
 -9.6103449E-06 -9.6105541E-06 -9.6101267E-06 -9.6099329E-06 -9.6100321E-06
 -9.6100248E-06 -9.6101439E-06 -9.6108624E-06 -9.6110161E-06 -9.6103850E-06
 -9.6103277E-06 -9.6102804E-06 -9.6102531E-06 -9.6107615E-06 -9.6103795E-06
 -9.6105086E-06 -9.6105005E-06 -9.6100766E-06 -9.6100430E-06 -9.6105723E-06
 -9.6107151E-06 -1.6017446E-05 -1.6017217E-05 -1.6017935E-05 -1.6017993E-05
 -1.6017744E-05 -1.6017815E-05 -1.6017806E-05 -1.6017590E-05 -1.6017377E-05
 -1.6017704E-05 -1.6017908E-05 -1.6017668E-05 -1.6017464E-05 -1.6017464E-05
 -1.6017806E-05 -1.6017995E-05 -1.6017566E-05 -1.6017304E-05 -1.6017641E-05
 -1.6017930E-05 -1.6017610E-05 -1.6017417E-05 -1.6016924E-05 -1.6016969E-05
 -1.6017242E-05 -1.6016969E-05 -1.6016924E-05 -1.6017417E-05 -1.6017610E-05
 -1.6017930E-05 -1.6017641E-05 -1.6017302E-05 -1.6017562E-05 -1.6017993E-05
 -1.6017806E-05 -1.6017462E-05 -1.6017464E-05 -1.6017666E-05 -1.6017908E-05
 -1.6017708E-05 -1.6017377E-05 -1.6017590E-05 -1.6017804E-05 -1.6017817E-05
 -1.6017744E-05 -1.6017992E-05 -1.6017937E-05 -1.6017217E-05 -1.6017446E-05
 -2.2424678E-05 -2.2424683E-05 -2.2424454E-05 -2.2424038E-05 -2.2424363E-05
 -2.2424450E-05 -2.2424321E-05 -2.2424523E-05 -2.2424549E-05 -2.2424525E-05
 -2.2424454E-05 -2.2423879E-05 -2.2424405E-05 -2.2424443E-05 -2.2424130E-05
 -2.2424420E-05 -2.2424385E-05 -2.2425049E-05 -2.2424649E-05 -2.2424359E-05
 -2.2424509E-05 -2.2424840E-05 -2.2424747E-05 -2.2425236E-05 -2.2425203E-05
 -2.2425238E-05 -2.2424745E-05 -2.2424840E-05 -2.2424510E-05 -2.2424358E-05
 -2.2424649E-05 -2.2425051E-05 -2.2424385E-05 -2.2424423E-05 -2.2424132E-05
 -2.2424441E-05 -2.2424407E-05 -2.2423876E-05 -2.2424458E-05 -2.2424525E-05
 -2.2424550E-05 -2.2424523E-05 -2.2424319E-05 -2.2424450E-05 -2.2424361E-05
 -2.2424038E-05 -2.2424454E-05 -2.2424680E-05 -2.2424678E-05 -2.8831233E-05
 -2.8831566E-05 -2.8831701E-05 -2.8831628E-05 -2.8831184E-05 -2.8831580E-05
 -2.8831833E-05 -2.8831924E-05 -2.8831690E-05 -2.8831306E-05 -2.8831726E-05
 -2.8832368E-05 -2.8831604E-05 -2.8831520E-05 -2.8831577E-05 -2.8831822E-05
 -2.8831812E-05 -2.8831480E-05 -2.8831124E-05 -2.8831551E-05 -2.8831910E-05
 -2.8831741E-05 -2.8831348E-05 -2.8831257E-05 -2.8831009E-05 -2.8831257E-05
 -2.8831348E-05 -2.8831742E-05 -2.8831910E-05 -2.8831551E-05 -2.8831126E-05
 -2.8831484E-05 -2.8831812E-05 -2.8831822E-05 -2.8831577E-05 -2.8831524E-05
 -2.8831604E-05 -2.8832368E-05 -2.8831726E-05 -2.8831304E-05 -2.8831693E-05
 -2.8831924E-05 -2.8831835E-05 -2.8831577E-05 -2.8831182E-05 -2.8831630E-05
 -2.8831702E-05 -2.8831566E-05 -2.8831233E-05 -3.5238809E-05 -3.5238743E-05
 -3.5238325E-05 -3.5238343E-05 -3.5238860E-05 -3.5238823E-05 -3.5238321E-05
 -3.5238347E-05 -3.5238860E-05 -3.5238732E-05 -3.5238376E-05 -3.5238532E-05
 -3.5238580E-05 -3.5238510E-05 -3.5238929E-05 -3.5238620E-05 -3.5238569E-05
 -3.5238598E-05 -3.5238703E-05 -3.5238612E-05 -3.5238743E-05 -3.5238500E-05
 -3.5238663E-05 -3.5238892E-05 -3.5239238E-05 -3.5238896E-05 -3.5238663E-05
 -3.5238496E-05 -3.5238743E-05 -3.5238616E-05 -3.5238703E-05 -3.5238598E-05
 -3.5238569E-05 -3.5238620E-05 -3.5238929E-05 -3.5238514E-05 -3.5238580E-05
 -3.5238532E-05 -3.5238372E-05 -3.5238736E-05 -3.5238856E-05 -3.5238347E-05
 -3.5238329E-05 -3.5238823E-05 -3.5238860E-05 -3.5238343E-05 -3.5238321E-05
 -3.5238743E-05 -3.5238809E-05 -4.1645791E-05 -4.1645686E-05 -4.1646315E-05
 -4.1645562E-05 -4.1645530E-05 -4.1645879E-05 -4.1645955E-05 -4.1645275E-05
 -4.1645362E-05 -4.1645850E-05 -4.1646228E-05 -4.1645588E-05 -4.1645562E-05
 -4.1645562E-05 -4.1645755E-05 -4.1645842E-05 -4.1646050E-05 -4.1645944E-05
 -4.1646297E-05 -4.1645049E-05 -4.1645479E-05 -4.1645613E-05 -4.1645457E-05
 -4.1645417E-05 -4.1645628E-05 -4.1645413E-05 -4.1645457E-05 -4.1645613E-05
 -4.1645479E-05 -4.1645057E-05 -4.1646297E-05 -4.1645944E-05 -4.1646050E-05
 -4.1645839E-05 -4.1645755E-05 -4.1645559E-05 -4.1645566E-05 -4.1645588E-05
 -4.1646235E-05 -4.1645850E-05 -4.1645362E-05 -4.1645275E-05 -4.1645955E-05
 -4.1645872E-05 -4.1645530E-05 -4.1645562E-05 -4.1646319E-05 -4.1645686E-05
 -4.1645791E-05 -4.8052472E-05 -4.8052490E-05 -4.8052731E-05 -4.8052545E-05
 -4.8052465E-05 -4.8052247E-05 -4.8052880E-05 -4.8052574E-05 -4.8052669E-05
 -4.8052694E-05 -4.8052261E-05 -4.8052316E-05 -4.8052909E-05 -4.8052596E-05
 -4.8052414E-05 -4.8052403E-05 -4.8052469E-05 -4.8052141E-05 -4.8052534E-05
 -4.8052516E-05 -4.8053178E-05 -4.8052530E-05 -4.8052832E-05 -4.8052632E-05
 -4.8052298E-05 -4.8052625E-05 -4.8052832E-05 -4.8052530E-05 -4.8053178E-05
 -4.8052520E-05 -4.8052530E-05 -4.8052141E-05 -4.8052476E-05 -4.8052403E-05
 -4.8052414E-05 -4.8052596E-05 -4.8052909E-05 -4.8052319E-05 -4.8052261E-05
 -4.8052687E-05 -4.8052665E-05 -4.8052578E-05 -4.8052872E-05 -4.8052250E-05
 -4.8052465E-05 -4.8052545E-05 -4.8052731E-05 -4.8052487E-05 -4.8052472E-05
 -5.4460041E-05 -5.4460099E-05 -5.4459193E-05 -5.4460012E-05 -5.4460244E-05
 -5.4459520E-05 -5.4460168E-05 -5.4459419E-05 -5.4459379E-05 -5.4459990E-05
 -5.4459870E-05 -5.4459953E-05 -5.4459946E-05 -5.4459346E-05 -5.4459644E-05
 -5.4460106E-05 -5.4459546E-05 -5.4459757E-05 -5.4460248E-05 -5.4459815E-05
 -5.4460179E-05 -5.4459506E-05 -5.4459757E-05 -5.4460263E-05 -5.4460284E-05
 -5.4460263E-05 -5.4459753E-05 -5.4459506E-05 -5.4460179E-05 -5.4459812E-05
 -5.4460237E-05 -5.4459757E-05 -5.4459546E-05 -5.4460106E-05 -5.4459641E-05
 -5.4459346E-05 -5.4459946E-05 -5.4459953E-05 -5.4459881E-05 -5.4459986E-05
 -5.4459382E-05 -5.4459419E-05 -5.4460175E-05 -5.4459520E-05 -5.4460248E-05
 -5.4460008E-05 -5.4459193E-05 -5.4460099E-05 -5.4460041E-05 -6.0866481E-05
 -6.0866550E-05 -6.0866663E-05 -6.0866339E-05 -6.0867031E-05 -6.0866409E-05
 -6.0867231E-05 -6.0866521E-05 -6.0866550E-05 -6.0866576E-05 -6.0866598E-05
 -6.0866845E-05 -6.0866765E-05 -6.0866601E-05 -6.0867005E-05 -6.0866005E-05
 -6.0866209E-05 -6.0867176E-05 -6.0866540E-05 -6.0866110E-05 -6.0866445E-05
 -6.0866194E-05 -6.0866420E-05 -6.0866307E-05 -6.0866336E-05 -6.0866303E-05
 -6.0866420E-05 -6.0866194E-05 -6.0866438E-05 -6.0866110E-05 -6.0866543E-05
 -6.0867176E-05 -6.0866205E-05 -6.0866005E-05 -6.0867016E-05 -6.0866601E-05
 -6.0866761E-05 -6.0866845E-05 -6.0866598E-05 -6.0866583E-05 -6.0866550E-05
 -6.0866525E-05 -6.0867231E-05 -6.0866401E-05 -6.0867023E-05 -6.0866332E-05
 -6.0866671E-05 -6.0866550E-05 -6.0866481E-05 -6.7273730E-05 -6.7273868E-05
 -6.7273402E-05 -6.7273497E-05 -6.7274392E-05 -6.7273570E-05 -6.7273300E-05
 -6.7274232E-05 -6.7273657E-05 -6.7273249E-05 -6.7273744E-05 -6.7273300E-05
 -6.7273679E-05 -6.7273912E-05 -6.7273882E-05 -6.7273701E-05 -6.7274057E-05
 -6.7273795E-05 -6.7273213E-05 -6.7273853E-05 -6.7274057E-05 -6.7273999E-05
 -6.7273657E-05 -6.7273970E-05 -6.7273890E-05 -6.7273977E-05 -6.7273657E-05
 -6.7274006E-05 -6.7274050E-05 -6.7273853E-05 -6.7273220E-05 -6.7273795E-05
 -6.7274050E-05 -6.7273701E-05 -6.7273882E-05 -6.7273912E-05 -6.7273679E-05
 -6.7273300E-05 -6.7273730E-05 -6.7273249E-05 -6.7273657E-05 -6.7274210E-05
 -6.7273300E-05 -6.7273570E-05 -6.7274392E-05 -6.7273490E-05 -6.7273402E-05
 -6.7273868E-05 -6.7273730E-05 -7.3680691E-05 -7.3680916E-05 -7.3680771E-05
 -7.3680989E-05 -7.3681018E-05 -7.3681003E-05 -7.3680298E-05 -7.3681585E-05
 -7.3680618E-05 -7.3680829E-05 -7.3681746E-05 -7.3680880E-05 -7.3680734E-05
 -7.3681018E-05 -7.3680771E-05 -7.3681083E-05 -7.3680021E-05 -7.3681003E-05
 -7.3681498E-05 -7.3680480E-05 -7.3680254E-05 -7.3680734E-05 -7.3680814E-05
 -7.3681695E-05 -7.3679650E-05 -7.3681687E-05 -7.3680822E-05 -7.3680727E-05
 -7.3680254E-05 -7.3680472E-05 -7.3681498E-05 -7.3681003E-05 -7.3680021E-05
 -7.3681091E-05 -7.3680771E-05 -7.3681018E-05 -7.3680741E-05 -7.3680894E-05
 -7.3681746E-05 -7.3680829E-05 -7.3680618E-05 -7.3681585E-05 -7.3680298E-05
 -7.3681003E-05 -7.3681018E-05 -7.3680989E-05 -7.3680771E-05 -7.3680916E-05
 -7.3680691E-05 -8.0087957E-05 -8.0087681E-05 -8.0087630E-05 -8.0087622E-05
 -8.0087048E-05 -8.0087921E-05 -8.0087957E-05 -8.0087892E-05 -8.0087659E-05
 -8.0087499E-05 -8.0088328E-05 -8.0087266E-05 -8.0087128E-05 -8.0087957E-05
 -8.0088023E-05 -8.0088474E-05 -8.0086807E-05 -8.0088241E-05 -8.0087790E-05
 -8.0087666E-05 -8.0088284E-05 -8.0087528E-05 -8.0087942E-05 -8.0088335E-05
 -8.0087040E-05 -8.0088335E-05 -8.0087935E-05 -8.0087528E-05 -8.0088284E-05
 -8.0087659E-05 -8.0087790E-05 -8.0088248E-05 -8.0086815E-05 -8.0088481E-05
 -8.0088023E-05 -8.0087964E-05 -8.0087120E-05 -8.0087266E-05 -8.0088328E-05
 -8.0087499E-05 -8.0087659E-05 -8.0087899E-05 -8.0087957E-05 -8.0087906E-05
 -8.0087048E-05 -8.0087622E-05 -8.0087622E-05 -8.0087681E-05 -8.0087950E-05
 -8.6495165E-05 -8.6495107E-05 -8.6494249E-05 -8.6495311E-05 -8.6494314E-05
 -8.6494343E-05 -8.6495791E-05 -8.6494489E-05 -8.6494823E-05 -8.6494489E-05
 -8.6495551E-05 -8.6494561E-05 -8.6493936E-05 -8.6495224E-05 -8.6494794E-05
 -8.6495143E-05 -8.6494358E-05 -8.6495347E-05 -8.6493485E-05 -8.6494903E-05
 -8.6495755E-05 -8.6493805E-05 -8.6495100E-05 -8.6495362E-05 -8.6493659E-05
 -8.6495362E-05 -8.6495093E-05 -8.6493805E-05 -8.6495755E-05 -8.6494903E-05
 -8.6493485E-05 -8.6495347E-05 -8.6494343E-05 -8.6495143E-05 -8.6494787E-05
 -8.6495231E-05 -8.6493928E-05 -8.6494569E-05 -8.6495551E-05 -8.6494503E-05
 -8.6494816E-05 -8.6494489E-05 -8.6495784E-05 -8.6494350E-05 -8.6494314E-05
 -8.6495318E-05 -8.6494249E-05 -8.6495107E-05 -8.6495165E-05 -9.2902090E-05
 -9.2901610E-05 -9.2901304E-05 -9.2901806E-05 -9.2902250E-05 -9.2900351E-05
 -9.2903756E-05 -9.2903065E-05 -9.2901428E-05 -9.2900154E-05 -9.2902861E-05
 -9.2901682E-05 -9.2901486E-05 -9.2902206E-05 -9.2900918E-05 -9.2902315E-05
 -9.2901966E-05 -9.2901813E-05 -9.2900562E-05 -9.2901275E-05 -9.2903290E-05
 -9.2901879E-05 -9.2901188E-05 -9.2902730E-05 -9.2900220E-05 -9.2902737E-05
 -9.2901188E-05 -9.2901879E-05 -9.2903290E-05 -9.2901268E-05 -9.2900562E-05
 -9.2901813E-05 -9.2901973E-05 -9.2902315E-05 -9.2900926E-05 -9.2902206E-05
 -9.2901486E-05 -9.2901682E-05 -9.2902861E-05 -9.2900154E-05 -9.2901428E-05
 -9.2903058E-05 -9.2903756E-05 -9.2900351E-05 -9.2902250E-05 -9.2901799E-05
 -9.2901304E-05 -9.2901610E-05 -9.2902097E-05  9.6107151E-06  9.6105723E-06
  9.6100430E-06  9.6100766E-06  9.6105005E-06  9.6105077E-06  9.6103795E-06
  9.6107606E-06  9.6102531E-06  9.6102804E-06  9.6103277E-06  9.6103840E-06
  9.6110161E-06  9.6108624E-06  9.6101439E-06  9.6100248E-06  9.6100321E-06
  9.6099338E-06  9.6101276E-06  9.6105541E-06  9.6103449E-06  9.6100030E-06
  9.6106642E-06  9.6107524E-06  9.6105487E-06  9.6107515E-06  9.6106642E-06
  9.6100011E-06  9.6103449E-06  9.6105550E-06  9.6101267E-06  9.6099320E-06
  9.6100321E-06  9.6100248E-06  9.6101430E-06  9.6108633E-06  9.6110161E-06
  9.6103850E-06  9.6103286E-06  9.6102804E-06  9.6102540E-06  9.6107615E-06
  9.6103795E-06  9.6105077E-06  9.6104995E-06  9.6100766E-06  9.6100430E-06
  9.6105732E-06  9.6107151E-06  3.2034975E-06  3.2036173E-06  3.2039397E-06
  3.2038802E-06  3.2035969E-06  3.2033392E-06  3.2031971E-06  3.2033211E-06
  3.2034968E-06  3.2033668E-06  3.2036708E-06  3.2038874E-06  3.2033413E-06
  3.2033622E-06  3.2035909E-06  3.2036521E-06  3.2037156E-06  3.2037874E-06
  3.2040066E-06  3.2036273E-06  3.2036567E-06  3.2041587E-06  3.2040248E-06
  3.2034957E-06  3.2031949E-06  3.2035432E-06  3.2040246E-06  3.2041589E-06
  3.2036569E-06  3.2036273E-06  3.2040066E-06  3.2037874E-06  3.2037156E-06
  3.2036521E-06  3.2035909E-06  3.2033622E-06  3.2033411E-06  3.2038872E-06
  3.2036712E-06  3.2033668E-06  3.2034966E-06  3.2033213E-06  3.2031971E-06
  3.2033388E-06  3.2035969E-06  3.2038799E-06  3.2039400E-06  3.2036173E-06
  3.2034975E-06 -3.2034975E-06 -3.2036171E-06 -3.2039400E-06 -3.2038802E-06
 -3.2035964E-06 -3.2033390E-06 -3.2031971E-06 -3.2033211E-06 -3.2034964E-06
 -3.2033668E-06 -3.2036712E-06 -3.2038870E-06 -3.2033413E-06 -3.2033622E-06
 -3.2035909E-06 -3.2036521E-06 -3.2037156E-06 -3.2037876E-06 -3.2040066E-06
 -3.2036273E-06 -3.2036569E-06 -3.2041589E-06 -3.2040246E-06 -3.2034955E-06
 -3.2031953E-06 -3.2035430E-06 -3.2040248E-06 -3.2041587E-06 -3.2036567E-06
 -3.2036273E-06 -3.2040066E-06 -3.2037876E-06 -3.2037153E-06 -3.2036521E-06
 -3.2035909E-06 -3.2033622E-06 -3.2033413E-06 -3.2038874E-06 -3.2036708E-06
 -3.2033670E-06 -3.2034964E-06 -3.2033211E-06 -3.2031971E-06 -3.2033390E-06
 -3.2035966E-06 -3.2038799E-06 -3.2039397E-06 -3.2036173E-06 -3.2034975E-06
 -9.6107151E-06 -9.6105714E-06 -9.6100430E-06 -9.6100766E-06 -9.6104995E-06
 -9.6105077E-06 -9.6103804E-06 -9.6107615E-06 -9.6102540E-06 -9.6102804E-06
 -9.6103277E-06 -9.6103850E-06 -9.6110161E-06 -9.6108633E-06 -9.6101439E-06
 -9.6100248E-06 -9.6100321E-06 -9.6099329E-06 -9.6101257E-06 -9.6105541E-06
 -9.6103449E-06 -9.6100021E-06 -9.6106651E-06 -9.6107515E-06 -9.6105468E-06
 -9.6107524E-06 -9.6106651E-06 -9.6100021E-06 -9.6103449E-06 -9.6105541E-06
 -9.6101267E-06 -9.6099329E-06 -9.6100321E-06 -9.6100248E-06 -9.6101439E-06
 -9.6108624E-06 -9.6110161E-06 -9.6103850E-06 -9.6103277E-06 -9.6102804E-06
 -9.6102531E-06 -9.6107615E-06 -9.6103795E-06 -9.6105086E-06 -9.6105005E-06
 -9.6100766E-06 -9.6100430E-06 -9.6105723E-06 -9.6107151E-06 -1.6017446E-05
 -1.6017217E-05 -1.6017935E-05 -1.6017993E-05 -1.6017744E-05 -1.6017815E-05
 -1.6017806E-05 -1.6017590E-05 -1.6017377E-05 -1.6017704E-05 -1.6017908E-05
 -1.6017668E-05 -1.6017464E-05 -1.6017464E-05 -1.6017806E-05 -1.6017995E-05
 -1.6017566E-05 -1.6017304E-05 -1.6017641E-05 -1.6017930E-05 -1.6017610E-05
 -1.6017417E-05 -1.6016924E-05 -1.6016969E-05 -1.6017242E-05 -1.6016969E-05
 -1.6016924E-05 -1.6017417E-05 -1.6017610E-05 -1.6017930E-05 -1.6017641E-05
 -1.6017302E-05 -1.6017562E-05 -1.6017993E-05 -1.6017806E-05 -1.6017462E-05
 -1.6017464E-05 -1.6017666E-05 -1.6017908E-05 -1.6017708E-05 -1.6017377E-05
 -1.6017590E-05 -1.6017804E-05 -1.6017817E-05 -1.6017744E-05 -1.6017992E-05
 -1.6017937E-05 -1.6017217E-05 -1.6017446E-05 -2.2424678E-05 -2.2424683E-05
 -2.2424454E-05 -2.2424038E-05 -2.2424363E-05 -2.2424450E-05 -2.2424321E-05
 -2.2424523E-05 -2.2424549E-05 -2.2424525E-05 -2.2424454E-05 -2.2423879E-05
 -2.2424405E-05 -2.2424443E-05 -2.2424130E-05 -2.2424420E-05 -2.2424385E-05
 -2.2425049E-05 -2.2424649E-05 -2.2424359E-05 -2.2424509E-05 -2.2424840E-05
 -2.2424747E-05 -2.2425236E-05 -2.2425203E-05 -2.2425238E-05 -2.2424745E-05
 -2.2424840E-05 -2.2424510E-05 -2.2424358E-05 -2.2424649E-05 -2.2425051E-05
 -2.2424385E-05 -2.2424423E-05 -2.2424132E-05 -2.2424441E-05 -2.2424407E-05
 -2.2423876E-05 -2.2424458E-05 -2.2424525E-05 -2.2424550E-05 -2.2424523E-05
 -2.2424319E-05 -2.2424450E-05 -2.2424361E-05 -2.2424038E-05 -2.2424454E-05
 -2.2424680E-05 -2.2424678E-05 -2.8831233E-05 -2.8831566E-05 -2.8831701E-05
 -2.8831628E-05 -2.8831184E-05 -2.8831580E-05 -2.8831833E-05 -2.8831924E-05
 -2.8831690E-05 -2.8831306E-05 -2.8831726E-05 -2.8832368E-05 -2.8831604E-05
 -2.8831520E-05 -2.8831577E-05 -2.8831822E-05 -2.8831812E-05 -2.8831480E-05
 -2.8831124E-05 -2.8831551E-05 -2.8831910E-05 -2.8831741E-05 -2.8831348E-05
 -2.8831257E-05 -2.8831009E-05 -2.8831257E-05 -2.8831348E-05 -2.8831742E-05
 -2.8831910E-05 -2.8831551E-05 -2.8831126E-05 -2.8831484E-05 -2.8831812E-05
 -2.8831822E-05 -2.8831577E-05 -2.8831524E-05 -2.8831604E-05 -2.8832368E-05
 -2.8831726E-05 -2.8831304E-05 -2.8831693E-05 -2.8831924E-05 -2.8831835E-05
 -2.8831577E-05 -2.8831182E-05 -2.8831630E-05 -2.8831702E-05 -2.8831566E-05
 -2.8831233E-05 -3.5238809E-05 -3.5238743E-05 -3.5238325E-05 -3.5238343E-05
 -3.5238860E-05 -3.5238823E-05 -3.5238321E-05 -3.5238347E-05 -3.5238860E-05
 -3.5238732E-05 -3.5238376E-05 -3.5238532E-05 -3.5238580E-05 -3.5238510E-05
 -3.5238929E-05 -3.5238620E-05 -3.5238569E-05 -3.5238598E-05 -3.5238703E-05
 -3.5238612E-05 -3.5238743E-05 -3.5238500E-05 -3.5238663E-05 -3.5238892E-05
 -3.5239238E-05 -3.5238896E-05 -3.5238663E-05 -3.5238496E-05 -3.5238743E-05
 -3.5238616E-05 -3.5238703E-05 -3.5238598E-05 -3.5238569E-05 -3.5238620E-05
 -3.5238929E-05 -3.5238514E-05 -3.5238580E-05 -3.5238532E-05 -3.5238372E-05
 -3.5238736E-05 -3.5238856E-05 -3.5238347E-05 -3.5238329E-05 -3.5238823E-05
 -3.5238860E-05 -3.5238343E-05 -3.5238321E-05 -3.5238743E-05 -3.5238809E-05
 -4.1645791E-05 -4.1645686E-05 -4.1646315E-05 -4.1645562E-05 -4.1645530E-05
 -4.1645879E-05 -4.1645955E-05 -4.1645275E-05 -4.1645362E-05 -4.1645850E-05
 -4.1646228E-05 -4.1645588E-05 -4.1645562E-05 -4.1645562E-05 -4.1645755E-05
 -4.1645842E-05 -4.1646050E-05 -4.1645944E-05 -4.1646297E-05 -4.1645049E-05
 -4.1645479E-05 -4.1645613E-05 -4.1645457E-05 -4.1645417E-05 -4.1645628E-05
 -4.1645413E-05 -4.1645457E-05 -4.1645613E-05 -4.1645479E-05 -4.1645057E-05
 -4.1646297E-05 -4.1645944E-05 -4.1646050E-05 -4.1645839E-05 -4.1645755E-05
 -4.1645559E-05 -4.1645566E-05 -4.1645588E-05 -4.1646235E-05 -4.1645850E-05
 -4.1645362E-05 -4.1645275E-05 -4.1645955E-05 -4.1645872E-05 -4.1645530E-05
 -4.1645562E-05 -4.1646319E-05 -4.1645686E-05 -4.1645791E-05 -4.8052472E-05
 -4.8052490E-05 -4.8052731E-05 -4.8052545E-05 -4.8052465E-05 -4.8052247E-05
 -4.8052880E-05 -4.8052574E-05 -4.8052669E-05 -4.8052694E-05 -4.8052261E-05
 -4.8052316E-05 -4.8052909E-05 -4.8052596E-05 -4.8052414E-05 -4.8052403E-05
 -4.8052469E-05 -4.8052141E-05 -4.8052534E-05 -4.8052516E-05 -4.8053178E-05
 -4.8052530E-05 -4.8052832E-05 -4.8052632E-05 -4.8052298E-05 -4.8052625E-05
 -4.8052832E-05 -4.8052530E-05 -4.8053178E-05 -4.8052520E-05 -4.8052530E-05
 -4.8052141E-05 -4.8052476E-05 -4.8052403E-05 -4.8052414E-05 -4.8052596E-05
 -4.8052909E-05 -4.8052319E-05 -4.8052261E-05 -4.8052687E-05 -4.8052665E-05
 -4.8052578E-05 -4.8052872E-05 -4.8052250E-05 -4.8052465E-05 -4.8052545E-05
 -4.8052731E-05 -4.8052487E-05 -4.8052472E-05 -5.4460041E-05 -5.4460099E-05
 -5.4459193E-05 -5.4460012E-05 -5.4460244E-05 -5.4459520E-05 -5.4460168E-05
 -5.4459419E-05 -5.4459379E-05 -5.4459990E-05 -5.4459870E-05 -5.4459953E-05
 -5.4459946E-05 -5.4459346E-05 -5.4459644E-05 -5.4460106E-05 -5.4459546E-05
 -5.4459757E-05 -5.4460248E-05 -5.4459815E-05 -5.4460179E-05 -5.4459506E-05
 -5.4459757E-05 -5.4460263E-05 -5.4460284E-05 -5.4460263E-05 -5.4459753E-05
 -5.4459506E-05 -5.4460179E-05 -5.4459812E-05 -5.4460237E-05 -5.4459757E-05
 -5.4459546E-05 -5.4460106E-05 -5.4459641E-05 -5.4459346E-05 -5.4459946E-05
 -5.4459953E-05 -5.4459881E-05 -5.4459986E-05 -5.4459382E-05 -5.4459419E-05
 -5.4460175E-05 -5.4459520E-05 -5.4460248E-05 -5.4460008E-05 -5.4459193E-05
 -5.4460099E-05 -5.4460041E-05 -6.0866481E-05 -6.0866550E-05 -6.0866663E-05
 -6.0866339E-05 -6.0867031E-05 -6.0866409E-05 -6.0867231E-05 -6.0866521E-05
 -6.0866550E-05 -6.0866576E-05 -6.0866598E-05 -6.0866845E-05 -6.0866765E-05
 -6.0866601E-05 -6.0867005E-05 -6.0866005E-05 -6.0866209E-05 -6.0867176E-05
 -6.0866540E-05 -6.0866110E-05 -6.0866445E-05 -6.0866194E-05 -6.0866420E-05
 -6.0866307E-05 -6.0866336E-05 -6.0866303E-05 -6.0866420E-05 -6.0866194E-05
 -6.0866438E-05 -6.0866110E-05 -6.0866543E-05 -6.0867176E-05 -6.0866205E-05
 -6.0866005E-05 -6.0867016E-05 -6.0866601E-05 -6.0866761E-05 -6.0866845E-05
 -6.0866598E-05 -6.0866583E-05 -6.0866550E-05 -6.0866525E-05 -6.0867231E-05
 -6.0866401E-05 -6.0867023E-05 -6.0866332E-05 -6.0866671E-05 -6.0866550E-05
 -6.0866481E-05 -6.7273730E-05 -6.7273868E-05 -6.7273402E-05 -6.7273497E-05
 -6.7274392E-05 -6.7273570E-05 -6.7273300E-05 -6.7274232E-05 -6.7273657E-05
 -6.7273249E-05 -6.7273744E-05 -6.7273300E-05 -6.7273679E-05 -6.7273912E-05
 -6.7273882E-05 -6.7273701E-05 -6.7274057E-05 -6.7273795E-05 -6.7273213E-05
 -6.7273853E-05 -6.7274057E-05 -6.7273999E-05 -6.7273657E-05 -6.7273970E-05
 -6.7273890E-05 -6.7273977E-05 -6.7273657E-05 -6.7274006E-05 -6.7274050E-05
 -6.7273853E-05 -6.7273220E-05 -6.7273795E-05 -6.7274050E-05 -6.7273701E-05
 -6.7273882E-05 -6.7273912E-05 -6.7273679E-05 -6.7273300E-05 -6.7273730E-05
 -6.7273249E-05 -6.7273657E-05 -6.7274210E-05 -6.7273300E-05 -6.7273570E-05
 -6.7274392E-05 -6.7273490E-05 -6.7273402E-05 -6.7273868E-05 -6.7273730E-05
 -7.3680691E-05 -7.3680916E-05 -7.3680771E-05 -7.3680989E-05 -7.3681018E-05
 -7.3681003E-05 -7.3680298E-05 -7.3681585E-05 -7.3680618E-05 -7.3680829E-05
 -7.3681746E-05 -7.3680880E-05 -7.3680734E-05 -7.3681018E-05 -7.3680771E-05
 -7.3681083E-05 -7.3680021E-05 -7.3681003E-05 -7.3681498E-05 -7.3680480E-05
 -7.3680254E-05 -7.3680734E-05 -7.3680814E-05 -7.3681695E-05 -7.3679650E-05
 -7.3681687E-05 -7.3680822E-05 -7.3680727E-05 -7.3680254E-05 -7.3680472E-05
 -7.3681498E-05 -7.3681003E-05 -7.3680021E-05 -7.3681091E-05 -7.3680771E-05
 -7.3681018E-05 -7.3680741E-05 -7.3680894E-05 -7.3681746E-05 -7.3680829E-05
 -7.3680618E-05 -7.3681585E-05 -7.3680298E-05 -7.3681003E-05 -7.3681018E-05
 -7.3680989E-05 -7.3680771E-05 -7.3680916E-05 -7.3680691E-05 -8.0087957E-05
 -8.0087681E-05 -8.0087630E-05 -8.0087622E-05 -8.0087048E-05 -8.0087921E-05
 -8.0087957E-05 -8.0087892E-05 -8.0087659E-05 -8.0087499E-05 -8.0088328E-05
 -8.0087266E-05 -8.0087128E-05 -8.0087957E-05 -8.0088023E-05 -8.0088474E-05
 -8.0086807E-05 -8.0088241E-05 -8.0087790E-05 -8.0087666E-05 -8.0088284E-05
 -8.0087528E-05 -8.0087942E-05 -8.0088335E-05 -8.0087040E-05 -8.0088335E-05
 -8.0087935E-05 -8.0087528E-05 -8.0088284E-05 -8.0087659E-05 -8.0087790E-05
 -8.0088248E-05 -8.0086815E-05 -8.0088481E-05 -8.0088023E-05 -8.0087964E-05
 -8.0087120E-05 -8.0087266E-05 -8.0088328E-05 -8.0087499E-05 -8.0087659E-05
 -8.0087899E-05 -8.0087957E-05 -8.0087906E-05 -8.0087048E-05 -8.0087622E-05
 -8.0087622E-05 -8.0087681E-05 -8.0087950E-05 -8.6495165E-05 -8.6495107E-05
 -8.6494249E-05 -8.6495311E-05 -8.6494314E-05 -8.6494343E-05 -8.6495791E-05
 -8.6494489E-05 -8.6494823E-05 -8.6494489E-05 -8.6495551E-05 -8.6494561E-05
 -8.6493936E-05 -8.6495224E-05 -8.6494794E-05 -8.6495143E-05 -8.6494358E-05
 -8.6495347E-05 -8.6493485E-05 -8.6494903E-05 -8.6495755E-05 -8.6493805E-05
 -8.6495100E-05 -8.6495362E-05 -8.6493659E-05 -8.6495362E-05 -8.6495093E-05
 -8.6493805E-05 -8.6495755E-05 -8.6494903E-05 -8.6493485E-05 -8.6495347E-05
 -8.6494343E-05 -8.6495143E-05 -8.6494787E-05 -8.6495231E-05 -8.6493928E-05
 -8.6494569E-05 -8.6495551E-05 -8.6494503E-05 -8.6494816E-05 -8.6494489E-05
 -8.6495784E-05 -8.6494350E-05 -8.6494314E-05 -8.6495318E-05 -8.6494249E-05
 -8.6495107E-05 -8.6495165E-05 -9.2902090E-05 -9.2901610E-05 -9.2901304E-05
 -9.2901806E-05 -9.2902250E-05 -9.2900351E-05 -9.2903756E-05 -9.2903065E-05
 -9.2901428E-05 -9.2900154E-05 -9.2902861E-05 -9.2901682E-05 -9.2901486E-05
 -9.2902206E-05 -9.2900918E-05 -9.2902315E-05 -9.2901966E-05 -9.2901813E-05
 -9.2900562E-05 -9.2901275E-05 -9.2903290E-05 -9.2901879E-05 -9.2901188E-05
 -9.2902730E-05 -9.2900220E-05 -9.2902737E-05 -9.2901188E-05 -9.2901879E-05
 -9.2903290E-05 -9.2901268E-05 -9.2900562E-05 -9.2901813E-05 -9.2901973E-05
 -9.2902315E-05 -9.2900926E-05 -9.2902206E-05 -9.2901486E-05 -9.2901682E-05
 -9.2902861E-05 -9.2900154E-05 -9.2901428E-05 -9.2903058E-05 -9.2903756E-05
 -9.2900351E-05 -9.2902250E-05 -9.2901799E-05 -9.2901304E-05 -9.2901610E-05
 -9.2902097E-05
  2.8479801E-04  2.8362690E-04  2.8129210E-04  2.7779950E-04  2.7316707E-04
  2.6741123E-04  2.6055562E-04  2.5263178E-04  2.4366801E-04  2.3370274E-04
  2.2277817E-04  2.1093707E-04  1.9823166E-04  1.8470827E-04  1.7042842E-04
  1.5544618E-04  1.3982819E-04  1.2363167E-04  1.0693161E-04  8.9787682E-05
  7.2277224E-05  5.4468597E-05  3.6438127E-05  1.8257146E-05 -1.1188151E-15
 -1.8257144E-05 -3.6438127E-05 -5.4468590E-05 -7.2277224E-05 -8.9787682E-05
 -1.0693161E-04 -1.2363166E-04 -1.3982819E-04 -1.5544618E-04 -1.7042842E-04
 -1.8470827E-04 -1.9823166E-04 -2.1093705E-04 -2.2277817E-04 -2.3370270E-04
 -2.4366801E-04 -2.5263178E-04 -2.6055562E-04 -2.6741120E-04 -2.7316707E-04
 -2.7779950E-04 -2.8129210E-04 -2.8362693E-04 -2.8479801E-04  2.8607590E-04
  2.8490022E-04  2.8255340E-04  2.7904593E-04  2.7439275E-04  2.6861014E-04
  2.6172778E-04  2.5376363E-04  2.4476121E-04  2.3475263E-04  2.2377742E-04
  2.1188418E-04  1.9912087E-04  1.8553644E-04  1.7119221E-04  1.5614474E-04
  1.4045507E-04  1.2418711E-04  1.0741113E-04  9.0191359E-05  7.2600342E-05
  5.4714230E-05  3.6601898E-05  1.8337700E-05  0.0000000E+00 -1.8337698E-05
 -3.6601894E-05 -5.4714237E-05 -7.2600349E-05 -9.0191359E-05 -1.0741113E-04
 -1.2418709E-04 -1.4045506E-04 -1.5614474E-04 -1.7119221E-04 -1.8553644E-04
 -1.9912086E-04 -2.1188417E-04 -2.2377743E-04 -2.3475260E-04 -2.4476121E-04
 -2.5376363E-04 -2.6172778E-04 -2.6861011E-04 -2.7439275E-04 -2.7904593E-04
 -2.8255340E-04 -2.8490022E-04 -2.8607590E-04  2.8607523E-04  2.8489961E-04
  2.8255291E-04  2.7904543E-04  2.7439208E-04  2.6860950E-04  2.6172708E-04
  2.5376302E-04  2.4476062E-04  2.3475203E-04  2.2377698E-04  2.1188377E-04
  1.9912040E-04  1.8553600E-04  1.7119186E-04  1.5614441E-04  1.4045477E-04
  1.2418684E-04  1.0741095E-04  9.0191163E-05  7.2600196E-05  5.4714143E-05
  3.6601832E-05  1.8337656E-05  0.0000000E+00 -1.8337658E-05 -3.6601836E-05
 -5.4714139E-05 -7.2600189E-05 -9.0191163E-05 -1.0741095E-04 -1.2418686E-04
 -1.4045478E-04 -1.5614441E-04 -1.7119184E-04 -1.8553600E-04 -1.9912040E-04
 -2.1188379E-04 -2.2377695E-04 -2.3475208E-04 -2.4476062E-04 -2.5376302E-04
 -2.6172708E-04 -2.6860950E-04 -2.7439211E-04 -2.7904540E-04 -2.8255288E-04
 -2.8489961E-04 -2.8607523E-04  2.8479617E-04  2.8362501E-04  2.8129012E-04
  2.7779752E-04  2.7316526E-04  2.6740946E-04  2.6055390E-04  2.5263018E-04
  2.4366633E-04  2.3370112E-04  2.2277665E-04  2.1093566E-04  1.9823047E-04
  1.8470715E-04  1.7042723E-04  1.5544510E-04  1.3982719E-04  1.2363079E-04
  1.0693085E-04  8.9787107E-05  7.2276744E-05  5.4468219E-05  3.6437890E-05
  1.8257020E-05  1.1188149E-15 -1.8257022E-05 -3.6437890E-05 -5.4468219E-05
 -7.2276744E-05 -8.9787107E-05 -1.0693086E-04 -1.2363079E-04 -1.3982719E-04
 -1.5544510E-04 -1.7042723E-04 -1.8470715E-04 -1.9823047E-04 -2.1093567E-04
 -2.2277665E-04 -2.3370114E-04 -2.4366633E-04 -2.5263018E-04 -2.6055388E-04
 -2.6740946E-04 -2.7316526E-04 -2.7779755E-04 -2.8129012E-04 -2.8362504E-04
 -2.8479617E-04  2.8222092E-04  2.8106017E-04  2.7874782E-04  2.7528658E-04
  2.7069438E-04  2.6499215E-04  2.5819626E-04  2.5034713E-04  2.4146207E-04
  2.3158806E-04  2.2076326E-04  2.0902799E-04  1.9643764E-04  1.8303801E-04
  1.6888633E-04  1.5403988E-04  1.3856316E-04  1.2251314E-04  1.0596242E-04
  8.8974797E-05  7.1625618E-05  5.3974789E-05  3.6108540E-05  1.8091572E-05
  0.0000000E+00 -1.8091572E-05 -3.6108540E-05 -5.3974785E-05 -7.1625625E-05
 -8.8974804E-05 -1.0596242E-04 -1.2251314E-04 -1.3856316E-04 -1.5403988E-04
 -1.6888633E-04 -1.8303801E-04 -1.9643764E-04 -2.0902796E-04 -2.2076326E-04
 -2.3158806E-04 -2.4146207E-04 -2.5034713E-04 -2.5819626E-04 -2.6499215E-04
 -2.7069438E-04 -2.7528655E-04 -2.7874782E-04 -2.8106017E-04 -2.8222092E-04
  2.7831359E-04  2.7716925E-04  2.7488801E-04  2.7147448E-04  2.6694787E-04
  2.6132166E-04  2.5462263E-04  2.4688087E-04  2.3811954E-04  2.2838115E-04
  2.1770668E-04  2.0613545E-04  1.9371638E-04  1.8050474E-04  1.6654654E-04
  1.5190883E-04  1.3664378E-04  1.2081730E-04  1.0449439E-04  8.7744083E-05
  7.0633010E-05  5.3228232E-05  3.5609348E-05  1.7839562E-05 -1.3053186E-15
 -1.7839562E-05 -3.5609348E-05 -5.3228232E-05 -7.0633003E-05 -8.7744091E-05
 -1.0449439E-04 -1.2081730E-04 -1.3664378E-04 -1.5190884E-04 -1.6654654E-04
 -1.8050472E-04 -1.9371638E-04 -2.0613540E-04 -2.1770669E-04 -2.2838115E-04
 -2.3811954E-04 -2.4688087E-04 -2.5462260E-04 -2.6132166E-04 -2.6694787E-04
 -2.7147448E-04 -2.7488801E-04 -2.7716925E-04 -2.7831359E-04  2.7301625E-04
  2.7189584E-04  2.6965493E-04  2.6630840E-04  2.6186666E-04  2.5634927E-04
  2.4977702E-04  2.4218106E-04  2.3358977E-04  2.2403449E-04  2.1356280E-04
  2.0221378E-04  1.9002846E-04  1.7706997E-04  1.6337716E-04  1.4901659E-04
  1.3404385E-04  1.1851804E-04  1.0250644E-04  8.6073691E-05  6.9287475E-05
  5.2216601E-05  3.4931239E-05  1.7499840E-05  0.0000000E+00 -1.7499839E-05
 -3.4931243E-05 -5.2216605E-05 -6.9287482E-05 -8.6073691E-05 -1.0250645E-04
 -1.1851804E-04 -1.3404385E-04 -1.4901659E-04 -1.6337716E-04 -1.7706997E-04
 -1.9002846E-04 -2.0221381E-04 -2.1356280E-04 -2.2403448E-04 -2.3358979E-04
 -2.4218106E-04 -2.4977702E-04 -2.5634927E-04 -2.6186666E-04 -2.6630840E-04
 -2.6965493E-04 -2.7189584E-04 -2.7301625E-04  2.6624693E-04  2.6515330E-04
  2.6296888E-04  2.5970436E-04  2.5537304E-04  2.4999413E-04  2.4358423E-04
  2.3617443E-04  2.2779651E-04  2.1848088E-04  2.0826716E-04  1.9719810E-04
  1.8531833E-04  1.7267875E-04  1.5932567E-04  1.4532119E-04  1.3072089E-04
  1.1557961E-04  9.9964578E-05  8.3938372E-05  6.7569345E-05  5.0923194E-05
  3.4063989E-05  1.7066417E-05  0.0000000E+00 -1.7066419E-05 -3.4063982E-05
 -5.0923194E-05 -6.7569345E-05 -8.3938379E-05 -9.9964585E-05 -1.1557958E-04
 -1.3072089E-04 -1.4532119E-04 -1.5932569E-04 -1.7267876E-04 -1.8531833E-04
 -1.9719810E-04 -2.0826717E-04 -2.1848090E-04 -2.2779651E-04 -2.3617444E-04
 -2.4358425E-04 -2.4999413E-04 -2.5537304E-04 -2.5970433E-04 -2.6296891E-04
 -2.6515330E-04 -2.6624693E-04  2.5788823E-04  2.5682736E-04  2.5471460E-04
  2.5154982E-04  2.4735552E-04  2.4214496E-04  2.3593778E-04  2.2875893E-04
  2.2064459E-04  2.1162120E-04  2.0172921E-04  1.9100582E-04  1.7950144E-04
  1.6725688E-04  1.5432233E-04  1.4076040E-04  1.2661597E-04  1.1195012E-04
  9.6826763E-05  8.1304039E-05  6.5447683E-05  4.9324408E-05  3.2994289E-05
  1.6530024E-05 -4.8481892E-15 -1.6530023E-05 -3.2994289E-05 -4.9324401E-05
 -6.5447690E-05 -8.1304046E-05 -9.6826778E-05 -1.1195012E-04 -1.2661597E-04
 -1.4076038E-04 -1.5432233E-04 -1.6725688E-04 -1.7950145E-04 -1.9100582E-04
 -2.0172924E-04 -2.1162120E-04 -2.2064461E-04 -2.2875895E-04 -2.3593778E-04
 -2.4214496E-04 -2.4735552E-04 -2.5154982E-04 -2.5471463E-04 -2.5682736E-04
 -2.5788823E-04  2.4777718E-04  2.4675805E-04  2.4472721E-04  2.4168912E-04
  2.3765722E-04  2.3264937E-04  2.2668796E-04  2.1979082E-04  2.1199374E-04
  2.0332361E-04  1.9382017E-04  1.8351714E-04  1.7246438E-04  1.6069798E-04
  1.4827288E-04  1.3524161E-04  1.2164985E-04  1.0756207E-04  9.3030212E-05
  7.8116886E-05  6.2882005E-05  4.7388945E-05  3.1702511E-05  1.5881733E-05
  2.7970118E-15 -1.5881724E-05 -3.1702508E-05 -4.7388945E-05 -6.2882005E-05
 -7.8116907E-05 -9.3030219E-05 -1.0756207E-04 -1.2164985E-04 -1.3524161E-04
 -1.4827288E-04 -1.6069798E-04 -1.7246438E-04 -1.8351716E-04 -1.9382017E-04
 -2.0332359E-04 -2.1199370E-04 -2.1979085E-04 -2.2668796E-04 -2.3264937E-04
 -2.3765719E-04 -2.4168912E-04 -2.4472721E-04 -2.4675805E-04 -2.4777718E-04
  2.3568672E-04  2.3471969E-04  2.3278415E-04  2.2989657E-04  2.2606282E-04
  2.2129636E-04  2.1562839E-04  2.0906654E-04  2.0164931E-04  1.9340376E-04
  1.8436238E-04  1.7456288E-04  1.6404946E-04  1.5285659E-04  1.4103948E-04
  1.2864138E-04  1.1571412E-04  1.0231457E-04  8.8490553E-05  7.4304407E-05
  5.9814094E-05  4.5076689E-05  3.0155958E-05  1.5106909E-05  6.3400115E-15
 -1.5106909E-05 -3.0155959E-05 -4.5076693E-05 -5.9814112E-05 -7.4304407E-05
 -8.8490553E-05 -1.0231460E-04 -1.1571412E-04 -1.2864138E-04 -1.4103948E-04
 -1.5285659E-04 -1.6404943E-04 -1.7456288E-04 -1.8436239E-04 -1.9340374E-04
 -2.0164929E-04 -2.0906654E-04 -2.1562839E-04 -2.2129636E-04 -2.2606287E-04
 -2.2989654E-04 -2.3278412E-04 -2.3471969E-04 -2.3568672E-04  2.2129033E-04
  2.2038141E-04  2.1856520E-04  2.1585183E-04  2.1225499E-04  2.0777903E-04
  2.0245669E-04  1.9629563E-04  1.8933273E-04  1.8158929E-04  1.7309930E-04
  1.6390155E-04  1.5402725E-04  1.4351981E-04  1.3242528E-04  1.2078230E-04
  1.0864628E-04  9.6063377E-05  8.3086787E-05  6.9764887E-05  5.6160992E-05
  4.2323503E-05  2.8312907E-05  1.4184793E-05  3.5428870E-15 -1.4184792E-05
 -2.8312907E-05 -4.2323503E-05 -5.6160989E-05 -6.9764887E-05 -8.3086801E-05
 -9.6063384E-05 -1.0864629E-04 -1.2078230E-04 -1.3242530E-04 -1.4351981E-04
 -1.5402724E-04 -1.6390155E-04 -1.7309930E-04 -1.8158932E-04 -1.8933273E-04
 -1.9629563E-04 -2.0245669E-04 -2.0777903E-04 -2.1225496E-04 -2.1585180E-04
 -2.1856520E-04 -2.2038141E-04 -2.2129033E-04  2.0409115E-04  2.0325225E-04
  2.0157748E-04  1.9907572E-04  1.9575753E-04  1.9163010E-04  1.8671894E-04
  1.8104058E-04  1.7461697E-04  1.6747395E-04  1.5964682E-04  1.5116257E-04
  1.4205411E-04  1.3236611E-04  1.2213248E-04  1.1139544E-04  1.0020096E-04
  8.8598114E-05  7.6628749E-05  6.4342152E-05  5.1796123E-05  3.9034054E-05
  2.6112530E-05  1.3082487E-05  3.9158558E-15 -1.3082498E-05 -2.6112530E-05
 -3.9034068E-05 -5.1796120E-05 -6.4342137E-05 -7.6628756E-05 -8.8598106E-05
 -1.0020095E-04 -1.1139544E-04 -1.2213248E-04 -1.3236610E-04 -1.4205409E-04
 -1.5116257E-04 -1.5964681E-04 -1.6747395E-04 -1.7461697E-04 -1.8104055E-04
 -1.8671897E-04 -1.9163010E-04 -1.9575753E-04 -1.9907570E-04 -2.0157748E-04
 -2.0325225E-04 -2.0409115E-04  1.8328137E-04  1.8252889E-04  1.8102539E-04
  1.7877840E-04  1.7579686E-04  1.7209245E-04  1.6768037E-04  1.6258290E-04
  1.5681174E-04  1.5039864E-04  1.4337142E-04  1.3574821E-04  1.2757065E-04
  1.1887030E-04  1.0967939E-04  1.0003873E-04  8.9983725E-05  7.9565092E-05
  6.8815847E-05  5.7781850E-05  4.6513956E-05  3.5055324E-05  2.3449171E-05
  1.1749322E-05  8.5774402E-15 -1.1749323E-05 -2.3449182E-05 -3.5055331E-05
 -4.6513967E-05 -5.7781861E-05 -6.8815840E-05 -7.9565092E-05 -8.9983732E-05
 -1.0003874E-04 -1.0967939E-04 -1.1887030E-04 -1.2757066E-04 -1.3574821E-04
 -1.4337141E-04 -1.5039864E-04 -1.5681174E-04 -1.6258289E-04 -1.6768035E-04
 -1.7209245E-04 -1.7579686E-04 -1.7877840E-04 -1.8102540E-04 -1.8252889E-04
 -1.8328139E-04  1.5737744E-04  1.5673066E-04  1.5544015E-04  1.5351034E-04
  1.5094876E-04  1.4777014E-04  1.4398208E-04  1.3960249E-04  1.3464905E-04
  1.2914276E-04  1.2310754E-04  1.1656114E-04  1.0954076E-04  1.0206911E-04
  9.4178438E-05  8.5899032E-05  7.7266341E-05  6.8319147E-05  5.9089078E-05
  4.9615792E-05  3.9940041E-05  3.0100347E-05  2.0135431E-05  1.0088650E-05
  0.0000000E+00 -1.0088650E-05 -2.0135452E-05 -3.0100347E-05 -3.9940023E-05
 -4.9615763E-05 -5.9089078E-05 -6.8319139E-05 -7.7266348E-05 -8.5899053E-05
 -9.4178438E-05 -1.0206912E-04 -1.0954074E-04 -1.1656113E-04 -1.2310754E-04
 -1.2914276E-04 -1.3464905E-04 -1.3960250E-04 -1.4398209E-04 -1.4777013E-04
 -1.5094878E-04 -1.5351034E-04 -1.5544015E-04 -1.5673066E-04 -1.5737742E-04
  1.2290364E-04  1.2239831E-04  1.2138916E-04  1.1988358E-04  1.1788312E-04
  1.1539964E-04  1.1244367E-04  1.0902112E-04  1.0515429E-04  1.0085226E-04
  9.6140357E-05  9.1028764E-05  8.5544627E-05  7.9710218E-05  7.3547817E-05
  6.7082779E-05  6.0340622E-05  5.3353739E-05  4.6145004E-05  3.8746773E-05
  3.1192067E-05  2.3506309E-05  1.5725020E-05  7.8781704E-06  7.5518908E-15
 -7.8781495E-06 -1.5724998E-05 -2.3506309E-05 -3.1192067E-05 -3.8746773E-05
 -4.6144982E-05 -5.3353731E-05 -6.0340637E-05 -6.7082779E-05 -7.3547817E-05
 -7.9710226E-05 -8.5544641E-05 -9.1028756E-05 -9.6140357E-05 -1.0085227E-04
 -1.0515429E-04 -1.0902112E-04 -1.1244366E-04 -1.1539964E-04 -1.1788312E-04
 -1.1988357E-04 -1.2138916E-04 -1.2239831E-04 -1.2290366E-04  5.2268639E-05
  5.2053521E-05  5.1624807E-05  5.0984017E-05  5.0134138E-05  4.9076742E-05
  4.7820886E-05  4.6365101E-05  4.4719880E-05  4.2889893E-05  4.0887186E-05
  3.8713242E-05  3.6380399E-05  3.3898978E-05  3.1278178E-05  2.8530045E-05
  2.5661009E-05  2.2690201E-05  1.9625470E-05  1.6477634E-05  1.3265942E-05
  9.9968493E-06  6.6867883E-06  3.3509425E-06  0.0000000E+00 -3.3509425E-06
 -6.6867883E-06 -9.9968493E-06 -1.3265942E-05 -1.6477634E-05 -1.9625470E-05
 -2.2690201E-05 -2.5661011E-05 -2.8530045E-05 -3.1278178E-05 -3.3898978E-05
 -3.6380399E-05 -3.8713242E-05 -4.0887186E-05 -4.2889893E-05 -4.4719880E-05
 -4.6365101E-05 -4.7820886E-05 -4.9076742E-05 -5.0134138E-05 -5.0984017E-05
 -5.1624807E-05 -5.2053521E-05 -5.2268642E-05  2.8479801E-04  2.8362690E-04
  2.8129210E-04  2.7779950E-04  2.7316707E-04  2.6741123E-04  2.6055562E-04
  2.5263178E-04  2.4366801E-04  2.3370274E-04  2.2277817E-04  2.1093707E-04
  1.9823166E-04  1.8470827E-04  1.7042842E-04  1.5544618E-04  1.3982819E-04
  1.2363167E-04  1.0693161E-04  8.9787682E-05  7.2277224E-05  5.4468597E-05
  3.6438127E-05  1.8257146E-05 -1.1188151E-15 -1.8257144E-05 -3.6438127E-05
 -5.4468590E-05 -7.2277224E-05 -8.9787682E-05 -1.0693161E-04 -1.2363166E-04
 -1.3982819E-04 -1.5544618E-04 -1.7042842E-04 -1.8470827E-04 -1.9823166E-04
 -2.1093705E-04 -2.2277817E-04 -2.3370270E-04 -2.4366801E-04 -2.5263178E-04
 -2.6055562E-04 -2.6741120E-04 -2.7316707E-04 -2.7779950E-04 -2.8129210E-04
 -2.8362693E-04 -2.8479801E-04  2.8607590E-04  2.8490022E-04  2.8255340E-04
  2.7904593E-04  2.7439275E-04  2.6861014E-04  2.6172778E-04  2.5376363E-04
  2.4476121E-04  2.3475263E-04  2.2377742E-04  2.1188418E-04  1.9912087E-04
  1.8553644E-04  1.7119221E-04  1.5614474E-04  1.4045507E-04  1.2418711E-04
  1.0741113E-04  9.0191359E-05  7.2600342E-05  5.4714230E-05  3.6601898E-05
  1.8337700E-05  0.0000000E+00 -1.8337698E-05 -3.6601894E-05 -5.4714237E-05
 -7.2600349E-05 -9.0191359E-05 -1.0741113E-04 -1.2418709E-04 -1.4045506E-04
 -1.5614474E-04 -1.7119221E-04 -1.8553644E-04 -1.9912086E-04 -2.1188417E-04
 -2.2377743E-04 -2.3475260E-04 -2.4476121E-04 -2.5376363E-04 -2.6172778E-04
 -2.6861011E-04 -2.7439275E-04 -2.7904593E-04 -2.8255340E-04 -2.8490022E-04
 -2.8607590E-04  2.8607523E-04  2.8489961E-04  2.8255291E-04  2.7904543E-04
  2.7439208E-04  2.6860950E-04  2.6172708E-04  2.5376302E-04  2.4476062E-04
  2.3475203E-04  2.2377698E-04  2.1188377E-04  1.9912040E-04  1.8553600E-04
  1.7119186E-04  1.5614441E-04  1.4045477E-04  1.2418684E-04  1.0741095E-04
  9.0191163E-05  7.2600196E-05  5.4714143E-05  3.6601832E-05  1.8337656E-05
  0.0000000E+00 -1.8337658E-05 -3.6601836E-05 -5.4714139E-05 -7.2600189E-05
 -9.0191163E-05 -1.0741095E-04 -1.2418686E-04 -1.4045478E-04 -1.5614441E-04
 -1.7119184E-04 -1.8553600E-04 -1.9912040E-04 -2.1188379E-04 -2.2377695E-04
 -2.3475208E-04 -2.4476062E-04 -2.5376302E-04 -2.6172708E-04 -2.6860950E-04
 -2.7439211E-04 -2.7904540E-04 -2.8255288E-04 -2.8489961E-04 -2.8607523E-04
  2.8479617E-04  2.8362501E-04  2.8129012E-04  2.7779752E-04  2.7316526E-04
  2.6740946E-04  2.6055390E-04  2.5263018E-04  2.4366633E-04  2.3370112E-04
  2.2277665E-04  2.1093566E-04  1.9823047E-04  1.8470715E-04  1.7042723E-04
  1.5544510E-04  1.3982719E-04  1.2363079E-04  1.0693085E-04  8.9787107E-05
  7.2276744E-05  5.4468219E-05  3.6437890E-05  1.8257020E-05  1.1188149E-15
 -1.8257022E-05 -3.6437890E-05 -5.4468219E-05 -7.2276744E-05 -8.9787107E-05
 -1.0693086E-04 -1.2363079E-04 -1.3982719E-04 -1.5544510E-04 -1.7042723E-04
 -1.8470715E-04 -1.9823047E-04 -2.1093567E-04 -2.2277665E-04 -2.3370114E-04
 -2.4366633E-04 -2.5263018E-04 -2.6055388E-04 -2.6740946E-04 -2.7316526E-04
 -2.7779755E-04 -2.8129012E-04 -2.8362504E-04 -2.8479617E-04  2.8222092E-04
  2.8106017E-04  2.7874782E-04  2.7528658E-04  2.7069438E-04  2.6499215E-04
  2.5819626E-04  2.5034713E-04  2.4146207E-04  2.3158806E-04  2.2076326E-04
  2.0902799E-04  1.9643764E-04  1.8303801E-04  1.6888633E-04  1.5403988E-04
  1.3856316E-04  1.2251314E-04  1.0596242E-04  8.8974797E-05  7.1625618E-05
  5.3974789E-05  3.6108540E-05  1.8091572E-05  0.0000000E+00 -1.8091572E-05
 -3.6108540E-05 -5.3974785E-05 -7.1625625E-05 -8.8974804E-05 -1.0596242E-04
 -1.2251314E-04 -1.3856316E-04 -1.5403988E-04 -1.6888633E-04 -1.8303801E-04
 -1.9643764E-04 -2.0902796E-04 -2.2076326E-04 -2.3158806E-04 -2.4146207E-04
 -2.5034713E-04 -2.5819626E-04 -2.6499215E-04 -2.7069438E-04 -2.7528655E-04
 -2.7874782E-04 -2.8106017E-04 -2.8222092E-04  2.7831359E-04  2.7716925E-04
  2.7488801E-04  2.7147448E-04  2.6694787E-04  2.6132166E-04  2.5462263E-04
  2.4688087E-04  2.3811954E-04  2.2838115E-04  2.1770668E-04  2.0613545E-04
  1.9371638E-04  1.8050474E-04  1.6654654E-04  1.5190883E-04  1.3664378E-04
  1.2081730E-04  1.0449439E-04  8.7744083E-05  7.0633010E-05  5.3228232E-05
  3.5609348E-05  1.7839562E-05 -1.3053186E-15 -1.7839562E-05 -3.5609348E-05
 -5.3228232E-05 -7.0633003E-05 -8.7744091E-05 -1.0449439E-04 -1.2081730E-04
 -1.3664378E-04 -1.5190884E-04 -1.6654654E-04 -1.8050472E-04 -1.9371638E-04
 -2.0613540E-04 -2.1770669E-04 -2.2838115E-04 -2.3811954E-04 -2.4688087E-04
 -2.5462260E-04 -2.6132166E-04 -2.6694787E-04 -2.7147448E-04 -2.7488801E-04
 -2.7716925E-04 -2.7831359E-04  2.7301625E-04  2.7189584E-04  2.6965493E-04
  2.6630840E-04  2.6186666E-04  2.5634927E-04  2.4977702E-04  2.4218106E-04
  2.3358977E-04  2.2403449E-04  2.1356280E-04  2.0221378E-04  1.9002846E-04
  1.7706997E-04  1.6337716E-04  1.4901659E-04  1.3404385E-04  1.1851804E-04
  1.0250644E-04  8.6073691E-05  6.9287475E-05  5.2216601E-05  3.4931239E-05
  1.7499840E-05  0.0000000E+00 -1.7499839E-05 -3.4931243E-05 -5.2216605E-05
 -6.9287482E-05 -8.6073691E-05 -1.0250645E-04 -1.1851804E-04 -1.3404385E-04
 -1.4901659E-04 -1.6337716E-04 -1.7706997E-04 -1.9002846E-04 -2.0221381E-04
 -2.1356280E-04 -2.2403448E-04 -2.3358979E-04 -2.4218106E-04 -2.4977702E-04
 -2.5634927E-04 -2.6186666E-04 -2.6630840E-04 -2.6965493E-04 -2.7189584E-04
 -2.7301625E-04  2.6624693E-04  2.6515330E-04  2.6296888E-04  2.5970436E-04
  2.5537304E-04  2.4999413E-04  2.4358423E-04  2.3617443E-04  2.2779651E-04
  2.1848088E-04  2.0826716E-04  1.9719810E-04  1.8531833E-04  1.7267875E-04
  1.5932567E-04  1.4532119E-04  1.3072089E-04  1.1557961E-04  9.9964578E-05
  8.3938372E-05  6.7569345E-05  5.0923194E-05  3.4063989E-05  1.7066417E-05
  0.0000000E+00 -1.7066419E-05 -3.4063982E-05 -5.0923194E-05 -6.7569345E-05
 -8.3938379E-05 -9.9964585E-05 -1.1557958E-04 -1.3072089E-04 -1.4532119E-04
 -1.5932569E-04 -1.7267876E-04 -1.8531833E-04 -1.9719810E-04 -2.0826717E-04
 -2.1848090E-04 -2.2779651E-04 -2.3617444E-04 -2.4358425E-04 -2.4999413E-04
 -2.5537304E-04 -2.5970433E-04 -2.6296891E-04 -2.6515330E-04 -2.6624693E-04
  2.5788823E-04  2.5682736E-04  2.5471460E-04  2.5154982E-04  2.4735552E-04
  2.4214496E-04  2.3593778E-04  2.2875893E-04  2.2064459E-04  2.1162120E-04
  2.0172921E-04  1.9100582E-04  1.7950144E-04  1.6725688E-04  1.5432233E-04
  1.4076040E-04  1.2661597E-04  1.1195012E-04  9.6826763E-05  8.1304039E-05
  6.5447683E-05  4.9324408E-05  3.2994289E-05  1.6530024E-05 -4.8481892E-15
 -1.6530023E-05 -3.2994289E-05 -4.9324401E-05 -6.5447690E-05 -8.1304046E-05
 -9.6826778E-05 -1.1195012E-04 -1.2661597E-04 -1.4076038E-04 -1.5432233E-04
 -1.6725688E-04 -1.7950145E-04 -1.9100582E-04 -2.0172924E-04 -2.1162120E-04
 -2.2064461E-04 -2.2875895E-04 -2.3593778E-04 -2.4214496E-04 -2.4735552E-04
 -2.5154982E-04 -2.5471463E-04 -2.5682736E-04 -2.5788823E-04  2.4777718E-04
  2.4675805E-04  2.4472721E-04  2.4168912E-04  2.3765722E-04  2.3264937E-04
  2.2668796E-04  2.1979082E-04  2.1199374E-04  2.0332361E-04  1.9382017E-04
  1.8351714E-04  1.7246438E-04  1.6069798E-04  1.4827288E-04  1.3524161E-04
  1.2164985E-04  1.0756207E-04  9.3030212E-05  7.8116886E-05  6.2882005E-05
  4.7388945E-05  3.1702511E-05  1.5881733E-05  2.7970118E-15 -1.5881724E-05
 -3.1702508E-05 -4.7388945E-05 -6.2882005E-05 -7.8116907E-05 -9.3030219E-05
 -1.0756207E-04 -1.2164985E-04 -1.3524161E-04 -1.4827288E-04 -1.6069798E-04
 -1.7246438E-04 -1.8351716E-04 -1.9382017E-04 -2.0332359E-04 -2.1199370E-04
 -2.1979085E-04 -2.2668796E-04 -2.3264937E-04 -2.3765719E-04 -2.4168912E-04
 -2.4472721E-04 -2.4675805E-04 -2.4777718E-04  2.3568672E-04  2.3471969E-04
  2.3278415E-04  2.2989657E-04  2.2606282E-04  2.2129636E-04  2.1562839E-04
  2.0906654E-04  2.0164931E-04  1.9340376E-04  1.8436238E-04  1.7456288E-04
  1.6404946E-04  1.5285659E-04  1.4103948E-04  1.2864138E-04  1.1571412E-04
  1.0231457E-04  8.8490553E-05  7.4304407E-05  5.9814094E-05  4.5076689E-05
  3.0155958E-05  1.5106909E-05  6.3400115E-15 -1.5106909E-05 -3.0155959E-05
 -4.5076693E-05 -5.9814112E-05 -7.4304407E-05 -8.8490553E-05 -1.0231460E-04
 -1.1571412E-04 -1.2864138E-04 -1.4103948E-04 -1.5285659E-04 -1.6404943E-04
 -1.7456288E-04 -1.8436239E-04 -1.9340374E-04 -2.0164929E-04 -2.0906654E-04
 -2.1562839E-04 -2.2129636E-04 -2.2606287E-04 -2.2989654E-04 -2.3278412E-04
 -2.3471969E-04 -2.3568672E-04  2.2129033E-04  2.2038141E-04  2.1856520E-04
  2.1585183E-04  2.1225499E-04  2.0777903E-04  2.0245669E-04  1.9629563E-04
  1.8933273E-04  1.8158929E-04  1.7309930E-04  1.6390155E-04  1.5402725E-04
  1.4351981E-04  1.3242528E-04  1.2078230E-04  1.0864628E-04  9.6063377E-05
  8.3086787E-05  6.9764887E-05  5.6160992E-05  4.2323503E-05  2.8312907E-05
  1.4184793E-05  3.5428870E-15 -1.4184792E-05 -2.8312907E-05 -4.2323503E-05
 -5.6160989E-05 -6.9764887E-05 -8.3086801E-05 -9.6063384E-05 -1.0864629E-04
 -1.2078230E-04 -1.3242530E-04 -1.4351981E-04 -1.5402724E-04 -1.6390155E-04
 -1.7309930E-04 -1.8158932E-04 -1.8933273E-04 -1.9629563E-04 -2.0245669E-04
 -2.0777903E-04 -2.1225496E-04 -2.1585180E-04 -2.1856520E-04 -2.2038141E-04
 -2.2129033E-04  2.0409115E-04  2.0325225E-04  2.0157748E-04  1.9907572E-04
  1.9575753E-04  1.9163010E-04  1.8671894E-04  1.8104058E-04  1.7461697E-04
  1.6747395E-04  1.5964682E-04  1.5116257E-04  1.4205411E-04  1.3236611E-04
  1.2213248E-04  1.1139544E-04  1.0020096E-04  8.8598114E-05  7.6628749E-05
  6.4342152E-05  5.1796123E-05  3.9034054E-05  2.6112530E-05  1.3082487E-05
  3.9158558E-15 -1.3082498E-05 -2.6112530E-05 -3.9034068E-05 -5.1796120E-05
 -6.4342137E-05 -7.6628756E-05 -8.8598106E-05 -1.0020095E-04 -1.1139544E-04
 -1.2213248E-04 -1.3236610E-04 -1.4205409E-04 -1.5116257E-04 -1.5964681E-04
 -1.6747395E-04 -1.7461697E-04 -1.8104055E-04 -1.8671897E-04 -1.9163010E-04
 -1.9575753E-04 -1.9907570E-04 -2.0157748E-04 -2.0325225E-04 -2.0409115E-04
  1.8328137E-04  1.8252889E-04  1.8102539E-04  1.7877840E-04  1.7579686E-04
  1.7209245E-04  1.6768037E-04  1.6258290E-04  1.5681174E-04  1.5039864E-04
  1.4337142E-04  1.3574821E-04  1.2757065E-04  1.1887030E-04  1.0967939E-04
  1.0003873E-04  8.9983725E-05  7.9565092E-05  6.8815847E-05  5.7781850E-05
  4.6513956E-05  3.5055324E-05  2.3449171E-05  1.1749322E-05  8.5774402E-15
 -1.1749323E-05 -2.3449182E-05 -3.5055331E-05 -4.6513967E-05 -5.7781861E-05
 -6.8815840E-05 -7.9565092E-05 -8.9983732E-05 -1.0003874E-04 -1.0967939E-04
 -1.1887030E-04 -1.2757066E-04 -1.3574821E-04 -1.4337141E-04 -1.5039864E-04
 -1.5681174E-04 -1.6258289E-04 -1.6768035E-04 -1.7209245E-04 -1.7579686E-04
 -1.7877840E-04 -1.8102540E-04 -1.8252889E-04 -1.8328139E-04  1.5737744E-04
  1.5673066E-04  1.5544015E-04  1.5351034E-04  1.5094876E-04  1.4777014E-04
  1.4398208E-04  1.3960249E-04  1.3464905E-04  1.2914276E-04  1.2310754E-04
  1.1656114E-04  1.0954076E-04  1.0206911E-04  9.4178438E-05  8.5899032E-05
  7.7266341E-05  6.8319147E-05  5.9089078E-05  4.9615792E-05  3.9940041E-05
  3.0100347E-05  2.0135431E-05  1.0088650E-05  0.0000000E+00 -1.0088650E-05
 -2.0135452E-05 -3.0100347E-05 -3.9940023E-05 -4.9615763E-05 -5.9089078E-05
 -6.8319139E-05 -7.7266348E-05 -8.5899053E-05 -9.4178438E-05 -1.0206912E-04
 -1.0954074E-04 -1.1656113E-04 -1.2310754E-04 -1.2914276E-04 -1.3464905E-04
 -1.3960250E-04 -1.4398209E-04 -1.4777013E-04 -1.5094878E-04 -1.5351034E-04
 -1.5544015E-04 -1.5673066E-04 -1.5737742E-04  1.2290364E-04  1.2239831E-04
  1.2138916E-04  1.1988358E-04  1.1788312E-04  1.1539964E-04  1.1244367E-04
  1.0902112E-04  1.0515429E-04  1.0085226E-04  9.6140357E-05  9.1028764E-05
  8.5544627E-05  7.9710218E-05  7.3547817E-05  6.7082779E-05  6.0340622E-05
  5.3353739E-05  4.6145004E-05  3.8746773E-05  3.1192067E-05  2.3506309E-05
  1.5725020E-05  7.8781704E-06  7.5518908E-15 -7.8781495E-06 -1.5724998E-05
 -2.3506309E-05 -3.1192067E-05 -3.8746773E-05 -4.6144982E-05 -5.3353731E-05
 -6.0340637E-05 -6.7082779E-05 -7.3547817E-05 -7.9710226E-05 -8.5544641E-05
 -9.1028756E-05 -9.6140357E-05 -1.0085227E-04 -1.0515429E-04 -1.0902112E-04
 -1.1244366E-04 -1.1539964E-04 -1.1788312E-04 -1.1988357E-04 -1.2138916E-04
 -1.2239831E-04 -1.2290366E-04  5.2268639E-05  5.2053521E-05  5.1624807E-05
  5.0984017E-05  5.0134138E-05  4.9076742E-05  4.7820886E-05  4.6365101E-05
  4.4719880E-05  4.2889893E-05  4.0887186E-05  3.8713242E-05  3.6380399E-05
  3.3898978E-05  3.1278178E-05  2.8530045E-05  2.5661009E-05  2.2690201E-05
  1.9625470E-05  1.6477634E-05  1.3265942E-05  9.9968493E-06  6.6867883E-06
  3.3509425E-06  0.0000000E+00 -3.3509425E-06 -6.6867883E-06 -9.9968493E-06
 -1.3265942E-05 -1.6477634E-05 -1.9625470E-05 -2.2690201E-05 -2.5661011E-05
 -2.8530045E-05 -3.1278178E-05 -3.3898978E-05 -3.6380399E-05 -3.8713242E-05
 -4.0887186E-05 -4.2889893E-05 -4.4719880E-05 -4.6365101E-05 -4.7820886E-05
 -4.9076742E-05 -5.0134138E-05 -5.0984017E-05 -5.1624807E-05 -5.2053521E-05
 -5.2268642E-05
