 
      1   3332    833      1
    1  0.1490108E+00  0.4778494E-02 -0.5005625E-02  0.9944754E+00  0.3189393E-01  0.1000070E+00  0.9610041E-04
    1  0.1483985E+00  0.1431583E-01 -0.5005613E-02  0.9903892E+00  0.9554099E-01  0.1000059E+00  0.9610010E-04
    1  0.1471764E+00  0.2379434E-01 -0.5005615E-02  0.9822339E+00  0.1587976E+00  0.1000001E+00  0.9610032E-04
    1  0.1453495E+00  0.3317508E-01 -0.5005613E-02  0.9700400E+00  0.2214098E+00  0.1000006E+00  0.9610014E-04
    1  0.1429253E+00  0.4241949E-01 -0.5005626E-02  0.9538638E+00  0.2830951E+00  0.1000050E+00  0.9610019E-04
    1  0.1399139E+00  0.5148960E-01 -0.5005611E-02  0.9337634E+00  0.3436348E+00  0.1000049E+00  0.9610038E-04
    1  0.1363274E+00  0.6034810E-01 -0.5005631E-02  0.9098293E+00  0.4027529E+00  0.1000041E+00  0.9609987E-04
    1  0.1321808E+00  0.6895864E-01 -0.5005613E-02  0.8821517E+00  0.4602248E+00  0.1000071E+00  0.9610082E-04
    1  0.1274910E+00  0.7728582E-01 -0.5005620E-02  0.8508580E+00  0.5157907E+00  0.1000026E+00  0.9610006E-04
    1  0.1222774E+00  0.8529539E-01 -0.5005617E-02  0.8160600E+00  0.5692499E+00  0.1000028E+00  0.9610013E-04
    1  0.1165612E+00  0.9295447E-01 -0.5005612E-02  0.7779129E+00  0.6203635E+00  0.1000033E+00  0.9610012E-04
    1  0.1103661E+00  0.1002316E+00 -0.5005621E-02  0.7365651E+00  0.6689328E+00  0.1000038E+00  0.9610015E-04
    1  0.1037175E+00  0.1070968E+00 -0.5005622E-02  0.6921968E+00  0.7147458E+00  0.1000100E+00  0.9610054E-04
    1  0.9664270E-01  0.1135220E+00 -0.5005613E-02  0.6449764E+00  0.7576303E+00  0.1000086E+00  0.9610034E-04
    1  0.8917077E-01  0.1194807E+00 -0.5005617E-02  0.5951155E+00  0.7973940E+00  0.1000016E+00  0.9609990E-04
    1  0.8133242E-01  0.1249484E+00 -0.5005619E-02  0.5427972E+00  0.8338892E+00  0.9999996E-01  0.9610028E-04
    1  0.7315983E-01  0.1299027E+00 -0.5005619E-02  0.4882614E+00  0.8669491E+00  0.1000001E+00  0.9610025E-04
    1  0.6468663E-01  0.1343231E+00 -0.5005621E-02  0.4317054E+00  0.8964545E+00  0.9999907E-01  0.9610023E-04
    1  0.5594759E-01  0.1381916E+00 -0.5005614E-02  0.3733900E+00  0.9222688E+00  0.1000008E+00  0.9610049E-04
    1  0.4697868E-01  0.1414923E+00 -0.5005624E-02  0.3135277E+00  0.9442982E+00  0.1000058E+00  0.9609995E-04
    1  0.3781673E-01  0.1442115E+00 -0.5005608E-02  0.2523820E+00  0.9624462E+00  0.1000031E+00  0.9610043E-04
    1  0.2849933E-01  0.1463381E+00 -0.5005622E-02  0.1901967E+00  0.9766398E+00  0.9999957E-01  0.9610044E-04
    1  0.1906485E-01  0.1478634E+00 -0.5005616E-02  0.1272370E+00  0.9868178E+00  0.1000066E+00  0.9610031E-04
    1  0.9552037E-02  0.1487811E+00 -0.5005624E-02  0.6375153E-01  0.9929422E+00  0.1000076E+00  0.9610026E-04
    1  0.1164153E-09  0.1490874E+00 -0.5005613E-02  0.0000000E+00  0.9949868E+00  0.1000060E+00  0.9609976E-04
    1 -0.9552037E-02  0.1487811E+00 -0.5005624E-02 -0.6375153E-01  0.9929422E+00  0.1000076E+00  0.9610025E-04
    1 -0.1906485E-01  0.1478634E+00 -0.5005615E-02 -0.1272370E+00  0.9868178E+00  0.1000066E+00  0.9610031E-04
    1 -0.2849934E-01  0.1463381E+00 -0.5005621E-02 -0.1901967E+00  0.9766398E+00  0.9999956E-01  0.9610043E-04
    1 -0.3781672E-01  0.1442115E+00 -0.5005611E-02 -0.2523820E+00  0.9624462E+00  0.1000031E+00  0.9610043E-04
    1 -0.4697868E-01  0.1414923E+00 -0.5005622E-02 -0.3135277E+00  0.9442982E+00  0.1000058E+00  0.9609995E-04
    1 -0.5594759E-01  0.1381916E+00 -0.5005614E-02 -0.3733900E+00  0.9222688E+00  0.1000008E+00  0.9610048E-04
    1 -0.6468662E-01  0.1343231E+00 -0.5005621E-02 -0.4317054E+00  0.8964545E+00  0.9999906E-01  0.9610022E-04
    1 -0.7315983E-01  0.1299026E+00 -0.5005619E-02 -0.4882614E+00  0.8669491E+00  0.1000001E+00  0.9610025E-04
    1 -0.8133242E-01  0.1249484E+00 -0.5005619E-02 -0.5427972E+00  0.8338892E+00  0.9999996E-01  0.9610028E-04
    1 -0.8917075E-01  0.1194807E+00 -0.5005618E-02 -0.5951155E+00  0.7973940E+00  0.1000016E+00  0.9609990E-04
    1 -0.9664269E-01  0.1135220E+00 -0.5005615E-02 -0.6449764E+00  0.7576303E+00  0.1000086E+00  0.9610034E-04
    1 -0.1037175E+00  0.1070969E+00 -0.5005621E-02 -0.6921968E+00  0.7147458E+00  0.1000100E+00  0.9610054E-04
    1 -0.1103662E+00  0.1002316E+00 -0.5005620E-02 -0.7365651E+00  0.6689328E+00  0.1000039E+00  0.9610014E-04
    1 -0.1165612E+00  0.9295447E-01 -0.5005613E-02 -0.7779129E+00  0.6203636E+00  0.1000033E+00  0.9610012E-04
    1 -0.1222774E+00  0.8529541E-01 -0.5005616E-02 -0.8160599E+00  0.5692499E+00  0.1000028E+00  0.9610012E-04
    1 -0.1274910E+00  0.7728581E-01 -0.5005621E-02 -0.8508580E+00  0.5157907E+00  0.1000026E+00  0.9610006E-04
    1 -0.1321808E+00  0.6895863E-01 -0.5005613E-02 -0.8821517E+00  0.4602248E+00  0.1000071E+00  0.9610082E-04
    1 -0.1363275E+00  0.6034811E-01 -0.5005630E-02 -0.9098293E+00  0.4027529E+00  0.1000041E+00  0.9609987E-04
    1 -0.1399139E+00  0.5148960E-01 -0.5005613E-02 -0.9337634E+00  0.3436348E+00  0.1000049E+00  0.9610037E-04
    1 -0.1429253E+00  0.4241949E-01 -0.5005625E-02 -0.9538638E+00  0.2830951E+00  0.1000050E+00  0.9610019E-04
    1 -0.1453495E+00  0.3317508E-01 -0.5005613E-02 -0.9700400E+00  0.2214098E+00  0.1000006E+00  0.9610014E-04
    1 -0.1471764E+00  0.2379434E-01 -0.5005615E-02 -0.9822339E+00  0.1587976E+00  0.1000001E+00  0.9610032E-04
    1 -0.1483985E+00  0.1431583E-01 -0.5005614E-02 -0.9903892E+00  0.9554101E-01  0.1000059E+00  0.9610011E-04
    1 -0.1490108E+00  0.4778494E-02 -0.5005624E-02 -0.9944754E+00  0.3189393E-01  0.1000070E+00  0.9610041E-04
    1  0.1496793E+00  0.4799927E-02 -0.1500185E-01  0.9989308E+00  0.3203398E-01  0.3333461E-01  0.9610126E-04
    1  0.1490642E+00  0.1438006E-01 -0.1500186E-01  0.9948257E+00  0.9597168E-01  0.3333585E-01  0.9610126E-04
    1  0.1478366E+00  0.2390109E-01 -0.1500185E-01  0.9866334E+00  0.1595089E+00  0.3333928E-01  0.9610104E-04
    1  0.1460015E+00  0.3332389E-01 -0.1500186E-01  0.9743851E+00  0.2224015E+00  0.3333864E-01  0.9610112E-04
    1  0.1435665E+00  0.4260977E-01 -0.1500185E-01  0.9581373E+00  0.2843617E+00  0.3333571E-01  0.9610105E-04
    1  0.1405415E+00  0.5172055E-01 -0.1500186E-01  0.9379451E+00  0.3451782E+00  0.3333303E-01  0.9610107E-04
    1  0.1369390E+00  0.6061883E-01 -0.1500186E-01  0.9139060E+00  0.4045551E+00  0.3333130E-01  0.9610179E-04
    1  0.1327738E+00  0.6926800E-01 -0.1500185E-01  0.8861046E+00  0.4622850E+00  0.3333288E-01  0.9610093E-04
    1  0.1280629E+00  0.7763250E-01 -0.1500186E-01  0.8546672E+00  0.5181051E+00  0.3333462E-01  0.9610120E-04
    1  0.1228259E+00  0.8567805E-01 -0.1500186E-01  0.8197175E+00  0.5717973E+00  0.3333322E-01  0.9610134E-04
    1  0.1170841E+00  0.9337149E-01 -0.1500186E-01  0.7813977E+00  0.6231422E+00  0.3333654E-01  0.9610089E-04
    1  0.1108612E+00  0.1006812E+00 -0.1500185E-01  0.7398662E+00  0.6719275E+00  0.3333869E-01  0.9610118E-04
    1  0.1041828E+00  0.1075773E+00 -0.1500185E-01  0.6952966E+00  0.7179496E+00  0.3333291E-01  0.9610144E-04
    1  0.9707623E-01  0.1140313E+00 -0.1500185E-01  0.6478667E+00  0.7610240E+00  0.3333338E-01  0.9610075E-04
    1  0.8957079E-01  0.1200166E+00 -0.1500186E-01  0.5977768E+00  0.8009692E+00  0.3333564E-01  0.9610107E-04
    1  0.8169726E-01  0.1255089E+00 -0.1500185E-01  0.5452323E+00  0.8376219E+00  0.3333621E-01  0.9610126E-04
    1  0.7348801E-01  0.1304854E+00 -0.1500186E-01  0.4904451E+00  0.8708343E+00  0.3333678E-01  0.9610152E-04
    1  0.6497678E-01  0.1349257E+00 -0.1500185E-01  0.4336421E+00  0.9004682E+00  0.3333768E-01  0.9610110E-04
    1  0.5619857E-01  0.1388116E+00 -0.1500185E-01  0.3750631E+00  0.9263995E+00  0.3333997E-01  0.9610107E-04
    1  0.4718942E-01  0.1421271E+00 -0.1500186E-01  0.3149329E+00  0.9485283E+00  0.3333587E-01  0.9610150E-04
    1  0.3798634E-01  0.1448584E+00 -0.1500186E-01  0.2535092E+00  0.9667584E+00  0.3333633E-01  0.9610106E-04
    1  0.2862719E-01  0.1469946E+00 -0.1500185E-01  0.1910536E+00  0.9810132E+00  0.3334152E-01  0.9610115E-04
    1  0.1915041E-01  0.1485267E+00 -0.1500185E-01  0.1278083E+00  0.9912384E+00  0.3334018E-01  0.9610101E-04
    1  0.9594879E-02  0.1494485E+00 -0.1500185E-01  0.6403231E-01  0.9973910E+00  0.3333459E-01  0.9610123E-04
    1  0.0000000E+00  0.1497562E+00 -0.1500186E-01  0.0000000E+00  0.9994444E+00  0.3333176E-01  0.9610040E-04
    1 -0.9594903E-02  0.1494485E+00 -0.1500186E-01 -0.6403197E-01  0.9973909E+00  0.3333491E-01  0.9610174E-04
    1 -0.1915041E-01  0.1485267E+00 -0.1500185E-01 -0.1278083E+00  0.9912384E+00  0.3334018E-01  0.9610100E-04
    1 -0.2862719E-01  0.1469946E+00 -0.1500185E-01 -0.1910536E+00  0.9810132E+00  0.3334152E-01  0.9610115E-04
    1 -0.3798634E-01  0.1448584E+00 -0.1500186E-01 -0.2535092E+00  0.9667584E+00  0.3333633E-01  0.9610107E-04
    1 -0.4718942E-01  0.1421270E+00 -0.1500186E-01 -0.3149329E+00  0.9485283E+00  0.3333587E-01  0.9610150E-04
    1 -0.5619857E-01  0.1388116E+00 -0.1500185E-01 -0.3750631E+00  0.9263995E+00  0.3333997E-01  0.9610107E-04
    1 -0.6497678E-01  0.1349257E+00 -0.1500185E-01 -0.4336421E+00  0.9004682E+00  0.3333768E-01  0.9610110E-04
    1 -0.7348800E-01  0.1304854E+00 -0.1500186E-01 -0.4904451E+00  0.8708343E+00  0.3333678E-01  0.9610152E-04
    1 -0.8169727E-01  0.1255089E+00 -0.1500185E-01 -0.5452323E+00  0.8376219E+00  0.3333621E-01  0.9610126E-04
    1 -0.8957078E-01  0.1200166E+00 -0.1500186E-01 -0.5977768E+00  0.8009692E+00  0.3333564E-01  0.9610107E-04
    1 -0.9707624E-01  0.1140313E+00 -0.1500185E-01 -0.6478667E+00  0.7610240E+00  0.3333338E-01  0.9610075E-04
    1 -0.1041828E+00  0.1075773E+00 -0.1500185E-01 -0.6952966E+00  0.7179496E+00  0.3333291E-01  0.9610144E-04
    1 -0.1108612E+00  0.1006812E+00 -0.1500185E-01 -0.7398662E+00  0.6719275E+00  0.3333869E-01  0.9610117E-04
    1 -0.1170841E+00  0.9337150E-01 -0.1500186E-01 -0.7813978E+00  0.6231422E+00  0.3333654E-01  0.9610089E-04
    1 -0.1228259E+00  0.8567803E-01 -0.1500186E-01 -0.8197175E+00  0.5717973E+00  0.3333322E-01  0.9610134E-04
    1 -0.1280629E+00  0.7763250E-01 -0.1500186E-01 -0.8546672E+00  0.5181051E+00  0.3333462E-01  0.9610119E-04
    1 -0.1327738E+00  0.6926800E-01 -0.1500185E-01 -0.8861046E+00  0.4622850E+00  0.3333288E-01  0.9610094E-04
    1 -0.1369390E+00  0.6061883E-01 -0.1500186E-01 -0.9139060E+00  0.4045551E+00  0.3333130E-01  0.9610179E-04
    1 -0.1405415E+00  0.5172055E-01 -0.1500186E-01 -0.9379450E+00  0.3451782E+00  0.3333302E-01  0.9610106E-04
    1 -0.1435665E+00  0.4260977E-01 -0.1500185E-01 -0.9581373E+00  0.2843617E+00  0.3333571E-01  0.9610105E-04
    1 -0.1460015E+00  0.3332389E-01 -0.1500186E-01 -0.9743850E+00  0.2224015E+00  0.3333863E-01  0.9610112E-04
    1 -0.1478366E+00  0.2390109E-01 -0.1500185E-01 -0.9866334E+00  0.1595089E+00  0.3333928E-01  0.9610104E-04
    1 -0.1490642E+00  0.1438006E-01 -0.1500186E-01 -0.9948257E+00  0.9597167E-01  0.3333585E-01  0.9610126E-04
    1 -0.1496793E+00  0.4799927E-02 -0.1500185E-01 -0.9989308E+00  0.3203398E-01  0.3333461E-01  0.9610126E-04
    1  0.1496793E+00  0.4799927E-02 -0.2499815E-01  0.9989308E+00  0.3203398E-01 -0.3333461E-01  0.9610126E-04
    1  0.1490642E+00  0.1438006E-01 -0.2499814E-01  0.9948257E+00  0.9597167E-01 -0.3333585E-01  0.9610126E-04
    1  0.1478366E+00  0.2390109E-01 -0.2499815E-01  0.9866334E+00  0.1595089E+00 -0.3333928E-01  0.9610104E-04
    1  0.1460015E+00  0.3332389E-01 -0.2499814E-01  0.9743850E+00  0.2224015E+00 -0.3333863E-01  0.9610112E-04
    1  0.1435665E+00  0.4260977E-01 -0.2499815E-01  0.9581373E+00  0.2843617E+00 -0.3333571E-01  0.9610104E-04
    1  0.1405415E+00  0.5172054E-01 -0.2499814E-01  0.9379451E+00  0.3451782E+00 -0.3333302E-01  0.9610107E-04
    1  0.1369390E+00  0.6061883E-01 -0.2499814E-01  0.9139060E+00  0.4045551E+00 -0.3333130E-01  0.9610179E-04
    1  0.1327738E+00  0.6926800E-01 -0.2499815E-01  0.8861046E+00  0.4622850E+00 -0.3333288E-01  0.9610093E-04
    1  0.1280629E+00  0.7763250E-01 -0.2499815E-01  0.8546672E+00  0.5181051E+00 -0.3333462E-01  0.9610118E-04
    1  0.1228259E+00  0.8567803E-01 -0.2499814E-01  0.8197175E+00  0.5717973E+00 -0.3333322E-01  0.9610134E-04
    1  0.1170841E+00  0.9337150E-01 -0.2499814E-01  0.7813978E+00  0.6231422E+00 -0.3333654E-01  0.9610089E-04
    1  0.1108612E+00  0.1006812E+00 -0.2499815E-01  0.7398662E+00  0.6719275E+00 -0.3333869E-01  0.9610117E-04
    1  0.1041828E+00  0.1075773E+00 -0.2499815E-01  0.6952966E+00  0.7179496E+00 -0.3333291E-01  0.9610144E-04
    1  0.9707624E-01  0.1140313E+00 -0.2499815E-01  0.6478667E+00  0.7610240E+00 -0.3333338E-01  0.9610075E-04
    1  0.8957080E-01  0.1200166E+00 -0.2499814E-01  0.5977768E+00  0.8009692E+00 -0.3333564E-01  0.9610107E-04
    1  0.8169727E-01  0.1255089E+00 -0.2499815E-01  0.5452323E+00  0.8376219E+00 -0.3333621E-01  0.9610126E-04
    1  0.7348801E-01  0.1304854E+00 -0.2499814E-01  0.4904451E+00  0.8708342E+00 -0.3333678E-01  0.9610152E-04
    1  0.6497678E-01  0.1349257E+00 -0.2499815E-01  0.4336420E+00  0.9004682E+00 -0.3333768E-01  0.9610111E-04
    1  0.5619857E-01  0.1388116E+00 -0.2499815E-01  0.3750632E+00  0.9263995E+00 -0.3333997E-01  0.9610107E-04
    1  0.4718942E-01  0.1421270E+00 -0.2499814E-01  0.3149329E+00  0.9485283E+00 -0.3333587E-01  0.9610150E-04
    1  0.3798634E-01  0.1448584E+00 -0.2499814E-01  0.2535092E+00  0.9667584E+00 -0.3333633E-01  0.9610107E-04
    1  0.2862719E-01  0.1469946E+00 -0.2499815E-01  0.1910536E+00  0.9810132E+00 -0.3334152E-01  0.9610115E-04
    1  0.1915041E-01  0.1485267E+00 -0.2499815E-01  0.1278083E+00  0.9912384E+00 -0.3334018E-01  0.9610100E-04
    1  0.9594880E-02  0.1494485E+00 -0.2499815E-01  0.6403230E-01  0.9973910E+00 -0.3333459E-01  0.9610123E-04
    1  0.0000000E+00  0.1497562E+00 -0.2499814E-01  0.0000000E+00  0.9994444E+00 -0.3333176E-01  0.9610040E-04
    1 -0.9594904E-02  0.1494486E+00 -0.2499814E-01 -0.6403197E-01  0.9973909E+00 -0.3333491E-01  0.9610173E-04
    1 -0.1915041E-01  0.1485267E+00 -0.2499815E-01 -0.1278083E+00  0.9912384E+00 -0.3334018E-01  0.9610101E-04
    1 -0.2862719E-01  0.1469946E+00 -0.2499815E-01 -0.1910535E+00  0.9810132E+00 -0.3334152E-01  0.9610115E-04
    1 -0.3798634E-01  0.1448584E+00 -0.2499814E-01 -0.2535092E+00  0.9667584E+00 -0.3333633E-01  0.9610106E-04
    1 -0.4718942E-01  0.1421271E+00 -0.2499814E-01 -0.3149329E+00  0.9485283E+00 -0.3333587E-01  0.9610150E-04
    1 -0.5619857E-01  0.1388116E+00 -0.2499815E-01 -0.3750632E+00  0.9263995E+00 -0.3333997E-01  0.9610107E-04
    1 -0.6497678E-01  0.1349257E+00 -0.2499815E-01 -0.4336421E+00  0.9004682E+00 -0.3333768E-01  0.9610111E-04
    1 -0.7348801E-01  0.1304854E+00 -0.2499814E-01 -0.4904451E+00  0.8708342E+00 -0.3333678E-01  0.9610152E-04
    1 -0.8169726E-01  0.1255089E+00 -0.2499815E-01 -0.5452323E+00  0.8376219E+00 -0.3333621E-01  0.9610126E-04
    1 -0.8957079E-01  0.1200166E+00 -0.2499814E-01 -0.5977768E+00  0.8009692E+00 -0.3333564E-01  0.9610107E-04
    1 -0.9707623E-01  0.1140313E+00 -0.2499815E-01 -0.6478667E+00  0.7610240E+00 -0.3333338E-01  0.9610075E-04
    1 -0.1041828E+00  0.1075773E+00 -0.2499815E-01 -0.6952966E+00  0.7179496E+00 -0.3333291E-01  0.9610144E-04
    1 -0.1108613E+00  0.1006812E+00 -0.2499815E-01 -0.7398662E+00  0.6719275E+00 -0.3333869E-01  0.9610118E-04
    1 -0.1170841E+00  0.9337150E-01 -0.2499814E-01 -0.7813977E+00  0.6231422E+00 -0.3333654E-01  0.9610089E-04
    1 -0.1228259E+00  0.8567804E-01 -0.2499814E-01 -0.8197175E+00  0.5717973E+00 -0.3333322E-01  0.9610135E-04
    1 -0.1280629E+00  0.7763251E-01 -0.2499815E-01 -0.8546672E+00  0.5181051E+00 -0.3333462E-01  0.9610118E-04
    1 -0.1327738E+00  0.6926800E-01 -0.2499815E-01 -0.8861046E+00  0.4622850E+00 -0.3333288E-01  0.9610093E-04
    1 -0.1369390E+00  0.6061883E-01 -0.2499814E-01 -0.9139060E+00  0.4045551E+00 -0.3333130E-01  0.9610179E-04
    1 -0.1405415E+00  0.5172055E-01 -0.2499814E-01 -0.9379451E+00  0.3451782E+00 -0.3333302E-01  0.9610107E-04
    1 -0.1435665E+00  0.4260977E-01 -0.2499815E-01 -0.9581373E+00  0.2843617E+00 -0.3333571E-01  0.9610104E-04
    1 -0.1460015E+00  0.3332389E-01 -0.2499814E-01 -0.9743850E+00  0.2224015E+00 -0.3333863E-01  0.9610112E-04
    1 -0.1478366E+00  0.2390109E-01 -0.2499815E-01 -0.9866334E+00  0.1595089E+00 -0.3333928E-01  0.9610104E-04
    1 -0.1490642E+00  0.1438006E-01 -0.2499814E-01 -0.9948257E+00  0.9597168E-01 -0.3333585E-01  0.9610126E-04
    1 -0.1496793E+00  0.4799927E-02 -0.2499815E-01 -0.9989308E+00  0.3203398E-01 -0.3333461E-01  0.9610126E-04
    1  0.1490108E+00  0.4778494E-02 -0.3499438E-01  0.9944754E+00  0.3189393E-01 -0.1000070E+00  0.9610041E-04
    1  0.1483985E+00  0.1431583E-01 -0.3499439E-01  0.9903892E+00  0.9554099E-01 -0.1000059E+00  0.9610009E-04
    1  0.1471764E+00  0.2379434E-01 -0.3499439E-01  0.9822339E+00  0.1587976E+00 -0.1000001E+00  0.9610032E-04
    1  0.1453495E+00  0.3317508E-01 -0.3499439E-01  0.9700400E+00  0.2214098E+00 -0.1000007E+00  0.9610014E-04
    1  0.1429253E+00  0.4241949E-01 -0.3499438E-01  0.9538638E+00  0.2830951E+00 -0.1000050E+00  0.9610019E-04
    1  0.1399139E+00  0.5148960E-01 -0.3499439E-01  0.9337634E+00  0.3436348E+00 -0.1000049E+00  0.9610037E-04
    1  0.1363275E+00  0.6034811E-01 -0.3499437E-01  0.9098293E+00  0.4027529E+00 -0.1000041E+00  0.9609988E-04
    1  0.1321808E+00  0.6895863E-01 -0.3499439E-01  0.8821517E+00  0.4602248E+00 -0.1000071E+00  0.9610082E-04
    1  0.1274910E+00  0.7728581E-01 -0.3499438E-01  0.8508580E+00  0.5157907E+00 -0.1000026E+00  0.9610006E-04
    1  0.1222774E+00  0.8529541E-01 -0.3499439E-01  0.8160599E+00  0.5692499E+00 -0.1000028E+00  0.9610012E-04
    1  0.1165612E+00  0.9295447E-01 -0.3499439E-01  0.7779129E+00  0.6203635E+00 -0.1000033E+00  0.9610012E-04
    1  0.1103662E+00  0.1002316E+00 -0.3499438E-01  0.7365651E+00  0.6689328E+00 -0.1000039E+00  0.9610014E-04
    1  0.1037175E+00  0.1070968E+00 -0.3499438E-01  0.6921968E+00  0.7147458E+00 -0.1000100E+00  0.9610054E-04
    1  0.9664269E-01  0.1135220E+00 -0.3499439E-01  0.6449764E+00  0.7576303E+00 -0.1000086E+00  0.9610034E-04
    1  0.8917075E-01  0.1194807E+00 -0.3499438E-01  0.5951155E+00  0.7973940E+00 -0.1000016E+00  0.9609990E-04
    1  0.8133242E-01  0.1249484E+00 -0.3499439E-01  0.5427972E+00  0.8338892E+00 -0.9999996E-01  0.9610028E-04
    1  0.7315983E-01  0.1299026E+00 -0.3499438E-01  0.4882614E+00  0.8669491E+00 -0.1000001E+00  0.9610025E-04
    1  0.6468663E-01  0.1343231E+00 -0.3499438E-01  0.4317054E+00  0.8964545E+00 -0.9999907E-01  0.9610022E-04
    1  0.5594759E-01  0.1381916E+00 -0.3499439E-01  0.3733900E+00  0.9222688E+00 -0.1000008E+00  0.9610048E-04
    1  0.4697868E-01  0.1414923E+00 -0.3499438E-01  0.3135277E+00  0.9442982E+00 -0.1000058E+00  0.9609995E-04
    1  0.3781671E-01  0.1442115E+00 -0.3499439E-01  0.2523820E+00  0.9624462E+00 -0.1000031E+00  0.9610043E-04
    1  0.2849933E-01  0.1463381E+00 -0.3499438E-01  0.1901967E+00  0.9766398E+00 -0.9999956E-01  0.9610044E-04
    1  0.1906485E-01  0.1478634E+00 -0.3499438E-01  0.1272371E+00  0.9868178E+00 -0.1000066E+00  0.9610031E-04
    1  0.9552036E-02  0.1487811E+00 -0.3499438E-01  0.6375153E-01  0.9929422E+00 -0.1000076E+00  0.9610025E-04
    1  0.1164153E-09  0.1490874E+00 -0.3499439E-01  0.0000000E+00  0.9949868E+00 -0.1000059E+00  0.9609976E-04
    1 -0.9552037E-02  0.1487811E+00 -0.3499438E-01 -0.6375153E-01  0.9929422E+00 -0.1000076E+00  0.9610026E-04
    1 -0.1906484E-01  0.1478634E+00 -0.3499439E-01 -0.1272371E+00  0.9868178E+00 -0.1000066E+00  0.9610031E-04
    1 -0.2849933E-01  0.1463381E+00 -0.3499437E-01 -0.1901967E+00  0.9766398E+00 -0.9999956E-01  0.9610044E-04
    1 -0.3781673E-01  0.1442115E+00 -0.3499439E-01 -0.2523820E+00  0.9624462E+00 -0.1000031E+00  0.9610043E-04
    1 -0.4697867E-01  0.1414923E+00 -0.3499438E-01 -0.3135277E+00  0.9442982E+00 -0.1000058E+00  0.9609995E-04
    1 -0.5594759E-01  0.1381916E+00 -0.3499439E-01 -0.3733900E+00  0.9222688E+00 -0.1000008E+00  0.9610049E-04
    1 -0.6468663E-01  0.1343231E+00 -0.3499438E-01 -0.4317054E+00  0.8964545E+00 -0.9999907E-01  0.9610022E-04
    1 -0.7315983E-01  0.1299027E+00 -0.3499438E-01 -0.4882614E+00  0.8669491E+00 -0.1000001E+00  0.9610025E-04
    1 -0.8133242E-01  0.1249484E+00 -0.3499438E-01 -0.5427972E+00  0.8338892E+00 -0.9999996E-01  0.9610028E-04
    1 -0.8917077E-01  0.1194807E+00 -0.3499438E-01 -0.5951155E+00  0.7973940E+00 -0.1000016E+00  0.9609990E-04
    1 -0.9664269E-01  0.1135220E+00 -0.3499439E-01 -0.6449764E+00  0.7576302E+00 -0.1000086E+00  0.9610034E-04
    1 -0.1037175E+00  0.1070969E+00 -0.3499438E-01 -0.6921968E+00  0.7147458E+00 -0.1000100E+00  0.9610054E-04
    1 -0.1103661E+00  0.1002316E+00 -0.3499438E-01 -0.7365651E+00  0.6689328E+00 -0.1000039E+00  0.9610015E-04
    1 -0.1165612E+00  0.9295449E-01 -0.3499439E-01 -0.7779129E+00  0.6203635E+00 -0.1000033E+00  0.9610012E-04
    1 -0.1222774E+00  0.8529539E-01 -0.3499439E-01 -0.8160600E+00  0.5692499E+00 -0.1000028E+00  0.9610013E-04
    1 -0.1274910E+00  0.7728583E-01 -0.3499438E-01 -0.8508580E+00  0.5157907E+00 -0.1000026E+00  0.9610006E-04
    1 -0.1321808E+00  0.6895864E-01 -0.3499439E-01 -0.8821517E+00  0.4602248E+00 -0.1000071E+00  0.9610082E-04
    1 -0.1363274E+00  0.6034811E-01 -0.3499437E-01 -0.9098293E+00  0.4027529E+00 -0.1000041E+00  0.9609987E-04
    1 -0.1399139E+00  0.5148960E-01 -0.3499439E-01 -0.9337634E+00  0.3436348E+00 -0.1000049E+00  0.9610038E-04
    1 -0.1429253E+00  0.4241949E-01 -0.3499438E-01 -0.9538638E+00  0.2830951E+00 -0.1000050E+00  0.9610019E-04
    1 -0.1453495E+00  0.3317508E-01 -0.3499439E-01 -0.9700400E+00  0.2214098E+00 -0.1000006E+00  0.9610014E-04
    1 -0.1471764E+00  0.2379434E-01 -0.3499439E-01 -0.9822339E+00  0.1587976E+00 -0.1000001E+00  0.9610032E-04
    1 -0.1483985E+00  0.1431583E-01 -0.3499439E-01 -0.9903892E+00  0.9554099E-01 -0.1000059E+00  0.9610010E-04
    1 -0.1490108E+00  0.4778494E-02 -0.3499438E-01 -0.9944754E+00  0.3189393E-01 -0.1000070E+00  0.9610041E-04
    1  0.1476648E+00  0.4735325E-02 -0.4499047E-01  0.9855047E+00  0.3160771E-01 -0.1666774E+00  0.9609849E-04
    1  0.1470580E+00  0.1418651E-01 -0.4499046E-01  0.9814560E+00  0.9467469E-01 -0.1666758E+00  0.9609805E-04
    1  0.1458470E+00  0.2357941E-01 -0.4499047E-01  0.9733715E+00  0.1573694E+00 -0.1666816E+00  0.9609899E-04
    1  0.1440365E+00  0.3287543E-01 -0.4499046E-01  0.9612888E+00  0.2194100E+00 -0.1666829E+00  0.9609861E-04
    1  0.1416342E+00  0.4203634E-01 -0.4499047E-01  0.9452572E+00  0.2805464E+00 -0.1666810E+00  0.9609820E-04
    1  0.1386500E+00  0.5102451E-01 -0.4499046E-01  0.9253414E+00  0.3405299E+00 -0.1666811E+00  0.9609859E-04
    1  0.1350960E+00  0.5980298E-01 -0.4499047E-01  0.9016187E+00  0.3991250E+00 -0.1666825E+00  0.9609771E-04
    1  0.1309868E+00  0.6833572E-01 -0.4499046E-01  0.8741978E+00  0.4560663E+00 -0.1666780E+00  0.9609901E-04
    1  0.1263394E+00  0.7658769E-01 -0.4499047E-01  0.8431811E+00  0.5111402E+00 -0.1666776E+00  0.9609796E-04
    1  0.1211728E+00  0.8452488E-01 -0.4499046E-01  0.8086979E+00  0.5641146E+00 -0.1666804E+00  0.9609833E-04
    1  0.1155083E+00  0.9211481E-01 -0.4499047E-01  0.7708940E+00  0.6147680E+00 -0.1666816E+00  0.9609885E-04
    1  0.1093692E+00  0.9932619E-01 -0.4499046E-01  0.7299214E+00  0.6628969E+00 -0.1666806E+00  0.9609800E-04
    1  0.1027806E+00  0.1061294E+00 -0.4499047E-01  0.6859503E+00  0.7083015E+00 -0.1666770E+00  0.9609884E-04
    1  0.9576969E-01  0.1124966E+00 -0.4499046E-01  0.6391621E+00  0.7507932E+00 -0.1666777E+00  0.9609845E-04
    1  0.8836527E-01  0.1184014E+00 -0.4499047E-01  0.5897455E+00  0.7902010E+00 -0.1666814E+00  0.9609834E-04
    1  0.8059771E-01  0.1238197E+00 -0.4499047E-01  0.5379009E+00  0.8263652E+00 -0.1666830E+00  0.9609856E-04
    1  0.7249896E-01  0.1287293E+00 -0.4499047E-01  0.4838588E+00  0.8591267E+00 -0.1666791E+00  0.9609820E-04
    1  0.6410232E-01  0.1331098E+00 -0.4499047E-01  0.4278123E+00  0.8883668E+00 -0.1666763E+00  0.9609825E-04
    1  0.5544224E-01  0.1369434E+00 -0.4499047E-01  0.3700159E+00  0.9139509E+00 -0.1666790E+00  0.9609871E-04
    1  0.4655430E-01  0.1402142E+00 -0.4499048E-01  0.3106967E+00  0.9357802E+00 -0.1666825E+00  0.9609844E-04
    1  0.3747511E-01  0.1429088E+00 -0.4499045E-01  0.2501140E+00  0.9537616E+00 -0.1666791E+00  0.9609848E-04
    1  0.2824191E-01  0.1450163E+00 -0.4499047E-01  0.1884779E+00  0.9678300E+00 -0.1666771E+00  0.9609850E-04
    1  0.1889266E-01  0.1465278E+00 -0.4499046E-01  0.1260901E+00  0.9779170E+00 -0.1666725E+00  0.9609816E-04
    1  0.9465778E-02  0.1474372E+00 -0.4499047E-01  0.6317516E-01  0.9839863E+00 -0.1666726E+00  0.9609840E-04
    1  0.0000000E+00  0.1477407E+00 -0.4499047E-01  0.0000000E+00  0.9860118E+00 -0.1666757E+00  0.9609826E-04
    1 -0.9465777E-02  0.1474372E+00 -0.4499047E-01 -0.6317516E-01  0.9839863E+00 -0.1666726E+00  0.9609840E-04
    1 -0.1889266E-01  0.1465278E+00 -0.4499046E-01 -0.1260901E+00  0.9779170E+00 -0.1666725E+00  0.9609816E-04
    1 -0.2824191E-01  0.1450163E+00 -0.4499047E-01 -0.1884778E+00  0.9678300E+00 -0.1666771E+00  0.9609850E-04
    1 -0.3747511E-01  0.1429088E+00 -0.4499046E-01 -0.2501141E+00  0.9537616E+00 -0.1666791E+00  0.9609848E-04
    1 -0.4655430E-01  0.1402142E+00 -0.4499048E-01 -0.3106967E+00  0.9357802E+00 -0.1666825E+00  0.9609845E-04
    1 -0.5544223E-01  0.1369433E+00 -0.4499046E-01 -0.3700159E+00  0.9139509E+00 -0.1666790E+00  0.9609871E-04
    1 -0.6410233E-01  0.1331098E+00 -0.4499047E-01 -0.4278123E+00  0.8883668E+00 -0.1666763E+00  0.9609825E-04
    1 -0.7249898E-01  0.1287293E+00 -0.4499047E-01 -0.4838588E+00  0.8591266E+00 -0.1666791E+00  0.9609820E-04
    1 -0.8059771E-01  0.1238198E+00 -0.4499047E-01 -0.5379009E+00  0.8263652E+00 -0.1666830E+00  0.9609856E-04
    1 -0.8836527E-01  0.1184014E+00 -0.4499047E-01 -0.5897455E+00  0.7902010E+00 -0.1666814E+00  0.9609834E-04
    1 -0.9576970E-01  0.1124966E+00 -0.4499046E-01 -0.6391621E+00  0.7507932E+00 -0.1666776E+00  0.9609845E-04
    1 -0.1027806E+00  0.1061294E+00 -0.4499047E-01 -0.6859503E+00  0.7083015E+00 -0.1666770E+00  0.9609884E-04
    1 -0.1093692E+00  0.9932619E-01 -0.4499047E-01 -0.7299213E+00  0.6628970E+00 -0.1666805E+00  0.9609800E-04
    1 -0.1155083E+00  0.9211481E-01 -0.4499047E-01 -0.7708940E+00  0.6147680E+00 -0.1666816E+00  0.9609885E-04
    1 -0.1211728E+00  0.8452490E-01 -0.4499046E-01 -0.8086979E+00  0.5641146E+00 -0.1666804E+00  0.9609833E-04
    1 -0.1263394E+00  0.7658768E-01 -0.4499046E-01 -0.8431811E+00  0.5111401E+00 -0.1666776E+00  0.9609796E-04
    1 -0.1309868E+00  0.6833572E-01 -0.4499046E-01 -0.8741978E+00  0.4560663E+00 -0.1666780E+00  0.9609901E-04
    1 -0.1350960E+00  0.5980297E-01 -0.4499047E-01 -0.9016187E+00  0.3991250E+00 -0.1666825E+00  0.9609770E-04
    1 -0.1386500E+00  0.5102451E-01 -0.4499046E-01 -0.9253414E+00  0.3405299E+00 -0.1666811E+00  0.9609859E-04
    1 -0.1416343E+00  0.4203633E-01 -0.4499047E-01 -0.9452572E+00  0.2805464E+00 -0.1666810E+00  0.9609820E-04
    1 -0.1440365E+00  0.3287544E-01 -0.4499047E-01 -0.9612888E+00  0.2194100E+00 -0.1666829E+00  0.9609861E-04
    1 -0.1458469E+00  0.2357941E-01 -0.4499047E-01 -0.9733715E+00  0.1573694E+00 -0.1666816E+00  0.9609899E-04
    1 -0.1470580E+00  0.1418651E-01 -0.4499046E-01 -0.9814560E+00  0.9467469E-01 -0.1666758E+00  0.9609805E-04
    1 -0.1476648E+00  0.4735326E-02 -0.4499047E-01 -0.9855047E+00  0.3160771E-01 -0.1666774E+00  0.9609849E-04
    1  0.1456224E+00  0.4669829E-02 -0.5498626E-01  0.9718913E+00  0.3116593E-01 -0.2333580E+00  0.9609561E-04
    1  0.1450240E+00  0.1399029E-01 -0.5498629E-01  0.9678975E+00  0.9337087E-01 -0.2333586E+00  0.9609538E-04
    1  0.1438297E+00  0.2325327E-01 -0.5498627E-01  0.9599271E+00  0.1551943E+00 -0.2333552E+00  0.9609581E-04
    1  0.1420443E+00  0.3242071E-01 -0.5498628E-01  0.9480121E+00  0.2163790E+00 -0.2333521E+00  0.9609529E-04
    1  0.1396753E+00  0.4145491E-01 -0.5498628E-01  0.9322007E+00  0.2766723E+00 -0.2333545E+00  0.9609570E-04
    1  0.1367323E+00  0.5031877E-01 -0.5498628E-01  0.9125591E+00  0.3358281E+00 -0.2333568E+00  0.9609511E-04
    1  0.1332274E+00  0.5897580E-01 -0.5498627E-01  0.8891660E+00  0.3936101E+00 -0.2333556E+00  0.9609506E-04
    1  0.1291751E+00  0.6739056E-01 -0.5498628E-01  0.8621236E+00  0.4497645E+00 -0.2333557E+00  0.9609589E-04
    1  0.1245920E+00  0.7552838E-01 -0.5498628E-01  0.8315321E+00  0.5040822E+00 -0.2333570E+00  0.9609546E-04
    1  0.1194969E+00  0.8335582E-01 -0.5498628E-01  0.7975270E+00  0.5563228E+00 -0.2333574E+00  0.9609520E-04
    1  0.1139107E+00  0.9084073E-01 -0.5498627E-01  0.7602468E+00  0.6062754E+00 -0.2333554E+00  0.9609571E-04
    1  0.1078565E+00  0.9795239E-01 -0.5498628E-01  0.7198436E+00  0.6537374E+00 -0.2333507E+00  0.9609517E-04
    1  0.1013590E+00  0.1046615E+00 -0.5498626E-01  0.6764708E+00  0.6985219E+00 -0.2333548E+00  0.9609575E-04
    1  0.9444508E-01  0.1109406E+00 -0.5498628E-01  0.6303365E+00  0.7404194E+00 -0.2333558E+00  0.9609551E-04
    1  0.8714308E-01  0.1167638E+00 -0.5498627E-01  0.5815955E+00  0.7792900E+00 -0.2333534E+00  0.9609516E-04
    1  0.7948292E-01  0.1221071E+00 -0.5498628E-01  0.5304741E+00  0.8149498E+00 -0.2333541E+00  0.9609609E-04
    1  0.7149619E-01  0.1269488E+00 -0.5498628E-01  0.4771733E+00  0.8472605E+00 -0.2333565E+00  0.9609497E-04
    1  0.6321568E-01  0.1312687E+00 -0.5498628E-01  0.4219018E+00  0.8760943E+00 -0.2333614E+00  0.9609581E-04
    1  0.5467539E-01  0.1350492E+00 -0.5498626E-01  0.3649041E+00  0.9013260E+00 -0.2333590E+00  0.9609506E-04
    1  0.4591041E-01  0.1382748E+00 -0.5498628E-01  0.3064080E+00  0.9228542E+00 -0.2333541E+00  0.9609586E-04
    1  0.3695679E-01  0.1409322E+00 -0.5498628E-01  0.2466566E+00  0.9405876E+00 -0.2333571E+00  0.9609526E-04
    1  0.2785130E-01  0.1430105E+00 -0.5498628E-01  0.1858766E+00  0.9544597E+00 -0.2333595E+00  0.9609570E-04
    1  0.1863137E-01  0.1445011E+00 -0.5498628E-01  0.1243508E+00  0.9644067E+00 -0.2333594E+00  0.9609533E-04
    1  0.9334860E-02  0.1453979E+00 -0.5498628E-01  0.6229661E-01  0.9703923E+00 -0.2333624E+00  0.9609618E-04
    1 -0.5820766E-10  0.1456973E+00 -0.5498627E-01  0.0000000E+00  0.9723893E+00 -0.2333644E+00  0.9609523E-04
    1 -0.9334860E-02  0.1453979E+00 -0.5498628E-01 -0.6229661E-01  0.9703923E+00 -0.2333624E+00  0.9609618E-04
    1 -0.1863137E-01  0.1445011E+00 -0.5498628E-01 -0.1243509E+00  0.9644067E+00 -0.2333594E+00  0.9609532E-04
    1 -0.2785131E-01  0.1430105E+00 -0.5498628E-01 -0.1858766E+00  0.9544597E+00 -0.2333595E+00  0.9609570E-04
    1 -0.3695679E-01  0.1409322E+00 -0.5498628E-01 -0.2466566E+00  0.9405876E+00 -0.2333571E+00  0.9609526E-04
    1 -0.4591042E-01  0.1382748E+00 -0.5498627E-01 -0.3064080E+00  0.9228542E+00 -0.2333540E+00  0.9609586E-04
    1 -0.5467539E-01  0.1350493E+00 -0.5498627E-01 -0.3649040E+00  0.9013260E+00 -0.2333590E+00  0.9609506E-04
    1 -0.6321568E-01  0.1312687E+00 -0.5498628E-01 -0.4219018E+00  0.8760943E+00 -0.2333614E+00  0.9609581E-04
    1 -0.7149619E-01  0.1269488E+00 -0.5498627E-01 -0.4771733E+00  0.8472605E+00 -0.2333565E+00  0.9609497E-04
    1 -0.7948293E-01  0.1221071E+00 -0.5498628E-01 -0.5304742E+00  0.8149497E+00 -0.2333542E+00  0.9609609E-04
    1 -0.8714306E-01  0.1167638E+00 -0.5498627E-01 -0.5815955E+00  0.7792900E+00 -0.2333534E+00  0.9609516E-04
    1 -0.9444509E-01  0.1109406E+00 -0.5498628E-01 -0.6303365E+00  0.7404194E+00 -0.2333558E+00  0.9609550E-04
    1 -0.1013590E+00  0.1046615E+00 -0.5498626E-01 -0.6764708E+00  0.6985219E+00 -0.2333548E+00  0.9609575E-04
    1 -0.1078565E+00  0.9795240E-01 -0.5498628E-01 -0.7198436E+00  0.6537374E+00 -0.2333507E+00  0.9609516E-04
    1 -0.1139107E+00  0.9084074E-01 -0.5498628E-01 -0.7602469E+00  0.6062754E+00 -0.2333554E+00  0.9609571E-04
    1 -0.1194969E+00  0.8335581E-01 -0.5498628E-01 -0.7975270E+00  0.5563228E+00 -0.2333574E+00  0.9609520E-04
    1 -0.1245920E+00  0.7552839E-01 -0.5498628E-01 -0.8315321E+00  0.5040823E+00 -0.2333570E+00  0.9609546E-04
    1 -0.1291751E+00  0.6739055E-01 -0.5498628E-01 -0.8621236E+00  0.4497645E+00 -0.2333557E+00  0.9609589E-04
    1 -0.1332274E+00  0.5897581E-01 -0.5498628E-01 -0.8891660E+00  0.3936101E+00 -0.2333556E+00  0.9609505E-04
    1 -0.1367323E+00  0.5031876E-01 -0.5498628E-01 -0.9125591E+00  0.3358280E+00 -0.2333568E+00  0.9609511E-04
    1 -0.1396753E+00  0.4145491E-01 -0.5498628E-01 -0.9322007E+00  0.2766723E+00 -0.2333545E+00  0.9609570E-04
    1 -0.1420443E+00  0.3242071E-01 -0.5498628E-01 -0.9480121E+00  0.2163790E+00 -0.2333521E+00  0.9609529E-04
    1 -0.1438297E+00  0.2325328E-01 -0.5498627E-01 -0.9599271E+00  0.1551943E+00 -0.2333552E+00  0.9609581E-04
    1 -0.1450240E+00  0.1399029E-01 -0.5498628E-01 -0.9678975E+00  0.9337085E-01 -0.2333586E+00  0.9609538E-04
    1 -0.1456224E+00  0.4669830E-02 -0.5498628E-01 -0.9718913E+00  0.3116594E-01 -0.2333580E+00  0.9609561E-04
    1  0.1428537E+00  0.4581036E-02 -0.6498165E-01  0.9534366E+00  0.3057417E-01 -0.3000398E+00  0.9609136E-04
    1  0.1422667E+00  0.1372430E-01 -0.6498165E-01  0.9495180E+00  0.9160022E-01 -0.3000415E+00  0.9609193E-04
    1  0.1410951E+00  0.2281117E-01 -0.6498165E-01  0.9416978E+00  0.1522451E+00 -0.3000447E+00  0.9609135E-04
    1  0.1393437E+00  0.3180428E-01 -0.6498165E-01  0.9300091E+00  0.2122664E+00 -0.3000433E+00  0.9609155E-04
    1  0.1370197E+00  0.4066672E-01 -0.6498165E-01  0.9144989E+00  0.2714192E+00 -0.3000391E+00  0.9609144E-04
    1  0.1341326E+00  0.4936204E-01 -0.6498168E-01  0.8952281E+00  0.3294557E+00 -0.3000423E+00  0.9609171E-04
    1  0.1306944E+00  0.5785451E-01 -0.6498165E-01  0.8722804E+00  0.3861335E+00 -0.3000464E+00  0.9609124E-04
    1  0.1267191E+00  0.6610924E-01 -0.6498164E-01  0.8457503E+00  0.4412241E+00 -0.3000462E+00  0.9609162E-04
    1  0.1222231E+00  0.7409237E-01 -0.6498165E-01  0.8157442E+00  0.4945057E+00 -0.3000425E+00  0.9609204E-04
    1  0.1172249E+00  0.8177100E-01 -0.6498166E-01  0.7823809E+00  0.5457617E+00 -0.3000406E+00  0.9609134E-04
    1  0.1117449E+00  0.8911361E-01 -0.6498167E-01  0.7458099E+00  0.5947614E+00 -0.3000445E+00  0.9609151E-04
    1  0.1058058E+00  0.9609006E-01 -0.6498166E-01  0.7061710E+00  0.6413214E+00 -0.3000489E+00  0.9609223E-04
    1  0.9943190E-01  0.1026716E+00 -0.6498165E-01  0.6636247E+00  0.6852559E+00 -0.3000442E+00  0.9609119E-04
    1  0.9264944E-01  0.1088313E+00 -0.6498165E-01  0.6183676E+00  0.7263584E+00 -0.3000417E+00  0.9609170E-04
    1  0.8548625E-01  0.1145438E+00 -0.6498167E-01  0.5705506E+00  0.7644907E+00 -0.3000431E+00  0.9609145E-04
    1  0.7797176E-01  0.1197855E+00 -0.6498165E-01  0.5203979E+00  0.7994745E+00 -0.3000444E+00  0.9609186E-04
    1  0.7013686E-01  0.1245351E+00 -0.6498167E-01  0.4681112E+00  0.8311707E+00 -0.3000451E+00  0.9609159E-04
    1  0.6201376E-01  0.1287729E+00 -0.6498165E-01  0.4138906E+00  0.8594591E+00 -0.3000409E+00  0.9609183E-04
    1  0.5363584E-01  0.1324816E+00 -0.6498167E-01  0.3579783E+00  0.8842101E+00 -0.3000402E+00  0.9609087E-04
    1  0.4503755E-01  0.1356458E+00 -0.6498165E-01  0.3005887E+00  0.9053292E+00 -0.3000424E+00  0.9609159E-04
    1  0.3625414E-01  0.1382527E+00 -0.6498165E-01  0.2419668E+00  0.9227269E+00 -0.3000453E+00  0.9609184E-04
    1  0.2732175E-01  0.1402914E+00 -0.6498165E-01  0.1823518E+00  0.9363341E+00 -0.3000438E+00  0.9609178E-04
    1  0.1827711E-01  0.1417537E+00 -0.6498165E-01  0.1219880E+00  0.9460943E+00 -0.3000409E+00  0.9609139E-04
    1  0.9157371E-02  0.1426335E+00 -0.6498165E-01  0.6111333E-01  0.9519672E+00 -0.3000394E+00  0.9609156E-04
    1  0.0000000E+00  0.1429271E+00 -0.6498167E-01  0.0000000E+00  0.9539273E+00 -0.3000380E+00  0.9609120E-04
    1 -0.9157372E-02  0.1426335E+00 -0.6498165E-01 -0.6111332E-01  0.9519672E+00 -0.3000394E+00  0.9609156E-04
    1 -0.1827711E-01  0.1417537E+00 -0.6498165E-01 -0.1219881E+00  0.9460943E+00 -0.3000409E+00  0.9609139E-04
    1 -0.2732176E-01  0.1402915E+00 -0.6498165E-01 -0.1823518E+00  0.9363341E+00 -0.3000438E+00  0.9609178E-04
    1 -0.3625414E-01  0.1382527E+00 -0.6498166E-01 -0.2419668E+00  0.9227269E+00 -0.3000453E+00  0.9609184E-04
    1 -0.4503755E-01  0.1356458E+00 -0.6498165E-01 -0.3005887E+00  0.9053292E+00 -0.3000424E+00  0.9609159E-04
    1 -0.5363584E-01  0.1324816E+00 -0.6498166E-01 -0.3579783E+00  0.8842101E+00 -0.3000402E+00  0.9609088E-04
    1 -0.6201376E-01  0.1287729E+00 -0.6498165E-01 -0.4138906E+00  0.8594591E+00 -0.3000410E+00  0.9609183E-04
    1 -0.7013686E-01  0.1245351E+00 -0.6498167E-01 -0.4681112E+00  0.8311707E+00 -0.3000451E+00  0.9609159E-04
    1 -0.7797175E-01  0.1197855E+00 -0.6498164E-01 -0.5203979E+00  0.7994744E+00 -0.3000444E+00  0.9609186E-04
    1 -0.8548625E-01  0.1145438E+00 -0.6498167E-01 -0.5705506E+00  0.7644907E+00 -0.3000431E+00  0.9609145E-04
    1 -0.9264944E-01  0.1088313E+00 -0.6498165E-01 -0.6183676E+00  0.7263584E+00 -0.3000418E+00  0.9609170E-04
    1 -0.9943192E-01  0.1026716E+00 -0.6498165E-01 -0.6636247E+00  0.6852559E+00 -0.3000442E+00  0.9609119E-04
    1 -0.1058058E+00  0.9609006E-01 -0.6498166E-01 -0.7061711E+00  0.6413212E+00 -0.3000489E+00  0.9609223E-04
    1 -0.1117449E+00  0.8911361E-01 -0.6498165E-01 -0.7458099E+00  0.5947614E+00 -0.3000445E+00  0.9609151E-04
    1 -0.1172249E+00  0.8177100E-01 -0.6498167E-01 -0.7823809E+00  0.5457617E+00 -0.3000406E+00  0.9609133E-04
    1 -0.1222231E+00  0.7409237E-01 -0.6498165E-01 -0.8157442E+00  0.4945057E+00 -0.3000425E+00  0.9609204E-04
    1 -0.1267191E+00  0.6610925E-01 -0.6498165E-01 -0.8457503E+00  0.4412241E+00 -0.3000462E+00  0.9609162E-04
    1 -0.1306944E+00  0.5785451E-01 -0.6498165E-01 -0.8722804E+00  0.3861335E+00 -0.3000464E+00  0.9609124E-04
    1 -0.1341326E+00  0.4936204E-01 -0.6498167E-01 -0.8952281E+00  0.3294557E+00 -0.3000423E+00  0.9609171E-04
    1 -0.1370197E+00  0.4066672E-01 -0.6498165E-01 -0.9144989E+00  0.2714192E+00 -0.3000391E+00  0.9609143E-04
    1 -0.1393437E+00  0.3180429E-01 -0.6498167E-01 -0.9300091E+00  0.2122664E+00 -0.3000433E+00  0.9609155E-04
    1 -0.1410951E+00  0.2281117E-01 -0.6498165E-01 -0.9416978E+00  0.1522451E+00 -0.3000447E+00  0.9609136E-04
    1 -0.1422667E+00  0.1372430E-01 -0.6498166E-01 -0.9495180E+00  0.9160024E-01 -0.3000415E+00  0.9609193E-04
    1 -0.1428537E+00  0.4581036E-02 -0.6498165E-01 -0.9534366E+00  0.3057417E-01 -0.3000398E+00  0.9609136E-04
    1  0.1393154E+00  0.4467573E-02 -0.7497644E-01  0.9298451E+00  0.2982125E-01 -0.3667408E+00  0.9608641E-04
    1  0.1387429E+00  0.1338437E-01 -0.7497643E-01  0.9260248E+00  0.8933111E-01 -0.3667398E+00  0.9608650E-04
    1  0.1376003E+00  0.2224616E-01 -0.7497644E-01  0.9183994E+00  0.1484809E+00 -0.3667367E+00  0.9608617E-04
    1  0.1358923E+00  0.3101652E-01 -0.7497642E-01  0.9070002E+00  0.2070122E+00 -0.3667378E+00  0.9608595E-04
    1  0.1336258E+00  0.3965942E-01 -0.7497644E-01  0.8918697E+00  0.2647053E+00 -0.3667417E+00  0.9608633E-04
    1  0.1308103E+00  0.4813938E-01 -0.7497642E-01  0.8730791E+00  0.3213025E+00 -0.3667391E+00  0.9608691E-04
    1  0.1274572E+00  0.5642154E-01 -0.7497644E-01  0.8506991E+00  0.3765841E+00 -0.3667364E+00  0.9608625E-04
    1  0.1235804E+00  0.6447181E-01 -0.7497644E-01  0.8248259E+00  0.4303080E+00 -0.3667388E+00  0.9608567E-04
    1  0.1191958E+00  0.7225715E-01 -0.7497643E-01  0.7955607E+00  0.4822694E+00 -0.3667416E+00  0.9608635E-04
    1  0.1143214E+00  0.7974559E-01 -0.7497644E-01  0.7630252E+00  0.5322544E+00 -0.3667395E+00  0.9608654E-04
    1  0.1089771E+00  0.8690634E-01 -0.7497644E-01  0.7273555E+00  0.5800505E+00 -0.3667362E+00  0.9608644E-04
    1  0.1031851E+00  0.9370998E-01 -0.7497643E-01  0.6886984E+00  0.6254579E+00 -0.3667381E+00  0.9608635E-04
    1  0.9696905E-01  0.1001285E+00 -0.7497644E-01  0.6472108E+00  0.6682965E+00 -0.3667396E+00  0.9608611E-04
    1  0.9035461E-01  0.1061357E+00 -0.7497644E-01  0.6030664E+00  0.7083884E+00 -0.3667379E+00  0.9608637E-04
    1  0.8336882E-01  0.1117066E+00 -0.7497644E-01  0.5564304E+00  0.7455775E+00 -0.3667414E+00  0.9608659E-04
    1  0.7604044E-01  0.1168185E+00 -0.7497644E-01  0.5075245E+00  0.7796923E+00 -0.3667406E+00  0.9608595E-04
    1  0.6839964E-01  0.1214505E+00 -0.7497643E-01  0.4565307E+00  0.8106068E+00 -0.3667374E+00  0.9608666E-04
    1  0.6047773E-01  0.1255834E+00 -0.7497643E-01  0.4036521E+00  0.8381931E+00 -0.3667386E+00  0.9608641E-04
    1  0.5230731E-01  0.1292001E+00 -0.7497644E-01  0.3491180E+00  0.8623331E+00 -0.3667399E+00  0.9608638E-04
    1  0.4392198E-01  0.1322860E+00 -0.7497643E-01  0.2931495E+00  0.8829294E+00 -0.3667410E+00  0.9608582E-04
    1  0.3535616E-01  0.1348283E+00 -0.7497643E-01  0.2359801E+00  0.8998973E+00 -0.3667398E+00  0.9608649E-04
    1  0.2664503E-01  0.1368165E+00 -0.7497643E-01  0.1778451E+00  0.9131674E+00 -0.3667376E+00  0.9608642E-04
    1  0.1782441E-01  0.1382426E+00 -0.7497644E-01  0.1189657E+00  0.9226858E+00 -0.3667397E+00  0.9608630E-04
    1  0.8930571E-02  0.1391006E+00 -0.7497644E-01  0.5960312E-01  0.9284112E+00 -0.3667426E+00  0.9608617E-04
    1  0.0000000E+00  0.1393870E+00 -0.7497643E-01  0.0000000E+00  0.9303224E+00 -0.3667427E+00  0.9608710E-04
    1 -0.8930570E-02  0.1391006E+00 -0.7497643E-01 -0.5960312E-01  0.9284112E+00 -0.3667426E+00  0.9608618E-04
    1 -0.1782441E-01  0.1382426E+00 -0.7497643E-01 -0.1189657E+00  0.9226858E+00 -0.3667397E+00  0.9608630E-04
    1 -0.2664503E-01  0.1368166E+00 -0.7497643E-01 -0.1778451E+00  0.9131674E+00 -0.3667375E+00  0.9608642E-04
    1 -0.3535616E-01  0.1348283E+00 -0.7497643E-01 -0.2359801E+00  0.8998973E+00 -0.3667398E+00  0.9608649E-04
    1 -0.4392198E-01  0.1322860E+00 -0.7497643E-01 -0.2931495E+00  0.8829294E+00 -0.3667410E+00  0.9608583E-04
    1 -0.5230731E-01  0.1292001E+00 -0.7497643E-01 -0.3491181E+00  0.8623331E+00 -0.3667398E+00  0.9608638E-04
    1 -0.6047773E-01  0.1255834E+00 -0.7497643E-01 -0.4036521E+00  0.8381932E+00 -0.3667386E+00  0.9608641E-04
    1 -0.6839964E-01  0.1214505E+00 -0.7497643E-01 -0.4565307E+00  0.8106068E+00 -0.3667374E+00  0.9608666E-04
    1 -0.7604045E-01  0.1168185E+00 -0.7497644E-01 -0.5075245E+00  0.7796923E+00 -0.3667406E+00  0.9608595E-04
    1 -0.8336881E-01  0.1117066E+00 -0.7497643E-01 -0.5564305E+00  0.7455776E+00 -0.3667414E+00  0.9608659E-04
    1 -0.9035460E-01  0.1061357E+00 -0.7497643E-01 -0.6030664E+00  0.7083884E+00 -0.3667379E+00  0.9608638E-04
    1 -0.9696908E-01  0.1001285E+00 -0.7497644E-01 -0.6472108E+00  0.6682965E+00 -0.3667396E+00  0.9608611E-04
    1 -0.1031851E+00  0.9370998E-01 -0.7497641E-01 -0.6886984E+00  0.6254579E+00 -0.3667381E+00  0.9608635E-04
    1 -0.1089771E+00  0.8690634E-01 -0.7497644E-01 -0.7273555E+00  0.5800505E+00 -0.3667361E+00  0.9608645E-04
    1 -0.1143214E+00  0.7974559E-01 -0.7497644E-01 -0.7630252E+00  0.5322544E+00 -0.3667395E+00  0.9608655E-04
    1 -0.1191958E+00  0.7225715E-01 -0.7497643E-01 -0.7955607E+00  0.4822694E+00 -0.3667415E+00  0.9608635E-04
    1 -0.1235804E+00  0.6447180E-01 -0.7497643E-01 -0.8248259E+00  0.4303080E+00 -0.3667388E+00  0.9608568E-04
    1 -0.1274572E+00  0.5642153E-01 -0.7497644E-01 -0.8506991E+00  0.3765841E+00 -0.3667364E+00  0.9608626E-04
    1 -0.1308103E+00  0.4813939E-01 -0.7497643E-01 -0.8730791E+00  0.3213025E+00 -0.3667391E+00  0.9608691E-04
    1 -0.1336258E+00  0.3965942E-01 -0.7497644E-01 -0.8918697E+00  0.2647053E+00 -0.3667417E+00  0.9608633E-04
    1 -0.1358923E+00  0.3101652E-01 -0.7497642E-01 -0.9070002E+00  0.2070122E+00 -0.3667378E+00  0.9608594E-04
    1 -0.1376003E+00  0.2224616E-01 -0.7497644E-01 -0.9183995E+00  0.1484809E+00 -0.3667367E+00  0.9608617E-04
    1 -0.1387429E+00  0.1338437E-01 -0.7497643E-01 -0.9260248E+00  0.8933111E-01 -0.3667398E+00  0.9608650E-04
    1 -0.1393154E+00  0.4467573E-02 -0.7497643E-01 -0.9298451E+00  0.2982127E-01 -0.3667408E+00  0.9608641E-04
    1  0.1349466E+00  0.4327483E-02 -0.8497031E-01  0.9007146E+00  0.2888657E-01 -0.4334497E+00  0.9607987E-04
    1  0.1343921E+00  0.1296465E-01 -0.8497031E-01  0.8970132E+00  0.8653288E-01 -0.4334505E+00  0.9607946E-04
    1  0.1332854E+00  0.2154856E-01 -0.8497031E-01  0.8896250E+00  0.1438271E+00 -0.4334527E+00  0.9608042E-04
    1  0.1316309E+00  0.3004390E-01 -0.8497032E-01  0.8785837E+00  0.2005271E+00 -0.4334508E+00  0.9607911E-04
    1  0.1294355E+00  0.3841577E-01 -0.8497031E-01  0.8639299E+00  0.2564134E+00 -0.4334482E+00  0.9607961E-04
    1  0.1267083E+00  0.4662981E-01 -0.8497032E-01  0.8457270E+00  0.3112350E+00 -0.4334497E+00  0.9608008E-04
    1  0.1234603E+00  0.5465226E-01 -0.8497031E-01  0.8240468E+00  0.3647845E+00 -0.4334501E+00  0.9608016E-04
    1  0.1197051E+00  0.6245008E-01 -0.8497031E-01  0.7989841E+00  0.4168292E+00 -0.4334487E+00  0.9607890E-04
    1  0.1154580E+00  0.6999128E-01 -0.8497032E-01  0.7706391E+00  0.4671605E+00 -0.4334472E+00  0.9607944E-04
    1  0.1107364E+00  0.7724490E-01 -0.8497031E-01  0.7391191E+00  0.5155813E+00 -0.4334499E+00  0.9607997E-04
    1  0.1055598E+00  0.8418112E-01 -0.8497031E-01  0.7045678E+00  0.5618745E+00 -0.4334526E+00  0.9608023E-04
    1  0.9994937E-01  0.9077137E-01 -0.8497031E-01  0.6671209E+00  0.6058637E+00 -0.4334498E+00  0.9607937E-04
    1  0.9392828E-01  0.9698866E-01 -0.8497031E-01  0.6269373E+00  0.6473583E+00 -0.4334477E+00  0.9607978E-04
    1  0.8752124E-01  0.1028074E+00 -0.8497031E-01  0.5841720E+00  0.6861964E+00 -0.4334483E+00  0.9607965E-04
    1  0.8075449E-01  0.1082037E+00 -0.8497031E-01  0.5389948E+00  0.7222230E+00 -0.4334495E+00  0.9607982E-04
    1  0.7365592E-01  0.1131553E+00 -0.8497031E-01  0.4916280E+00  0.7552631E+00 -0.4334506E+00  0.9607979E-04
    1  0.6625472E-01  0.1176420E+00 -0.8497031E-01  0.4422254E+00  0.7852108E+00 -0.4334519E+00  0.9607998E-04
    1  0.5858125E-01  0.1216452E+00 -0.8497030E-01  0.3910045E+00  0.8119323E+00 -0.4334529E+00  0.9607952E-04
    1  0.5066703E-01  0.1251486E+00 -0.8497031E-01  0.3381805E+00  0.8353162E+00 -0.4334524E+00  0.9608043E-04
    1  0.4254466E-01  0.1281377E+00 -0.8497031E-01  0.2839706E+00  0.8552684E+00 -0.4334474E+00  0.9607867E-04
    1  0.3424745E-01  0.1306003E+00 -0.8497032E-01  0.2285860E+00  0.8717068E+00 -0.4334461E+00  0.9607994E-04
    1  0.2580948E-01  0.1325262E+00 -0.8497032E-01  0.1722737E+00  0.8845584E+00 -0.4334490E+00  0.9607962E-04
    1  0.1726548E-01  0.1339076E+00 -0.8497031E-01  0.1152380E+00  0.8937804E+00 -0.4334476E+00  0.9607957E-04
    1  0.8650513E-02  0.1347386E+00 -0.8497032E-01  0.5773374E-01  0.8993278E+00 -0.4334470E+00  0.9607960E-04
    1 -0.1164153E-09  0.1350160E+00 -0.8497030E-01  0.0000000E+00  0.9011784E+00 -0.4334483E+00  0.9607981E-04
    1 -0.8650513E-02  0.1347386E+00 -0.8497031E-01 -0.5773374E-01  0.8993278E+00 -0.4334470E+00  0.9607959E-04
    1 -0.1726548E-01  0.1339076E+00 -0.8497031E-01 -0.1152380E+00  0.8937804E+00 -0.4334476E+00  0.9607957E-04
    1 -0.2580948E-01  0.1325262E+00 -0.8497031E-01 -0.1722737E+00  0.8845584E+00 -0.4334490E+00  0.9607962E-04
    1 -0.3424744E-01  0.1306003E+00 -0.8497031E-01 -0.2285861E+00  0.8717068E+00 -0.4334461E+00  0.9607994E-04
    1 -0.4254466E-01  0.1281378E+00 -0.8497031E-01 -0.2839706E+00  0.8552684E+00 -0.4334474E+00  0.9607868E-04
    1 -0.5066703E-01  0.1251486E+00 -0.8497031E-01 -0.3381805E+00  0.8353161E+00 -0.4334524E+00  0.9608043E-04
    1 -0.5858125E-01  0.1216452E+00 -0.8497030E-01 -0.3910045E+00  0.8119323E+00 -0.4334529E+00  0.9607952E-04
    1 -0.6625471E-01  0.1176420E+00 -0.8497031E-01 -0.4422254E+00  0.7852108E+00 -0.4334519E+00  0.9607998E-04
    1 -0.7365592E-01  0.1131553E+00 -0.8497031E-01 -0.4916280E+00  0.7552631E+00 -0.4334506E+00  0.9607978E-04
    1 -0.8075449E-01  0.1082037E+00 -0.8497031E-01 -0.5389948E+00  0.7222230E+00 -0.4334495E+00  0.9607982E-04
    1 -0.8752124E-01  0.1028074E+00 -0.8497031E-01 -0.5841720E+00  0.6861964E+00 -0.4334483E+00  0.9607965E-04
    1 -0.9392829E-01  0.9698866E-01 -0.8497031E-01 -0.6269373E+00  0.6473583E+00 -0.4334477E+00  0.9607979E-04
    1 -0.9994937E-01  0.9077138E-01 -0.8497032E-01 -0.6671209E+00  0.6058637E+00 -0.4334498E+00  0.9607937E-04
    1 -0.1055598E+00  0.8418110E-01 -0.8497030E-01 -0.7045678E+00  0.5618745E+00 -0.4334526E+00  0.9608024E-04
    1 -0.1107364E+00  0.7724489E-01 -0.8497031E-01 -0.7391191E+00  0.5155814E+00 -0.4334499E+00  0.9607997E-04
    1 -0.1154580E+00  0.6999127E-01 -0.8497033E-01 -0.7706391E+00  0.4671605E+00 -0.4334472E+00  0.9607944E-04
    1 -0.1197051E+00  0.6245008E-01 -0.8497031E-01 -0.7989842E+00  0.4168292E+00 -0.4334487E+00  0.9607890E-04
    1 -0.1234603E+00  0.5465226E-01 -0.8497031E-01 -0.8240468E+00  0.3647845E+00 -0.4334501E+00  0.9608016E-04
    1 -0.1267083E+00  0.4662981E-01 -0.8497031E-01 -0.8457270E+00  0.3112349E+00 -0.4334496E+00  0.9608008E-04
    1 -0.1294355E+00  0.3841577E-01 -0.8497031E-01 -0.8639299E+00  0.2564134E+00 -0.4334482E+00  0.9607961E-04
    1 -0.1316309E+00  0.3004390E-01 -0.8497031E-01 -0.8785837E+00  0.2005271E+00 -0.4334508E+00  0.9607911E-04
    1 -0.1332853E+00  0.2154855E-01 -0.8497031E-01 -0.8896250E+00  0.1438271E+00 -0.4334527E+00  0.9608043E-04
    1 -0.1343921E+00  0.1296465E-01 -0.8497031E-01 -0.8970132E+00  0.8653288E-01 -0.4334505E+00  0.9607946E-04
    1 -0.1349466E+00  0.4327483E-02 -0.8497031E-01 -0.9007146E+00  0.2888657E-01 -0.4334497E+00  0.9607987E-04
    1  0.1296635E+00  0.4158061E-02 -0.9496288E-01  0.8654788E+00  0.2775459E-01 -0.5001762E+00  0.9607109E-04
    1  0.1291307E+00  0.1245709E-01 -0.9496290E-01  0.8619211E+00  0.8315308E-01 -0.5001777E+00  0.9607084E-04
    1  0.1280672E+00  0.2070492E-01 -0.9496287E-01  0.8548235E+00  0.1381988E+00 -0.5001779E+00  0.9607128E-04
    1  0.1264776E+00  0.2886769E-01 -0.9496289E-01  0.8442138E+00  0.1926804E+00 -0.5001773E+00  0.9607102E-04
    1  0.1243682E+00  0.3691182E-01 -0.9496289E-01  0.8301319E+00  0.2463811E+00 -0.5001773E+00  0.9607086E-04
    1  0.1217477E+00  0.4480426E-01 -0.9496287E-01  0.8126415E+00  0.2990612E+00 -0.5001762E+00  0.9607064E-04
    1  0.1186269E+00  0.5251260E-01 -0.9496289E-01  0.7918096E+00  0.3505142E+00 -0.5001773E+00  0.9607169E-04
    1  0.1150186E+00  0.6000517E-01 -0.9496289E-01  0.7677257E+00  0.4005223E+00 -0.5001791E+00  0.9607075E-04
    1  0.1109378E+00  0.6725114E-01 -0.9496287E-01  0.7404900E+00  0.4488820E+00 -0.5001795E+00  0.9607084E-04
    1  0.1064011E+00  0.7422076E-01 -0.9496288E-01  0.7102024E+00  0.4954138E+00 -0.5001778E+00  0.9607123E-04
    1  0.1014271E+00  0.8088542E-01 -0.9496289E-01  0.6770093E+00  0.5398924E+00 -0.5001746E+00  0.9607098E-04
    1  0.9603637E-01  0.8721770E-01 -0.9496289E-01  0.6410220E+00  0.5821639E+00 -0.5001760E+00  0.9607082E-04
    1  0.9025098E-01  0.9319158E-01 -0.9496289E-01  0.6024106E+00  0.6220313E+00 -0.5001785E+00  0.9607152E-04
    1  0.8409478E-01  0.9878254E-01 -0.9496289E-01  0.5613154E+00  0.6593525E+00 -0.5001793E+00  0.9607074E-04
    1  0.7759298E-01  0.1039675E+00 -0.9496288E-01  0.5179138E+00  0.6939662E+00 -0.5001764E+00  0.9607094E-04
    1  0.7077230E-01  0.1087253E+00 -0.9496289E-01  0.4723937E+00  0.7257205E+00 -0.5001739E+00  0.9607140E-04
    1  0.6366082E-01  0.1130363E+00 -0.9496288E-01  0.4249209E+00  0.7544960E+00 -0.5001780E+00  0.9607074E-04
    1  0.5628780E-01  0.1168828E+00 -0.9496289E-01  0.3757143E+00  0.7801679E+00 -0.5001767E+00  0.9607034E-04
    1  0.4868345E-01  0.1202490E+00 -0.9496289E-01  0.3249503E+00  0.8026412E+00 -0.5001745E+00  0.9607155E-04
    1  0.4087903E-01  0.1231211E+00 -0.9496289E-01  0.2728615E+00  0.8218072E+00 -0.5001794E+00  0.9607057E-04
    1  0.3290664E-01  0.1254873E+00 -0.9496288E-01  0.2196433E+00  0.8376021E+00 -0.5001796E+00  0.9607185E-04
    1  0.2479902E-01  0.1273378E+00 -0.9496289E-01  0.1655292E+00  0.8499532E+00 -0.5001796E+00  0.9607055E-04
    1  0.1658954E-01  0.1286651E+00 -0.9496288E-01  0.1107361E+00  0.8588117E+00 -0.5001799E+00  0.9607110E-04
    1  0.8311849E-02  0.1294636E+00 -0.9496288E-01  0.5547418E-01  0.8641446E+00 -0.5001768E+00  0.9607129E-04
    1  0.5820766E-10  0.1297301E+00 -0.9496289E-01  0.0000000E+00  0.8659238E+00 -0.5001760E+00  0.9607078E-04
    1 -0.8311849E-02  0.1294636E+00 -0.9496289E-01 -0.5547415E-01  0.8641446E+00 -0.5001767E+00  0.9607129E-04
    1 -0.1658954E-01  0.1286651E+00 -0.9496289E-01 -0.1107360E+00  0.8588117E+00 -0.5001799E+00  0.9607110E-04
    1 -0.2479902E-01  0.1273378E+00 -0.9496288E-01 -0.1655292E+00  0.8499532E+00 -0.5001796E+00  0.9607055E-04
    1 -0.3290664E-01  0.1254873E+00 -0.9496289E-01 -0.2196433E+00  0.8376021E+00 -0.5001796E+00  0.9607185E-04
    1 -0.4087903E-01  0.1231211E+00 -0.9496289E-01 -0.2728616E+00  0.8218073E+00 -0.5001794E+00  0.9607058E-04
    1 -0.4868345E-01  0.1202490E+00 -0.9496289E-01 -0.3249504E+00  0.8026412E+00 -0.5001745E+00  0.9607154E-04
    1 -0.5628781E-01  0.1168828E+00 -0.9496290E-01 -0.3757143E+00  0.7801679E+00 -0.5001767E+00  0.9607034E-04
    1 -0.6366082E-01  0.1130363E+00 -0.9496288E-01 -0.4249209E+00  0.7544960E+00 -0.5001780E+00  0.9607074E-04
    1 -0.7077230E-01  0.1087253E+00 -0.9496289E-01 -0.4723937E+00  0.7257205E+00 -0.5001739E+00  0.9607140E-04
    1 -0.7759298E-01  0.1039675E+00 -0.9496289E-01 -0.5179138E+00  0.6939662E+00 -0.5001764E+00  0.9607094E-04
    1 -0.8409478E-01  0.9878252E-01 -0.9496289E-01 -0.5613154E+00  0.6593525E+00 -0.5001793E+00  0.9607074E-04
    1 -0.9025099E-01  0.9319158E-01 -0.9496289E-01 -0.6024106E+00  0.6220313E+00 -0.5001785E+00  0.9607152E-04
    1 -0.9603636E-01  0.8721768E-01 -0.9496288E-01 -0.6410220E+00  0.5821639E+00 -0.5001760E+00  0.9607083E-04
    1 -0.1014271E+00  0.8088542E-01 -0.9496289E-01 -0.6770093E+00  0.5398924E+00 -0.5001746E+00  0.9607098E-04
    1 -0.1064011E+00  0.7422077E-01 -0.9496289E-01 -0.7102024E+00  0.4954138E+00 -0.5001777E+00  0.9607122E-04
    1 -0.1109378E+00  0.6725115E-01 -0.9496288E-01 -0.7404899E+00  0.4488820E+00 -0.5001795E+00  0.9607083E-04
    1 -0.1150186E+00  0.6000517E-01 -0.9496289E-01 -0.7677257E+00  0.4005223E+00 -0.5001791E+00  0.9607075E-04
    1 -0.1186269E+00  0.5251260E-01 -0.9496289E-01 -0.7918096E+00  0.3505142E+00 -0.5001773E+00  0.9607169E-04
    1 -0.1217477E+00  0.4480426E-01 -0.9496288E-01 -0.8126415E+00  0.2990612E+00 -0.5001763E+00  0.9607064E-04
    1 -0.1243682E+00  0.3691182E-01 -0.9496289E-01 -0.8301319E+00  0.2463811E+00 -0.5001773E+00  0.9607086E-04
    1 -0.1264776E+00  0.2886769E-01 -0.9496289E-01 -0.8442138E+00  0.1926804E+00 -0.5001773E+00  0.9607102E-04
    1 -0.1280672E+00  0.2070492E-01 -0.9496288E-01 -0.8548235E+00  0.1381988E+00 -0.5001779E+00  0.9607128E-04
    1 -0.1291307E+00  0.1245709E-01 -0.9496289E-01 -0.8619210E+00  0.8315306E-01 -0.5001776E+00  0.9607084E-04
    1 -0.1296635E+00  0.4158062E-02 -0.9496288E-01 -0.8654788E+00  0.2775459E-01 -0.5001762E+00  0.9607109E-04
    1  0.1233481E+00  0.3955528E-02 -0.1049535E+00  0.8233380E+00  0.2640505E-01 -0.5669368E+00  0.9606016E-04
    1  0.1228412E+00  0.1185034E-01 -0.1049535E+00  0.8199561E+00  0.7910120E-01 -0.5669348E+00  0.9606061E-04
    1  0.1218295E+00  0.1969646E-01 -0.1049535E+00  0.8132053E+00  0.1314707E+00 -0.5669327E+00  0.9605937E-04
    1  0.1203173E+00  0.2746162E-01 -0.1049535E+00  0.8031094E+00  0.1833017E+00 -0.5669354E+00  0.9606036E-04
    1  0.1183106E+00  0.3511398E-01 -0.1049535E+00  0.7897141E+00  0.2343828E+00 -0.5669358E+00  0.9606068E-04
    1  0.1158178E+00  0.4262201E-01 -0.1049535E+00  0.7730736E+00  0.2845009E+00 -0.5669360E+00  0.9605939E-04
    1  0.1128490E+00  0.4995489E-01 -0.1049535E+00  0.7532607E+00  0.3334444E+00 -0.5669332E+00  0.9606101E-04
    1  0.1094165E+00  0.5708255E-01 -0.1049535E+00  0.7303465E+00  0.3810279E+00 -0.5669320E+00  0.9605988E-04
    1  0.1055344E+00  0.6397558E-01 -0.1049535E+00  0.7044385E+00  0.4270270E+00 -0.5669340E+00  0.9605946E-04
    1  0.1012187E+00  0.7060575E-01 -0.1049535E+00  0.6756259E+00  0.4712915E+00 -0.5669340E+00  0.9606055E-04
    1  0.9648699E-01  0.7694581E-01 -0.1049535E+00  0.6440446E+00  0.5136054E+00 -0.5669357E+00  0.9606004E-04
    1  0.9135878E-01  0.8296963E-01 -0.1049535E+00  0.6098101E+00  0.5538192E+00 -0.5669355E+00  0.9606023E-04
    1  0.8585519E-01  0.8865257E-01 -0.1049535E+00  0.5730814E+00  0.5917465E+00 -0.5669336E+00  0.9606053E-04
    1  0.7999881E-01  0.9397118E-01 -0.1049535E+00  0.5339865E+00  0.6272519E+00 -0.5669335E+00  0.9605951E-04
    1  0.7381371E-01  0.9890364E-01 -0.1049535E+00  0.4927020E+00  0.6601751E+00 -0.5669333E+00  0.9606005E-04
    1  0.6732526E-01  0.1034297E+00 -0.1049535E+00  0.4493884E+00  0.6903874E+00 -0.5669351E+00  0.9606057E-04
    1  0.6056015E-01  0.1075307E+00 -0.1049535E+00  0.4042327E+00  0.7177615E+00 -0.5669342E+00  0.9605973E-04
    1  0.5354623E-01  0.1111899E+00 -0.1049535E+00  0.3574223E+00  0.7421820E+00 -0.5669349E+00  0.9605999E-04
    1  0.4631226E-01  0.1143921E+00 -0.1049535E+00  0.3091277E+00  0.7635596E+00 -0.5669364E+00  0.9606060E-04
    1  0.3888796E-01  0.1171243E+00 -0.1049535E+00  0.2595721E+00  0.7817972E+00 -0.5669351E+00  0.9606006E-04
    1  0.3130387E-01  0.1193752E+00 -0.1049535E+00  0.2089513E+00  0.7968204E+00 -0.5669362E+00  0.9606051E-04
    1  0.2359117E-01  0.1211356E+00 -0.1049535E+00  0.1574701E+00  0.8085715E+00 -0.5669351E+00  0.9605951E-04
    1  0.1578154E-01  0.1223982E+00 -0.1049535E+00  0.1053458E+00  0.8169992E+00 -0.5669344E+00  0.9606007E-04
    1  0.7907024E-02  0.1231579E+00 -0.1049535E+00  0.5277344E-01  0.8220693E+00 -0.5669364E+00  0.9606061E-04
    1  0.1164153E-09  0.1234114E+00 -0.1049535E+00  0.0000000E+00  0.8237612E+00 -0.5669369E+00  0.9606058E-04
    1 -0.7907024E-02  0.1231579E+00 -0.1049535E+00 -0.5277344E-01  0.8220693E+00 -0.5669364E+00  0.9606061E-04
    1 -0.1578154E-01  0.1223983E+00 -0.1049535E+00 -0.1053458E+00  0.8169992E+00 -0.5669344E+00  0.9606006E-04
    1 -0.2359117E-01  0.1211356E+00 -0.1049535E+00 -0.1574701E+00  0.8085715E+00 -0.5669351E+00  0.9605951E-04
    1 -0.3130387E-01  0.1193752E+00 -0.1049535E+00 -0.2089514E+00  0.7968204E+00 -0.5669362E+00  0.9606051E-04
    1 -0.3888796E-01  0.1171243E+00 -0.1049535E+00 -0.2595721E+00  0.7817972E+00 -0.5669350E+00  0.9606006E-04
    1 -0.4631226E-01  0.1143922E+00 -0.1049535E+00 -0.3091277E+00  0.7635596E+00 -0.5669363E+00  0.9606059E-04
    1 -0.5354622E-01  0.1111899E+00 -0.1049535E+00 -0.3574224E+00  0.7421820E+00 -0.5669349E+00  0.9605999E-04
    1 -0.6056016E-01  0.1075307E+00 -0.1049535E+00 -0.4042327E+00  0.7177615E+00 -0.5669342E+00  0.9605972E-04
    1 -0.6732526E-01  0.1034297E+00 -0.1049535E+00 -0.4493884E+00  0.6903874E+00 -0.5669351E+00  0.9606057E-04
    1 -0.7381372E-01  0.9890364E-01 -0.1049535E+00 -0.4927021E+00  0.6601752E+00 -0.5669333E+00  0.9606004E-04
    1 -0.7999882E-01  0.9397119E-01 -0.1049535E+00 -0.5339865E+00  0.6272518E+00 -0.5669335E+00  0.9605951E-04
    1 -0.8585519E-01  0.8865255E-01 -0.1049535E+00 -0.5730814E+00  0.5917464E+00 -0.5669336E+00  0.9606053E-04
    1 -0.9135878E-01  0.8296964E-01 -0.1049535E+00 -0.6098101E+00  0.5538192E+00 -0.5669355E+00  0.9606023E-04
    1 -0.9648696E-01  0.7694580E-01 -0.1049535E+00 -0.6440446E+00  0.5136054E+00 -0.5669358E+00  0.9606005E-04
    1 -0.1012187E+00  0.7060575E-01 -0.1049535E+00 -0.6756258E+00  0.4712914E+00 -0.5669339E+00  0.9606055E-04
    1 -0.1055344E+00  0.6397559E-01 -0.1049535E+00 -0.7044385E+00  0.4270270E+00 -0.5669341E+00  0.9605946E-04
    1 -0.1094165E+00  0.5708255E-01 -0.1049535E+00 -0.7303465E+00  0.3810279E+00 -0.5669320E+00  0.9605988E-04
    1 -0.1128490E+00  0.4995491E-01 -0.1049535E+00 -0.7532607E+00  0.3334444E+00 -0.5669332E+00  0.9606101E-04
    1 -0.1158178E+00  0.4262200E-01 -0.1049535E+00 -0.7730736E+00  0.2845009E+00 -0.5669360E+00  0.9605939E-04
    1 -0.1183106E+00  0.3511398E-01 -0.1049535E+00 -0.7897142E+00  0.2343828E+00 -0.5669358E+00  0.9606069E-04
    1 -0.1203173E+00  0.2746162E-01 -0.1049535E+00 -0.8031094E+00  0.1833017E+00 -0.5669354E+00  0.9606035E-04
    1 -0.1218295E+00  0.1969646E-01 -0.1049535E+00 -0.8132052E+00  0.1314707E+00 -0.5669327E+00  0.9605937E-04
    1 -0.1228412E+00  0.1185034E-01 -0.1049535E+00 -0.8199561E+00  0.7910122E-01 -0.5669348E+00  0.9606061E-04
    1 -0.1233481E+00  0.3955527E-02 -0.1049535E+00 -0.8233380E+00  0.2640509E-01 -0.5669368E+00  0.9606016E-04
    1  0.1158309E+00  0.3714470E-02 -0.1149411E+00  0.7731601E+00  0.2479521E-01 -0.6337260E+00  0.9604542E-04
    1  0.1153549E+00  0.1112816E-01 -0.1149411E+00  0.7699834E+00  0.7427733E-01 -0.6337259E+00  0.9604555E-04
    1  0.1144049E+00  0.1849611E-01 -0.1149411E+00  0.7636393E+00  0.1234626E+00 -0.6337285E+00  0.9604533E-04
    1  0.1129848E+00  0.2578802E-01 -0.1149411E+00  0.7541625E+00  0.1721280E+00 -0.6337278E+00  0.9604493E-04
    1  0.1111005E+00  0.3297401E-01 -0.1149411E+00  0.7415852E+00  0.2200969E+00 -0.6337261E+00  0.9604628E-04
    1  0.1087595E+00  0.4002450E-01 -0.1149411E+00  0.7259558E+00  0.2671660E+00 -0.6337276E+00  0.9604507E-04
    1  0.1059717E+00  0.4691052E-01 -0.1149411E+00  0.7073521E+00  0.3131148E+00 -0.6337287E+00  0.9604619E-04
    1  0.1027484E+00  0.5360378E-01 -0.1149411E+00  0.6858322E+00  0.3578049E+00 -0.6337269E+00  0.9604535E-04
    1  0.9910285E-01  0.6007675E-01 -0.1149411E+00  0.6615040E+00  0.4010027E+00 -0.6337264E+00  0.9604548E-04
    1  0.9505013E-01  0.6630288E-01 -0.1149411E+00  0.6344492E+00  0.4425662E+00 -0.6337265E+00  0.9604549E-04
    1  0.9060678E-01  0.7225651E-01 -0.1149411E+00  0.6047872E+00  0.4823086E+00 -0.6337278E+00  0.9604533E-04
    1  0.8579113E-01  0.7791323E-01 -0.1149411E+00  0.5726492E+00  0.5200596E+00 -0.6337278E+00  0.9604573E-04
    1  0.8062294E-01  0.8324985E-01 -0.1149411E+00  0.5381502E+00  0.5556833E+00 -0.6337275E+00  0.9604565E-04
    1  0.7512348E-01  0.8824432E-01 -0.1149411E+00  0.5014411E+00  0.5890198E+00 -0.6337290E+00  0.9604516E-04
    1  0.6931530E-01  0.9287620E-01 -0.1149411E+00  0.4626741E+00  0.6199371E+00 -0.6337276E+00  0.9604602E-04
    1  0.6322229E-01  0.9712642E-01 -0.1149411E+00  0.4220005E+00  0.6483117E+00 -0.6337250E+00  0.9604482E-04
    1  0.5686949E-01  0.1009775E+00 -0.1149411E+00  0.3795975E+00  0.6740164E+00 -0.6337252E+00  0.9604511E-04
    1  0.5028297E-01  0.1044136E+00 -0.1149411E+00  0.3356303E+00  0.6969510E+00 -0.6337283E+00  0.9604618E-04
    1  0.4348984E-01  0.1074208E+00 -0.1149411E+00  0.2902950E+00  0.7170207E+00 -0.6337271E+00  0.9604534E-04
    1  0.3651804E-01  0.1099865E+00 -0.1149411E+00  0.2437508E+00  0.7341510E+00 -0.6337254E+00  0.9604493E-04
    1  0.2939615E-01  0.1121002E+00 -0.1149411E+00  0.1962191E+00  0.7482589E+00 -0.6337245E+00  0.9604560E-04
    1  0.2215345E-01  0.1137533E+00 -0.1149411E+00  0.1478733E+00  0.7592935E+00 -0.6337246E+00  0.9604519E-04
    1  0.1481975E-01  0.1149390E+00 -0.1149411E+00  0.9892190E-01  0.7672060E+00 -0.6337265E+00  0.9604525E-04
    1  0.7425146E-02  0.1156523E+00 -0.1149411E+00  0.4955986E-01  0.7719691E+00 -0.6337252E+00  0.9604527E-04
    1  0.5820766E-10  0.1158904E+00 -0.1149411E+00  0.0000000E+00  0.7735597E+00 -0.6337234E+00  0.9604558E-04
    1 -0.7425146E-02  0.1156523E+00 -0.1149411E+00 -0.4955986E-01  0.7719691E+00 -0.6337252E+00  0.9604527E-04
    1 -0.1481975E-01  0.1149390E+00 -0.1149411E+00 -0.9892190E-01  0.7672060E+00 -0.6337265E+00  0.9604525E-04
    1 -0.2215345E-01  0.1137533E+00 -0.1149411E+00 -0.1478733E+00  0.7592935E+00 -0.6337246E+00  0.9604519E-04
    1 -0.2939615E-01  0.1121002E+00 -0.1149411E+00 -0.1962191E+00  0.7482589E+00 -0.6337244E+00  0.9604559E-04
    1 -0.3651804E-01  0.1099865E+00 -0.1149411E+00 -0.2437508E+00  0.7341510E+00 -0.6337254E+00  0.9604493E-04
    1 -0.4348985E-01  0.1074208E+00 -0.1149411E+00 -0.2902950E+00  0.7170207E+00 -0.6337271E+00  0.9604535E-04
    1 -0.5028297E-01  0.1044136E+00 -0.1149411E+00 -0.3356304E+00  0.6969510E+00 -0.6337283E+00  0.9604618E-04
    1 -0.5686949E-01  0.1009775E+00 -0.1149411E+00 -0.3795974E+00  0.6740164E+00 -0.6337252E+00  0.9604511E-04
    1 -0.6322230E-01  0.9712642E-01 -0.1149411E+00 -0.4220005E+00  0.6483117E+00 -0.6337250E+00  0.9604482E-04
    1 -0.6931531E-01  0.9287620E-01 -0.1149411E+00 -0.4626741E+00  0.6199371E+00 -0.6337276E+00  0.9604602E-04
    1 -0.7512347E-01  0.8824432E-01 -0.1149411E+00 -0.5014411E+00  0.5890198E+00 -0.6337290E+00  0.9604516E-04
    1 -0.8062294E-01  0.8324984E-01 -0.1149411E+00 -0.5381502E+00  0.5556833E+00 -0.6337275E+00  0.9604564E-04
    1 -0.8579113E-01  0.7791324E-01 -0.1149411E+00 -0.5726492E+00  0.5200596E+00 -0.6337278E+00  0.9604573E-04
    1 -0.9060676E-01  0.7225649E-01 -0.1149411E+00 -0.6047872E+00  0.4823086E+00 -0.6337278E+00  0.9604533E-04
    1 -0.9505013E-01  0.6630288E-01 -0.1149411E+00 -0.6344493E+00  0.4425662E+00 -0.6337265E+00  0.9604550E-04
    1 -0.9910285E-01  0.6007675E-01 -0.1149411E+00 -0.6615040E+00  0.4010027E+00 -0.6337264E+00  0.9604548E-04
    1 -0.1027484E+00  0.5360378E-01 -0.1149411E+00 -0.6858322E+00  0.3578049E+00 -0.6337270E+00  0.9604535E-04
    1 -0.1059717E+00  0.4691052E-01 -0.1149411E+00 -0.7073521E+00  0.3131148E+00 -0.6337287E+00  0.9604619E-04
    1 -0.1087595E+00  0.4002450E-01 -0.1149411E+00 -0.7259558E+00  0.2671660E+00 -0.6337275E+00  0.9604507E-04
    1 -0.1111005E+00  0.3297401E-01 -0.1149411E+00 -0.7415851E+00  0.2200969E+00 -0.6337261E+00  0.9604627E-04
    1 -0.1129848E+00  0.2578802E-01 -0.1149411E+00 -0.7541625E+00  0.1721280E+00 -0.6337278E+00  0.9604492E-04
    1 -0.1144049E+00  0.1849611E-01 -0.1149411E+00 -0.7636393E+00  0.1234626E+00 -0.6337286E+00  0.9604533E-04
    1 -0.1153549E+00  0.1112816E-01 -0.1149411E+00 -0.7699834E+00  0.7427728E-01 -0.6337259E+00  0.9604555E-04
    1 -0.1158309E+00  0.3714471E-02 -0.1149411E+00 -0.7731601E+00  0.2479521E-01 -0.6337260E+00  0.9604542E-04
    1  0.1068573E+00  0.3426710E-02 -0.1249234E+00  0.7132059E+00  0.2286876E-01 -0.7005815E+00  0.9602556E-04
    1  0.1064181E+00  0.1026605E-01 -0.1249234E+00  0.7102737E+00  0.6852355E-01 -0.7005824E+00  0.9602563E-04
    1  0.1055417E+00  0.1706317E-01 -0.1249234E+00  0.7044254E+00  0.1138869E+00 -0.7005817E+00  0.9602506E-04
    1  0.1042316E+00  0.2379018E-01 -0.1249234E+00  0.6956820E+00  0.1587814E+00 -0.7005819E+00  0.9602517E-04
    1  0.1024933E+00  0.3041947E-01 -0.1249234E+00  0.6840783E+00  0.2030278E+00 -0.7005830E+00  0.9602629E-04
    1  0.1003337E+00  0.3692374E-01 -0.1249234E+00  0.6696619E+00  0.2464507E+00 -0.7005818E+00  0.9602528E-04
    1  0.9776184E-01  0.4327627E-01 -0.1249234E+00  0.6525022E+00  0.2888359E+00 -0.7005816E+00  0.9602493E-04
    1  0.9478825E-01  0.4945097E-01 -0.1249234E+00  0.6326507E+00  0.3300562E+00 -0.7005826E+00  0.9602612E-04
    1  0.9142517E-01  0.5542250E-01 -0.1249234E+00  0.6102080E+00  0.3699071E+00 -0.7005818E+00  0.9602541E-04
    1  0.8768642E-01  0.6116625E-01 -0.1249234E+00  0.5852501E+00  0.4082484E+00 -0.7005823E+00  0.9602477E-04
    1  0.8358730E-01  0.6665862E-01 -0.1249234E+00  0.5578925E+00  0.4449073E+00 -0.7005809E+00  0.9602566E-04
    1  0.7914474E-01  0.7187715E-01 -0.1249234E+00  0.5282466E+00  0.4797331E+00 -0.7005795E+00  0.9602522E-04
    1  0.7437693E-01  0.7680029E-01 -0.1249234E+00  0.4964151E+00  0.5125983E+00 -0.7005819E+00  0.9602543E-04
    1  0.6930348E-01  0.8140782E-01 -0.1249234E+00  0.4625590E+00  0.5433443E+00 -0.7005827E+00  0.9602564E-04
    1  0.6394530E-01  0.8568089E-01 -0.1249234E+00  0.4267974E+00  0.5718634E+00 -0.7005828E+00  0.9602560E-04
    1  0.5832434E-01  0.8960184E-01 -0.1249234E+00  0.3892776E+00  0.5980350E+00 -0.7005833E+00  0.9602527E-04
    1  0.5246370E-01  0.9315456E-01 -0.1249234E+00  0.3501560E+00  0.6217500E+00 -0.7005838E+00  0.9602571E-04
    1  0.4638746E-01  0.9632453E-01 -0.1249234E+00  0.3096098E+00  0.6429058E+00 -0.7005811E+00  0.9602570E-04
    1  0.4012061E-01  0.9909870E-01 -0.1249234E+00  0.2677845E+00  0.6614217E+00 -0.7005804E+00  0.9602497E-04
    1  0.3368891E-01  0.1014656E+00 -0.1249234E+00  0.2248464E+00  0.6772206E+00 -0.7005829E+00  0.9602555E-04
    1  0.2711877E-01  0.1034156E+00 -0.1249234E+00  0.1810037E+00  0.6902317E+00 -0.7005839E+00  0.9602570E-04
    1  0.2043720E-01  0.1049406E+00 -0.1249234E+00  0.1364061E+00  0.7004114E+00 -0.7005835E+00  0.9602567E-04
    1  0.1367164E-01  0.1060344E+00 -0.1249234E+00  0.9125162E-01  0.7077135E+00 -0.7005817E+00  0.9602543E-04
    1  0.6849891E-02  0.1066925E+00 -0.1249234E+00  0.4571719E-01  0.7121055E+00 -0.7005824E+00  0.9602577E-04
    1  0.5820766E-10  0.1069122E+00 -0.1249234E+00  0.0000000E+00  0.7135706E+00 -0.7005834E+00  0.9602553E-04
    1 -0.6849891E-02  0.1066925E+00 -0.1249234E+00 -0.4571722E-01  0.7121055E+00 -0.7005824E+00  0.9602578E-04
    1 -0.1367164E-01  0.1060344E+00 -0.1249234E+00 -0.9125162E-01  0.7077134E+00 -0.7005817E+00  0.9602543E-04
    1 -0.2043720E-01  0.1049406E+00 -0.1249234E+00 -0.1364062E+00  0.7004114E+00 -0.7005835E+00  0.9602568E-04
    1 -0.2711878E-01  0.1034156E+00 -0.1249234E+00 -0.1810037E+00  0.6902317E+00 -0.7005839E+00  0.9602569E-04
    1 -0.3368891E-01  0.1014656E+00 -0.1249234E+00 -0.2248463E+00  0.6772206E+00 -0.7005829E+00  0.9602555E-04
    1 -0.4012061E-01  0.9909869E-01 -0.1249234E+00 -0.2677845E+00  0.6614217E+00 -0.7005804E+00  0.9602498E-04
    1 -0.4638746E-01  0.9632453E-01 -0.1249234E+00 -0.3096098E+00  0.6429058E+00 -0.7005812E+00  0.9602569E-04
    1 -0.5246370E-01  0.9315456E-01 -0.1249234E+00 -0.3501560E+00  0.6217500E+00 -0.7005838E+00  0.9602570E-04
    1 -0.5832434E-01  0.8960184E-01 -0.1249234E+00 -0.3892776E+00  0.5980350E+00 -0.7005833E+00  0.9602527E-04
    1 -0.6394531E-01  0.8568089E-01 -0.1249234E+00 -0.4267974E+00  0.5718634E+00 -0.7005828E+00  0.9602560E-04
    1 -0.6930348E-01  0.8140782E-01 -0.1249234E+00 -0.4625590E+00  0.5433443E+00 -0.7005827E+00  0.9602564E-04
    1 -0.7437693E-01  0.7680029E-01 -0.1249234E+00 -0.4964151E+00  0.5125983E+00 -0.7005819E+00  0.9602543E-04
    1 -0.7914473E-01  0.7187715E-01 -0.1249234E+00 -0.5282466E+00  0.4797332E+00 -0.7005795E+00  0.9602522E-04
    1 -0.8358732E-01  0.6665863E-01 -0.1249234E+00 -0.5578924E+00  0.4449073E+00 -0.7005808E+00  0.9602566E-04
    1 -0.8768642E-01  0.6116624E-01 -0.1249234E+00 -0.5852501E+00  0.4082484E+00 -0.7005823E+00  0.9602477E-04
    1 -0.9142518E-01  0.5542251E-01 -0.1249234E+00 -0.6102080E+00  0.3699071E+00 -0.7005818E+00  0.9602541E-04
    1 -0.9478825E-01  0.4945097E-01 -0.1249234E+00 -0.6326507E+00  0.3300563E+00 -0.7005825E+00  0.9602611E-04
    1 -0.9776184E-01  0.4327627E-01 -0.1249234E+00 -0.6525023E+00  0.2888359E+00 -0.7005816E+00  0.9602493E-04
    1 -0.1003337E+00  0.3692374E-01 -0.1249234E+00 -0.6696619E+00  0.2464507E+00 -0.7005818E+00  0.9602528E-04
    1 -0.1024933E+00  0.3041947E-01 -0.1249234E+00 -0.6840783E+00  0.2030278E+00 -0.7005830E+00  0.9602629E-04
    1 -0.1042316E+00  0.2379018E-01 -0.1249234E+00 -0.6956820E+00  0.1587814E+00 -0.7005819E+00  0.9602516E-04
    1 -0.1055417E+00  0.1706317E-01 -0.1249234E+00 -0.7044254E+00  0.1138869E+00 -0.7005817E+00  0.9602506E-04
    1 -0.1064181E+00  0.1026605E-01 -0.1249234E+00 -0.7102737E+00  0.6852351E-01 -0.7005824E+00  0.9602563E-04
    1 -0.1068573E+00  0.3426710E-02 -0.1249234E+00 -0.7132059E+00  0.2286872E-01 -0.7005815E+00  0.9602556E-04
    1  0.9601608E-01  0.3079042E-02 -0.1348960E+00  0.6406667E+00  0.2054287E-01 -0.7675443E+00  0.9599536E-04
    1  0.9562153E-01  0.9224485E-02 -0.1348960E+00  0.6380340E+00  0.6155505E-01 -0.7675439E+00  0.9599571E-04
    1  0.9483400E-01  0.1533202E-01 -0.1348960E+00  0.6327800E+00  0.1023017E+00 -0.7675440E+00  0.9599549E-04
    1  0.9365685E-01  0.2137657E-01 -0.1348960E+00  0.6249241E+00  0.1426366E+00 -0.7675446E+00  0.9599571E-04
    1  0.9209482E-01  0.2733327E-01 -0.1348960E+00  0.6145021E+00  0.1823783E+00 -0.7675450E+00  0.9599570E-04
    1  0.9015435E-01  0.3317764E-01 -0.1348960E+00  0.6015531E+00  0.2213800E+00 -0.7675447E+00  0.9599572E-04
    1  0.8784343E-01  0.3888566E-01 -0.1348960E+00  0.5861360E+00  0.2594616E+00 -0.7675444E+00  0.9599484E-04
    1  0.8517155E-01  0.4443393E-01 -0.1348960E+00  0.5683072E+00  0.2964849E+00 -0.7675439E+00  0.9599658E-04
    1  0.8214965E-01  0.4979961E-01 -0.1348960E+00  0.5481420E+00  0.3322878E+00 -0.7675448E+00  0.9599520E-04
    1  0.7879019E-01  0.5496059E-01 -0.1348960E+00  0.5257238E+00  0.3667259E+00 -0.7675458E+00  0.9599535E-04
    1  0.7510697E-01  0.5989580E-01 -0.1348960E+00  0.5011534E+00  0.3996497E+00 -0.7675450E+00  0.9599664E-04
    1  0.7111514E-01  0.6458490E-01 -0.1348960E+00  0.4745124E+00  0.4309426E+00 -0.7675458E+00  0.9599542E-04
    1  0.6683104E-01  0.6900851E-01 -0.1348960E+00  0.4459278E+00  0.4604600E+00 -0.7675448E+00  0.9599535E-04
    1  0.6227234E-01  0.7314862E-01 -0.1348960E+00  0.4155133E+00  0.4880837E+00 -0.7675435E+00  0.9599589E-04
    1  0.5745774E-01  0.7698813E-01 -0.1348960E+00  0.3833879E+00  0.5137017E+00 -0.7675443E+00  0.9599546E-04
    1  0.5240704E-01  0.8051129E-01 -0.1348960E+00  0.3496871E+00  0.5372106E+00 -0.7675440E+00  0.9599591E-04
    1  0.4714100E-01  0.8370361E-01 -0.1348960E+00  0.3145435E+00  0.5585159E+00 -0.7675430E+00  0.9599465E-04
    1  0.4168123E-01  0.8655193E-01 -0.1348960E+00  0.2781217E+00  0.5775153E+00 -0.7675444E+00  0.9599575E-04
    1  0.3605019E-01  0.8904465E-01 -0.1348960E+00  0.2405460E+00  0.5941483E+00 -0.7675451E+00  0.9599631E-04
    1  0.3027100E-01  0.9117146E-01 -0.1348960E+00  0.2019788E+00  0.6083433E+00 -0.7675436E+00  0.9599518E-04
    1  0.2436744E-01  0.9292357E-01 -0.1348960E+00  0.1625920E+00  0.6200333E+00 -0.7675433E+00  0.9599492E-04
    1  0.1836376E-01  0.9429389E-01 -0.1348960E+00  0.1225372E+00  0.6291755E+00 -0.7675434E+00  0.9599552E-04
    1  0.1228460E-01  0.9527676E-01 -0.1348960E+00  0.8196724E-01  0.6357333E+00 -0.7675444E+00  0.9599550E-04
    1  0.6154931E-02  0.9586806E-01 -0.1348960E+00  0.4106966E-01  0.6396788E+00 -0.7675443E+00  0.9599666E-04
    1  0.1164153E-09  0.9606545E-01 -0.1348960E+00  0.0000000E+00  0.6409975E+00 -0.7675429E+00  0.9599418E-04
    1 -0.6154932E-02  0.9586807E-01 -0.1348960E+00 -0.4106966E-01  0.6396788E+00 -0.7675443E+00  0.9599666E-04
    1 -0.1228460E-01  0.9527674E-01 -0.1348960E+00 -0.8196727E-01  0.6357333E+00 -0.7675445E+00  0.9599551E-04
    1 -0.1836376E-01  0.9429388E-01 -0.1348960E+00 -0.1225372E+00  0.6291755E+00 -0.7675434E+00  0.9599552E-04
    1 -0.2436744E-01  0.9292355E-01 -0.1348960E+00 -0.1625920E+00  0.6200333E+00 -0.7675433E+00  0.9599492E-04
    1 -0.3027100E-01  0.9117147E-01 -0.1348960E+00 -0.2019788E+00  0.6083433E+00 -0.7675434E+00  0.9599518E-04
    1 -0.3605019E-01  0.8904465E-01 -0.1348960E+00 -0.2405459E+00  0.5941483E+00 -0.7675451E+00  0.9599631E-04
    1 -0.4168122E-01  0.8655191E-01 -0.1348960E+00 -0.2781217E+00  0.5775153E+00 -0.7675444E+00  0.9599575E-04
    1 -0.4714100E-01  0.8370361E-01 -0.1348960E+00 -0.3145436E+00  0.5585159E+00 -0.7675430E+00  0.9599465E-04
    1 -0.5240704E-01  0.8051129E-01 -0.1348960E+00 -0.3496871E+00  0.5372106E+00 -0.7675440E+00  0.9599592E-04
    1 -0.5745773E-01  0.7698812E-01 -0.1348960E+00 -0.3833879E+00  0.5137017E+00 -0.7675443E+00  0.9599546E-04
    1 -0.6227233E-01  0.7314862E-01 -0.1348960E+00 -0.4155133E+00  0.4880837E+00 -0.7675435E+00  0.9599589E-04
    1 -0.6683105E-01  0.6900852E-01 -0.1348960E+00 -0.4459278E+00  0.4604600E+00 -0.7675448E+00  0.9599536E-04
    1 -0.7111512E-01  0.6458488E-01 -0.1348960E+00 -0.4745123E+00  0.4309426E+00 -0.7675459E+00  0.9599543E-04
    1 -0.7510698E-01  0.5989580E-01 -0.1348960E+00 -0.5011533E+00  0.3996497E+00 -0.7675450E+00  0.9599664E-04
    1 -0.7879019E-01  0.5496060E-01 -0.1348960E+00 -0.5257238E+00  0.3667258E+00 -0.7675458E+00  0.9599535E-04
    1 -0.8214965E-01  0.4979961E-01 -0.1348960E+00 -0.5481420E+00  0.3322878E+00 -0.7675448E+00  0.9599520E-04
    1 -0.8517157E-01  0.4443394E-01 -0.1348960E+00 -0.5683072E+00  0.2964849E+00 -0.7675439E+00  0.9599657E-04
    1 -0.8784342E-01  0.3888566E-01 -0.1348960E+00 -0.5861360E+00  0.2594616E+00 -0.7675443E+00  0.9599484E-04
    1 -0.9015436E-01  0.3317764E-01 -0.1348960E+00 -0.6015531E+00  0.2213800E+00 -0.7675447E+00  0.9599572E-04
    1 -0.9209482E-01  0.2733326E-01 -0.1348960E+00 -0.6145021E+00  0.1823784E+00 -0.7675450E+00  0.9599570E-04
    1 -0.9365685E-01  0.2137657E-01 -0.1348960E+00 -0.6249241E+00  0.1426366E+00 -0.7675446E+00  0.9599571E-04
    1 -0.9483400E-01  0.1533202E-01 -0.1348960E+00 -0.6327800E+00  0.1023017E+00 -0.7675440E+00  0.9599550E-04
    1 -0.9562153E-01  0.9224485E-02 -0.1348960E+00 -0.6380340E+00  0.6155505E-01 -0.7675439E+00  0.9599571E-04
    1 -0.9601608E-01  0.3079042E-02 -0.1348960E+00 -0.6406667E+00  0.2054287E-01 -0.7675443E+00  0.9599536E-04
    1  0.8256425E-01  0.2647675E-02 -0.1448466E+00  0.5503678E+00  0.1764600E-01 -0.8347358E+00  0.9594407E-04
    1  0.8222499E-01  0.7932144E-02 -0.1448467E+00  0.5481074E+00  0.5287462E-01 -0.8347350E+00  0.9594383E-04
    1  0.8154787E-01  0.1318403E-01 -0.1448466E+00  0.5435943E+00  0.8788486E-01 -0.8347344E+00  0.9594385E-04
    1  0.8053555E-01  0.1838173E-01 -0.1448467E+00  0.5368456E+00  0.1225353E+00 -0.8347346E+00  0.9594382E-04
    1  0.7919237E-01  0.2350387E-01 -0.1448466E+00  0.5278916E+00  0.1566767E+00 -0.8347352E+00  0.9594306E-04
    1  0.7752377E-01  0.2852944E-01 -0.1448466E+00  0.5167699E+00  0.1901733E+00 -0.8347353E+00  0.9594409E-04
    1  0.7553659E-01  0.3343780E-01 -0.1448467E+00  0.5035223E+00  0.2228952E+00 -0.8347353E+00  0.9594414E-04
    1  0.7323907E-01  0.3820877E-01 -0.1448466E+00  0.4882071E+00  0.2546955E+00 -0.8347359E+00  0.9594399E-04
    1  0.7064052E-01  0.4282268E-01 -0.1448467E+00  0.4708853E+00  0.2854543E+00 -0.8347352E+00  0.9594379E-04
    1  0.6775172E-01  0.4726065E-01 -0.1448466E+00  0.4516296E+00  0.3150387E+00 -0.8347343E+00  0.9594370E-04
    1  0.6458452E-01  0.5150446E-01 -0.1448466E+00  0.4305195E+00  0.3433234E+00 -0.8347347E+00  0.9594465E-04
    1  0.6115188E-01  0.5553656E-01 -0.1448467E+00  0.4076313E+00  0.3702081E+00 -0.8347350E+00  0.9594334E-04
    1  0.5746803E-01  0.5934045E-01 -0.1448466E+00  0.3830811E+00  0.3955575E+00 -0.8347354E+00  0.9594313E-04
    1  0.5354802E-01  0.6290051E-01 -0.1448467E+00  0.3569478E+00  0.4192911E+00 -0.8347354E+00  0.9594412E-04
    1  0.4940795E-01  0.6620213E-01 -0.1448466E+00  0.3293529E+00  0.4412982E+00 -0.8347351E+00  0.9594424E-04
    1  0.4506483E-01  0.6923172E-01 -0.1448466E+00  0.3003972E+00  0.4614952E+00 -0.8347358E+00  0.9594471E-04
    1  0.4053655E-01  0.7197675E-01 -0.1448467E+00  0.2702136E+00  0.4797921E+00 -0.8347360E+00  0.9594268E-04
    1  0.3584172E-01  0.7442605E-01 -0.1448466E+00  0.2389192E+00  0.4961202E+00 -0.8347349E+00  0.9594452E-04
    1  0.3099958E-01  0.7656957E-01 -0.1448466E+00  0.2066419E+00  0.5104078E+00 -0.8347353E+00  0.9594393E-04
    1  0.2603004E-01  0.7839833E-01 -0.1448467E+00  0.1735130E+00  0.5225984E+00 -0.8347360E+00  0.9594370E-04
    1  0.2095357E-01  0.7990500E-01 -0.1448466E+00  0.1396745E+00  0.5326417E+00 -0.8347358E+00  0.9594447E-04
    1  0.1579100E-01  0.8108339E-01 -0.1448466E+00  0.1052653E+00  0.5404952E+00 -0.8347360E+00  0.9594354E-04
    1  0.1056353E-01  0.8192849E-01 -0.1448467E+00  0.7041600E-01  0.5461307E+00 -0.8347352E+00  0.9594413E-04
    1  0.5292619E-02  0.8243701E-01 -0.1448466E+00  0.3528106E-01  0.5495204E+00 -0.8347350E+00  0.9594462E-04
    1  0.0000000E+00  0.8260672E-01 -0.1448466E+00  0.0000000E+00  0.5506504E+00 -0.8347360E+00  0.9594296E-04
    1 -0.5292618E-02  0.8243701E-01 -0.1448466E+00 -0.3528106E-01  0.5495204E+00 -0.8347350E+00  0.9594462E-04
    1 -0.1056353E-01  0.8192851E-01 -0.1448467E+00 -0.7041608E-01  0.5461307E+00 -0.8347352E+00  0.9594412E-04
    1 -0.1579100E-01  0.8108339E-01 -0.1448466E+00 -0.1052653E+00  0.5404953E+00 -0.8347360E+00  0.9594354E-04
    1 -0.2095357E-01  0.7990500E-01 -0.1448467E+00 -0.1396745E+00  0.5326417E+00 -0.8347358E+00  0.9594447E-04
    1 -0.2603005E-01  0.7839833E-01 -0.1448467E+00 -0.1735129E+00  0.5225983E+00 -0.8347360E+00  0.9594370E-04
    1 -0.3099957E-01  0.7656957E-01 -0.1448466E+00 -0.2066419E+00  0.5104078E+00 -0.8347353E+00  0.9594393E-04
    1 -0.3584172E-01  0.7442605E-01 -0.1448466E+00 -0.2389192E+00  0.4961202E+00 -0.8347350E+00  0.9594452E-04
    1 -0.4053655E-01  0.7197675E-01 -0.1448467E+00 -0.2702136E+00  0.4797921E+00 -0.8347360E+00  0.9594269E-04
    1 -0.4506482E-01  0.6923172E-01 -0.1448466E+00 -0.3003972E+00  0.4614952E+00 -0.8347358E+00  0.9594471E-04
    1 -0.4940795E-01  0.6620213E-01 -0.1448466E+00 -0.3293529E+00  0.4412981E+00 -0.8347351E+00  0.9594424E-04
    1 -0.5354802E-01  0.6290051E-01 -0.1448467E+00 -0.3569478E+00  0.4192910E+00 -0.8347354E+00  0.9594413E-04
    1 -0.5746803E-01  0.5934045E-01 -0.1448466E+00 -0.3830811E+00  0.3955575E+00 -0.8347354E+00  0.9594312E-04
    1 -0.6115188E-01  0.5553656E-01 -0.1448467E+00 -0.4076313E+00  0.3702081E+00 -0.8347350E+00  0.9594334E-04
    1 -0.6458452E-01  0.5150446E-01 -0.1448466E+00 -0.4305195E+00  0.3433234E+00 -0.8347347E+00  0.9594465E-04
    1 -0.6775171E-01  0.4726065E-01 -0.1448467E+00 -0.4516296E+00  0.3150387E+00 -0.8347343E+00  0.9594370E-04
    1 -0.7064052E-01  0.4282268E-01 -0.1448467E+00 -0.4708853E+00  0.2854543E+00 -0.8347352E+00  0.9594379E-04
    1 -0.7323906E-01  0.3820877E-01 -0.1448466E+00 -0.4882072E+00  0.2546955E+00 -0.8347359E+00  0.9594399E-04
    1 -0.7553659E-01  0.3343780E-01 -0.1448466E+00 -0.5035224E+00  0.2228952E+00 -0.8347353E+00  0.9594414E-04
    1 -0.7752377E-01  0.2852944E-01 -0.1448466E+00 -0.5167699E+00  0.1901733E+00 -0.8347352E+00  0.9594409E-04
    1 -0.7919237E-01  0.2350387E-01 -0.1448466E+00 -0.5278916E+00  0.1566767E+00 -0.8347352E+00  0.9594306E-04
    1 -0.8053556E-01  0.1838173E-01 -0.1448467E+00 -0.5368456E+00  0.1225353E+00 -0.8347346E+00  0.9594382E-04
    1 -0.8154787E-01  0.1318403E-01 -0.1448466E+00 -0.5435943E+00  0.8788486E-01 -0.8347343E+00  0.9594385E-04
    1 -0.8222499E-01  0.7932145E-02 -0.1448467E+00 -0.5481074E+00  0.5287462E-01 -0.8347350E+00  0.9594383E-04
    1 -0.8256425E-01  0.2647675E-02 -0.1448467E+00 -0.5503678E+00  0.1764600E-01 -0.8347358E+00  0.9594407E-04
    1  0.6484585E-01  0.2079490E-02 -0.1547283E+00  0.4302013E+00  0.1379092E-01 -0.9026276E+00  0.9582597E-04
    1  0.6457942E-01  0.6229923E-02 -0.1547283E+00  0.4284329E+00  0.4132995E-01 -0.9026279E+00  0.9582588E-04
    1  0.6404757E-01  0.1035472E-01 -0.1547283E+00  0.4249048E+00  0.6869288E-01 -0.9026279E+00  0.9582491E-04
    1  0.6325258E-01  0.1443699E-01 -0.1547283E+00  0.4196294E+00  0.9578295E-01 -0.9026277E+00  0.9582612E-04
    1  0.6219755E-01  0.1845991E-01 -0.1547283E+00  0.4126319E+00  0.1224679E+00 -0.9026276E+00  0.9582503E-04
    1  0.6088711E-01  0.2240700E-01 -0.1547282E+00  0.4039388E+00  0.1486508E+00 -0.9026275E+00  0.9582507E-04
    1  0.5932634E-01  0.2626201E-01 -0.1547283E+00  0.3935852E+00  0.1742259E+00 -0.9026273E+00  0.9582670E-04
    1  0.5752181E-01  0.3000912E-01 -0.1547283E+00  0.3816109E+00  0.1990911E+00 -0.9026272E+00  0.9582526E-04
    1  0.5548098E-01  0.3363292E-01 -0.1547282E+00  0.3680746E+00  0.2231244E+00 -0.9026276E+00  0.9582558E-04
    1  0.5321214E-01  0.3711850E-01 -0.1547282E+00  0.3530173E+00  0.2462552E+00 -0.9026279E+00  0.9582519E-04
    1  0.5072458E-01  0.4045152E-01 -0.1547283E+00  0.3365201E+00  0.2683600E+00 -0.9026279E+00  0.9582637E-04
    1  0.4802864E-01  0.4361837E-01 -0.1547283E+00  0.3186313E+00  0.2893752E+00 -0.9026273E+00  0.9582533E-04
    1  0.4513531E-01  0.4660593E-01 -0.1547283E+00  0.2994372E+00  0.3091949E+00 -0.9026272E+00  0.9582465E-04
    1  0.4205653E-01  0.4940199E-01 -0.1547283E+00  0.2790105E+00  0.3277445E+00 -0.9026276E+00  0.9582604E-04
    1  0.3880493E-01  0.5199509E-01 -0.1547282E+00  0.2574417E+00  0.3449442E+00 -0.9026280E+00  0.9582552E-04
    1  0.3539386E-01  0.5437449E-01 -0.1547283E+00  0.2348108E+00  0.3607318E+00 -0.9026275E+00  0.9582596E-04
    1  0.3183733E-01  0.5653045E-01 -0.1547283E+00  0.2112129E+00  0.3750371E+00 -0.9026274E+00  0.9582510E-04
    1  0.2815001E-01  0.5845414E-01 -0.1547283E+00  0.1867546E+00  0.3877957E+00 -0.9026280E+00  0.9582613E-04
    1  0.2434703E-01  0.6013761E-01 -0.1547283E+00  0.1615252E+00  0.3989650E+00 -0.9026275E+00  0.9582411E-04
    1  0.2044400E-01  0.6157398E-01 -0.1547282E+00  0.1356261E+00  0.4084966E+00 -0.9026274E+00  0.9582570E-04
    1  0.1645690E-01  0.6275729E-01 -0.1547283E+00  0.1091814E+00  0.4163451E+00 -0.9026273E+00  0.9582665E-04
    1  0.1240220E-01  0.6368275E-01 -0.1547283E+00  0.8228080E-01  0.4224855E+00 -0.9026272E+00  0.9582451E-04
    1  0.8296577E-02  0.6434660E-01 -0.1547282E+00  0.5504261E-01  0.4268884E+00 -0.9026276E+00  0.9582590E-04
    1  0.4156811E-02  0.6474591E-01 -0.1547283E+00  0.2757596E-01  0.4295378E+00 -0.9026278E+00  0.9582617E-04
    1  0.8731149E-10  0.6487923E-01 -0.1547282E+00  0.0000000E+00  0.4304227E+00 -0.9026275E+00  0.9582432E-04
    1 -0.4156812E-02  0.6474592E-01 -0.1547283E+00 -0.2757588E-01  0.4295378E+00 -0.9026278E+00  0.9582617E-04
    1 -0.8296575E-02  0.6434660E-01 -0.1547282E+00 -0.5504253E-01  0.4268884E+00 -0.9026276E+00  0.9582589E-04
    1 -0.1240220E-01  0.6368275E-01 -0.1547283E+00 -0.8228081E-01  0.4224855E+00 -0.9026272E+00  0.9582450E-04
    1 -0.1645690E-01  0.6275730E-01 -0.1547283E+00 -0.1091814E+00  0.4163451E+00 -0.9026273E+00  0.9582665E-04
    1 -0.2044400E-01  0.6157398E-01 -0.1547282E+00 -0.1356261E+00  0.4084966E+00 -0.9026274E+00  0.9582570E-04
    1 -0.2434703E-01  0.6013761E-01 -0.1547283E+00 -0.1615251E+00  0.3989650E+00 -0.9026275E+00  0.9582411E-04
    1 -0.2815001E-01  0.5845414E-01 -0.1547283E+00 -0.1867545E+00  0.3877956E+00 -0.9026279E+00  0.9582614E-04
    1 -0.3183733E-01  0.5653045E-01 -0.1547283E+00 -0.2112130E+00  0.3750371E+00 -0.9026273E+00  0.9582509E-04
    1 -0.3539386E-01  0.5437450E-01 -0.1547283E+00 -0.2348108E+00  0.3607319E+00 -0.9026275E+00  0.9582596E-04
    1 -0.3880493E-01  0.5199509E-01 -0.1547283E+00 -0.2574417E+00  0.3449442E+00 -0.9026280E+00  0.9582551E-04
    1 -0.4205653E-01  0.4940199E-01 -0.1547283E+00 -0.2790105E+00  0.3277445E+00 -0.9026276E+00  0.9582604E-04
    1 -0.4513532E-01  0.4660593E-01 -0.1547283E+00 -0.2994372E+00  0.3091949E+00 -0.9026272E+00  0.9582464E-04
    1 -0.4802864E-01  0.4361837E-01 -0.1547283E+00 -0.3186313E+00  0.2893751E+00 -0.9026273E+00  0.9582534E-04
    1 -0.5072458E-01  0.4045152E-01 -0.1547283E+00 -0.3365201E+00  0.2683600E+00 -0.9026279E+00  0.9582637E-04
    1 -0.5321214E-01  0.3711850E-01 -0.1547282E+00 -0.3530173E+00  0.2462552E+00 -0.9026279E+00  0.9582520E-04
    1 -0.5548098E-01  0.3363292E-01 -0.1547283E+00 -0.3680746E+00  0.2231244E+00 -0.9026276E+00  0.9582558E-04
    1 -0.5752180E-01  0.3000912E-01 -0.1547283E+00 -0.3816109E+00  0.1990911E+00 -0.9026272E+00  0.9582526E-04
    1 -0.5932635E-01  0.2626202E-01 -0.1547283E+00 -0.3935852E+00  0.1742259E+00 -0.9026273E+00  0.9582669E-04
    1 -0.6088710E-01  0.2240700E-01 -0.1547282E+00 -0.4039388E+00  0.1486508E+00 -0.9026275E+00  0.9582507E-04
    1 -0.6219755E-01  0.1845991E-01 -0.1547283E+00 -0.4126319E+00  0.1224680E+00 -0.9026276E+00  0.9582503E-04
    1 -0.6325257E-01  0.1443699E-01 -0.1547282E+00 -0.4196293E+00  0.9578295E-01 -0.9026277E+00  0.9582613E-04
    1 -0.6404757E-01  0.1035472E-01 -0.1547283E+00 -0.4249048E+00  0.6869288E-01 -0.9026279E+00  0.9582491E-04
    1 -0.6457942E-01  0.6229923E-02 -0.1547283E+00 -0.4284329E+00  0.4132995E-01 -0.9026279E+00  0.9582588E-04
    1 -0.6484585E-01  0.2079490E-02 -0.1547282E+00 -0.4302014E+00  0.1379092E-01 -0.9026276E+00  0.9582597E-04
    1  0.3586420E-01  0.1150100E-02 -0.1633333E+00  0.1825713E+00  0.5852364E-02 -0.9831752E+00  0.9449190E-04
    1  0.3571683E-01  0.3445567E-02 -0.1633333E+00  0.1818208E+00  0.1754141E-01 -0.9831752E+00  0.9449141E-04
    1  0.3542270E-01  0.5726866E-02 -0.1633333E+00  0.1803240E+00  0.2915089E-01 -0.9831752E+00  0.9449110E-04
    1  0.3498300E-01  0.7984634E-02 -0.1633333E+00  0.1780847E+00  0.4064911E-01 -0.9831752E+00  0.9449161E-04
    1  0.3439954E-01  0.1020960E-01 -0.1633334E+00  0.1751153E+00  0.5197259E-01 -0.9831752E+00  0.9449206E-04
    1  0.3367473E-01  0.1239260E-01 -0.1633333E+00  0.1714254E+00  0.6308604E-01 -0.9831752E+00  0.9449013E-04
    1  0.3281157E-01  0.1452470E-01 -0.1633333E+00  0.1670327E+00  0.7393630E-01 -0.9831752E+00  0.9449359E-04
    1  0.3181353E-01  0.1659713E-01 -0.1633333E+00  0.1619488E+00  0.8449303E-01 -0.9831753E+00  0.9449288E-04
    1  0.3068477E-01  0.1860133E-01 -0.1633333E+00  0.1562051E+00  0.9469153E-01 -0.9831752E+00  0.9449122E-04
    1  0.2942993E-01  0.2052907E-01 -0.1633333E+00  0.1498149E+00  0.1045085E+00 -0.9831752E+00  0.9448993E-04
    1  0.2805417E-01  0.2237247E-01 -0.1633333E+00  0.1428155E+00  0.1138871E+00 -0.9831752E+00  0.9449268E-04
    1  0.2656313E-01  0.2412397E-01 -0.1633333E+00  0.1352237E+00  0.1228048E+00 -0.9831752E+00  0.9449148E-04
    1  0.2496293E-01  0.2577630E-01 -0.1633333E+00  0.1270753E+00  0.1312187E+00 -0.9831752E+00  0.9449128E-04
    1  0.2326013E-01  0.2732270E-01 -0.1633333E+00  0.1184069E+00  0.1390911E+00 -0.9831753E+00  0.9449201E-04
    1  0.2146177E-01  0.2875683E-01 -0.1633333E+00  0.1092542E+00  0.1463901E+00 -0.9831752E+00  0.9449071E-04
    1  0.1957523E-01  0.3007284E-01 -0.1633333E+00  0.9965377E-01  0.1530870E+00 -0.9831752E+00  0.9449213E-04
    1  0.1760823E-01  0.3126524E-01 -0.1633333E+00  0.8963222E-01  0.1591621E+00 -0.9831752E+00  0.9449177E-04
    1  0.1556887E-01  0.3232913E-01 -0.1633333E+00  0.7925582E-01  0.1645755E+00 -0.9831752E+00  0.9449162E-04
    1  0.1346557E-01  0.3326023E-01 -0.1633333E+00  0.6855199E-01  0.1693137E+00 -0.9831753E+00  0.9449034E-04
    1  0.1130693E-01  0.3405463E-01 -0.1633333E+00  0.5755569E-01  0.1733604E+00 -0.9831752E+00  0.9449106E-04
    1  0.9101801E-02  0.3470910E-01 -0.1633333E+00  0.4633674E-01  0.1766902E+00 -0.9831752E+00  0.9449312E-04
    1  0.6859267E-02  0.3522097E-01 -0.1633333E+00  0.3491853E-01  0.1792963E+00 -0.9831753E+00  0.9449168E-04
    1  0.4588567E-02  0.3558807E-01 -0.1633333E+00  0.2335666E-01  0.1811655E+00 -0.9831752E+00  0.9449098E-04
    1  0.2299000E-02  0.3580894E-01 -0.1633333E+00  0.1170465E-01  0.1822896E+00 -0.9831752E+00  0.9449255E-04
    1  0.0000000E+00  0.3588267E-01 -0.1633333E+00  0.0000000E+00  0.1826649E+00 -0.9831752E+00  0.9448999E-04
    1 -0.2299000E-02  0.3580894E-01 -0.1633333E+00 -0.1170465E-01  0.1822896E+00 -0.9831752E+00  0.9449256E-04
    1 -0.4588567E-02  0.3558807E-01 -0.1633333E+00 -0.2335666E-01  0.1811655E+00 -0.9831752E+00  0.9449098E-04
    1 -0.6859267E-02  0.3522097E-01 -0.1633333E+00 -0.3491853E-01  0.1792963E+00 -0.9831753E+00  0.9449168E-04
    1 -0.9101801E-02  0.3470910E-01 -0.1633333E+00 -0.4633674E-01  0.1766902E+00 -0.9831752E+00  0.9449312E-04
    1 -0.1130693E-01  0.3405463E-01 -0.1633333E+00 -0.5755569E-01  0.1733605E+00 -0.9831752E+00  0.9449106E-04
    1 -0.1346557E-01  0.3326023E-01 -0.1633333E+00 -0.6855199E-01  0.1693137E+00 -0.9831753E+00  0.9449034E-04
    1 -0.1556887E-01  0.3232913E-01 -0.1633333E+00 -0.7925582E-01  0.1645755E+00 -0.9831752E+00  0.9449162E-04
    1 -0.1760823E-01  0.3126524E-01 -0.1633333E+00 -0.8963222E-01  0.1591621E+00 -0.9831752E+00  0.9449178E-04
    1 -0.1957523E-01  0.3007284E-01 -0.1633333E+00 -0.9965377E-01  0.1530870E+00 -0.9831752E+00  0.9449213E-04
    1 -0.2146177E-01  0.2875683E-01 -0.1633333E+00 -0.1092542E+00  0.1463901E+00 -0.9831753E+00  0.9449071E-04
    1 -0.2326013E-01  0.2732270E-01 -0.1633333E+00 -0.1184069E+00  0.1390911E+00 -0.9831753E+00  0.9449201E-04
    1 -0.2496293E-01  0.2577630E-01 -0.1633333E+00 -0.1270753E+00  0.1312187E+00 -0.9831752E+00  0.9449128E-04
    1 -0.2656313E-01  0.2412397E-01 -0.1633333E+00 -0.1352237E+00  0.1228048E+00 -0.9831752E+00  0.9449148E-04
    1 -0.2805417E-01  0.2237247E-01 -0.1633333E+00 -0.1428155E+00  0.1138871E+00 -0.9831752E+00  0.9449268E-04
    1 -0.2942993E-01  0.2052907E-01 -0.1633333E+00 -0.1498149E+00  0.1045085E+00 -0.9831752E+00  0.9448993E-04
    1 -0.3068477E-01  0.1860133E-01 -0.1633333E+00 -0.1562051E+00  0.9469153E-01 -0.9831752E+00  0.9449122E-04
    1 -0.3181353E-01  0.1659713E-01 -0.1633333E+00 -0.1619488E+00  0.8449304E-01 -0.9831753E+00  0.9449288E-04
    1 -0.3281157E-01  0.1452470E-01 -0.1633333E+00 -0.1670327E+00  0.7393630E-01 -0.9831752E+00  0.9449359E-04
    1 -0.3367473E-01  0.1239260E-01 -0.1633333E+00 -0.1714254E+00  0.6308604E-01 -0.9831752E+00  0.9449013E-04
    1 -0.3439954E-01  0.1020960E-01 -0.1633334E+00 -0.1751153E+00  0.5197259E-01 -0.9831752E+00  0.9449206E-04
    1 -0.3498300E-01  0.7984634E-02 -0.1633333E+00 -0.1780847E+00  0.4064912E-01 -0.9831753E+00  0.9449160E-04
    1 -0.3542270E-01  0.5726866E-02 -0.1633333E+00 -0.1803240E+00  0.2915089E-01 -0.9831752E+00  0.9449110E-04
    1 -0.3571683E-01  0.3445567E-02 -0.1633333E+00 -0.1818208E+00  0.1754141E-01 -0.9831752E+00  0.9449141E-04
    1 -0.3586420E-01  0.1150100E-02 -0.1633333E+00 -0.1825713E+00  0.5852364E-02 -0.9831752E+00  0.9449191E-04
           0
