   163.7785      -1.570796       16434.03      8.6497363E-05 -6.8843365E-04
 -3.6694109E-07   74210.90      3.9985051E-04   651.2976      -1.570793    
   16508.13      1.0669075E-02 -3.3318996E-04  1.4677644E-06   74510.66    
  4.9828012E-02   1446.763      -1.570760       16585.07      0.1798033    
 -2.9428799E-03 -8.3446503E-06   74894.49      0.8402926       2524.953    
  -1.570598       16692.85       1.322303     -1.8978119E-03  3.2961369E-05
   75402.98       6.183672       3851.594      -1.570065       16842.21    
   6.154602      2.5329590E-03  1.1885166E-04   76121.68       28.80717    
   5379.552      -1.568698       17030.54       21.39670     -4.5688939E-03
 -1.0710955E-04   77028.84       100.2552       7049.420      -1.565761    
   17260.31       60.69131     -2.1171570E-03  2.4104118E-04   78107.52    
   284.7286       8815.861      -1.560244       17591.67       148.0548    
 -4.8553939E-03  1.5056133E-04   79704.43       695.5618       10558.99    
  -1.550880       17947.07       320.7247      2.7285682E-03  4.7802925E-04
   81406.75       1509.016       12196.76      -1.536366       18383.37    
   631.1320      3.0002594E-03  4.2057037E-04   83509.15       2974.502    
   13537.94      -1.515426       18803.76       1143.676      4.1662562E-03
 -3.1542778E-04   85521.59       5399.669       14442.16      -1.487481    
   19245.53       1926.901      4.0928522E-04  1.3852119E-04   87687.83    
   9113.526       14639.37      -1.452121       19583.46       3043.411    
 -1.8820397E-03 -3.5238266E-04   89325.15       14425.52       13904.37    
  -1.410466       19763.86       4519.160      2.2026470E-03  1.1179447E-03
   90236.23       21464.35       12045.25      -1.365422       19758.72    
   6332.776     -1.7185211E-03  4.9114227E-04   90283.95       30142.10    
   8911.814      -1.324052       19529.62       8401.919     -5.2273273E-04
 -1.0657310E-03   89259.73       40076.75       4452.647      -1.318902    
   19069.47       10598.85      1.6577104E-04 -5.1450729E-04   87125.41    
   50667.27       1400.495       2.316774       18403.04       12775.45    
 -1.6000536E-03 -1.8396378E-03   83994.36       61205.11       8209.523    
   2.093314       17584.43       14798.52      1.8132360E-03  3.4158230E-03
   80120.21       71050.91       15959.98       2.116803       16680.78    
   16570.17     -1.4019012E-03  1.0585785E-04   75819.46       79726.37    
   24315.15       2.152647       15751.60       18037.40     -7.1366632E-04
 -1.0418892E-04   71378.41       86967.95       32961.39       2.188255    
   14842.38       19191.80     -1.9418109E-03 -2.2563934E-03   67014.26    
   92727.16       41585.70       2.220263       13989.80       20044.80    
  2.9393903E-03  4.1794777E-03   62904.66       97045.96       49872.65    
   2.247873       13210.39       20628.92      8.1280863E-04  4.4195652E-03
   59132.99       100072.3       57516.36       2.270966       12511.59    
   20986.55     -3.8642884E-04 -8.5687637E-04   55737.85       102005.1    
   64219.73       2.289271       11894.99       21147.61      6.1622035E-05
  4.0044785E-03   52731.92       102984.1       69699.33       2.303122    
   11356.89       21152.44     -2.1938041E-03  7.4827671E-03   50094.89    
   103193.8       73709.34       2.312515       10892.17       21027.45    
 -8.6614065E-04  5.7886839E-03   47808.41       102771.9       76021.09    
   2.317468       10491.28       20802.12     -6.3567323E-04 -3.8918257E-03
   45827.21       101849.5       76457.45       2.317601       10148.08    
   20487.32     -9.7465515E-04  6.9173574E-03   44123.63       100477.3    
   74895.00       2.312408       9853.773       20094.19     -1.1997839E-04
  3.4835339E-03   42656.24       98709.23       71295.08       2.300908    
   9602.856       19621.63     -2.4557114E-04 -4.5362711E-03   41401.15    
   96544.97    
   767.5305      -3.133134     -2.5349110E-03 -1.9955530E-06   76755.55    
   64.90829     -7.6952577E-03 -9.4579664E-06   3134.581      -3.109124    
 -1.6912818E-04 -3.6817951E-06   78344.71       508.7857     -2.1456182E-03
  2.0354008E-05   7191.505      -3.072374     -1.3423363E-02 -2.9184570E-04
   79766.71       1657.976     -5.7867963E-02 -1.2547735E-03   12958.97    
  -3.026008     -8.2967430E-03 -4.2767409E-04   80553.91       3736.492    
 -4.2760223E-02 -2.0400528E-03   20368.21      -2.973157      5.1816702E-03
  3.9819223E-04   80495.04       6830.288      2.8943777E-02  2.4779500E-03
   29247.16      -2.916652     -1.5829997E-02 -2.5503454E-03   79478.08    
   10877.59     -7.7890746E-02 -1.1904794E-02   39341.25      -2.858968    
 -1.4582617E-02 -4.1349875E-03   77531.54       15689.07     -8.7640457E-02
 -2.2167763E-02   50300.79      -2.801712     -2.7232466E-02 -8.6836163E-03
   74729.59       21000.90     -0.1314910     -4.3794904E-02   61849.40    
  -2.746998     -3.4625663E-03 -2.1209475E-03   71381.22       26506.49    
  8.8440051E-04 -1.2304336E-03   73579.27      -2.695149      1.9220114E-03
  2.7232170E-03   67594.41       31942.74      2.6281357E-02  1.6365655E-02
   85257.17      -2.647752      5.6431508E-03  4.0263627E-03   63676.02    
   37056.52      3.9123621E-02  2.7901709E-02   96529.61      -2.604225    
 -3.2505391E-03 -4.9837492E-03   59724.59       41714.79     -8.2995491E-03
 -1.5523374E-02   107176.9      -2.565546     -6.6583892E-03 -6.0367435E-03
   55901.03       45780.51     -2.8071405E-02 -3.0547857E-02   116991.6    
  -2.531861      3.4283742E-03  6.5343156E-03   52325.02       49190.77    
  1.3934544E-02  2.7181506E-02   125739.6      -2.502647     -1.6253790E-03
 -5.0120056E-03   49020.46       51959.31     -1.1888186E-02 -2.8381288E-02
   133230.6      -2.477659     -9.1545284E-04  1.6658455E-03   46013.10    
   54108.14     -1.0737777E-03  9.8968148E-03   139301.8      -2.456790    
 -2.8601112E-03 -5.3625107E-03   43315.73       55675.14     -1.1835379E-02
 -8.0114603E-03   143802.2      -2.439887     -4.8875809E-04 -7.5972676E-03
   40923.80       56708.57     -3.3330917E-03 -3.9914966E-02   146610.0    
  -2.426826      2.4782986E-04  3.6931336E-03   38827.40       57270.64    
  4.6034865E-03  1.8142700E-02   147607.5      -2.417623     -2.9512644E-03
 -5.5510402E-03   37005.27       57408.67     -1.2783647E-02 -1.4083385E-02
   146707.0      -2.412320     -6.9726084E-04 -4.6055019E-03   35435.78    
   57173.05     -1.0597139E-03 -2.2754550E-02   143870.4      -2.410899    
 -1.1561133E-03 -1.9307435E-03   34099.56       56629.98     -8.2795182E-03
 -9.4577074E-03   139053.4      -2.413757      2.1763470E-03  9.0884268E-03
   32965.17       55807.34      2.8434007E-03  3.4236789E-02   132278.2    
  -2.421307      1.8200277E-03 -2.6978850E-03   32011.66       54735.14    
  9.6315145E-03 -6.3884258E-03   123637.3      -2.434240     -2.6107789E-03
 -1.7463565E-03   31221.67       53455.95     -1.4962291E-02 -1.2887836E-02
   113211.6      -2.453935     -2.2826747E-03 -2.4595261E-03   30562.64    
   51945.57     -5.9785293E-03 -1.8062115E-02   101193.0      -2.482457    
 -5.0980072E-03 -5.4839849E-03   30016.12       50168.27     -1.7203579E-02
 -1.5417337E-02   87757.86      -2.524344     -1.7098018E-03 -2.0221174E-03
   29551.86       47928.25     -3.4012964E-03 -7.7797174E-03   73042.64    
  -2.590656      2.3704560E-03  4.6491623E-06   29116.71       44524.96    
  8.0780322E-03 -3.6197901E-03   54388.71      -2.757938     -3.4114521E-03
 -7.9185367E-03   27787.04       32192.20     -1.5552123E-02 -3.4548044E-02
   49236.85      -2.643833     -1.4125917E-03 -1.0649711E-03   29060.56    
   57940.70     -2.4119501E-03  2.1970272E-04   33635.38      -2.908170    
  9.0375543E-04  8.7246299E-05   28968.57       48963.63     -4.0233135E-05
 -5.2880645E-03
   739.3462      -1.570796       74187.22      4.0040020E-04 -2.6017427E-03
  1.8207356E-06   345481.8      1.8552250E-03   2939.008      -1.570793    
   74489.85      4.9800567E-02 -2.2351742E-04 -1.5480444E-05   346734.5    
  0.2326183       6531.512      -1.570759       74866.70      0.8399364    
 -1.8885136E-02 -5.8881938E-05   348626.1       3.925319       11403.55    
  -1.570591       75379.19       6.181058     -1.2201965E-02  1.9818544E-06
   351037.8       28.90525       17405.30      -1.570039       76096.86    
   28.79517      1.9894361E-02  1.7020106E-04   354493.8       134.7783    
   24326.06      -1.568623       77000.76       100.2155     -1.8251734E-02
  5.0979853E-04   358853.2       469.5642       31890.97      -1.565576    
   78084.89       284.5957     -1.3827085E-02  1.0153651E-03   363929.2    
   1335.159       39917.79      -1.559853       79680.92       695.2603    
 -2.6049314E-02  1.0662675E-03   371627.0       3266.335       47838.39    
  -1.550122       81381.12       1508.392      1.3715162E-02  1.9974113E-03
   379771.6       7097.012       55290.46      -1.535015       83484.02    
   2973.279      1.1999369E-02  2.0017624E-03   389906.5       14013.00    
   61362.30      -1.513144       85498.84       5397.234      1.7035658E-02
 -7.5113773E-04   399545.3       25482.15       65433.05      -1.483843    
   87658.63       9110.489     -1.2667973E-03  8.1288815E-04   410146.2    
   43088.93       66179.40      -1.446399       89302.89       14418.21    
 -7.8876205E-03  1.8348694E-03   418095.6       68341.83       62562.14    
  -1.401556       90214.20       21453.58      1.1445113E-02  4.5827627E-03
   422686.9       101898.1       53654.93      -1.351238       90259.24    
   30127.04     -1.1277199E-02  3.9205551E-03   423255.1       143396.8    
   38710.64      -1.299409       89235.43       40055.77     -3.7233531E-03
 -7.7116489E-04   418698.4       191064.3       17429.35      -1.261678    
   87102.26       50638.64     -1.1289820E-04 -4.0023327E-03   408812.8    
   242074.7       10015.55       2.042434       83973.10       61170.19    
 -6.6959858E-03 -4.3369532E-03   394121.1       293053.8       42806.58    
   2.047933       80101.23       71010.07      7.3350105E-03  1.5262961E-02
   375808.7       340930.5       79898.21       2.092979       75803.27    
   79681.93     -4.9718618E-03  2.3357868E-03   355362.4       383377.9    
   119948.7       2.137461       71363.77       86921.52     -3.6925364E-03
 -1.8159151E-03   334153.8       419084.8       161472.1       2.178123    
   67002.34       92678.13     -6.1335345E-03 -1.2528777E-02   313225.2    
   447772.1       202967.2       2.213714       62895.15       96996.34    
  9.3264170E-03  1.9551158E-02   293434.4       469584.7       242907.3    
   2.244175       59125.71       100023.3      2.3468335E-03  1.7845750E-02
   275201.2       485195.9       279795.5       2.269727       55732.55    
   101955.2     -2.5196075E-03 -4.1747093E-03   258723.5       495527.3    
   312167.4       2.290279       52727.62       102934.2      1.4635234E-04
  1.6379058E-02   244080.0       501229.9       338618.7       2.306289    
   50093.03       103147.1     -4.4154236E-03  3.4019649E-02   231177.3    
   503169.0       357915.7       2.317827       47807.82       102721.3    
 -3.6928484E-03  3.2180786E-02   219941.0       501997.7       368927.3    
   2.324973       45829.48       101796.4     -2.7813581E-03 -1.8812180E-02
   210172.2       498347.7       370748.0       2.327415       44128.81    
   100423.3     -3.8319428E-03  3.5587639E-02   201738.1       492451.1    
   362733.3       2.324745       42663.07       98652.84      7.4278926E-03
  2.3282766E-02   194439.2       484547.9       344686.7       2.316022    
   41411.18       96481.73      6.6891313E-04 -1.5560150E-02   188186.4    
   474657.9    
