   696.4153      -1.570796       69848.12      1.0845040E-03 -4.7039986E-03
  1.6354024E-06   193141.0      3.0516319E-03   2785.834      -1.570787    
   70480.52      0.1366600     -2.3692846E-03  7.8454614E-06   194926.7    
  0.3828029       6222.657      -1.570688       71029.23       2.301172    
  5.8229761E-03 -9.4637275E-05   196438.1       6.444041       10993.09    
  -1.570209       72095.78       16.91008     -3.6096573E-03  1.8009543E-04
   199349.6       47.34108       17007.12      -1.568649       73389.45    
   78.60294     -3.4780502E-03  2.8949976E-04   202868.7       219.9720    
   24184.84      -1.564707       75027.73       273.0357     -4.1063619E-03
 -1.0943413E-04   207361.5       763.7126       32621.60      -1.556416    
   77510.29       775.7292      4.3153763E-03 -2.3722649E-05   214178.1    
   2168.424       42065.63      -1.541092       80374.36       1894.454    
 -2.4601219E-02  3.1280518E-04   222002.2       5291.258       52351.39    
  -1.515553       83685.45       4114.360     -1.0543399E-03  1.1756420E-03
   231064.6       11479.33       63295.33      -1.476905       87399.34    
   8098.497      8.7709427E-03  8.3661079E-04   241147.1       22567.16    
   74138.70      -1.422258       90901.00       14641.75      2.6529485E-03
  1.3871193E-03   250603.5       40736.15       83593.59      -1.349528    
   93117.19       24416.55      1.1268456E-02  2.8312206E-03   256379.4    
   67801.34       90745.23      -1.259729       93624.48       37638.77    
 -1.9590672E-02 -6.5472126E-03   257404.8       104279.8       94039.54    
  -1.155105       91459.48       53638.64     -7.1266722E-03 -1.1441708E-03
   250924.1       148224.5       92348.62      -1.039433       86325.16    
   70791.46      5.9258142E-03  1.4450550E-03   236211.0       195024.1    
   85108.27     -0.9169373       78626.83       86850.16      1.1804700E-02
  9.8346472E-03   214534.1       238444.0       72766.59     -0.7896637    
   69424.59       99930.48     -4.2071063E-03 -4.9701929E-03   188836.9    
   273288.4       56326.62     -0.6528477       59893.02       108987.7    
  7.3644851E-04  4.4244528E-03   162418.7       296759.8       37258.29    
 -0.4810353       50961.93       113969.1     -2.0564231E-03  4.3866634E-03
   137818.0       308792.0       17510.01     -0.1183241       43190.84    
   115372.9     -5.1021576E-05 -7.8725815E-04   116605.1       310908.8    
   10562.21       1.629927       36774.23       114022.8     -5.3269523E-03
 -1.1700153E-02   99252.02       305447.4       28214.22       2.336673    
   31665.28       110704.2      3.7752497E-03  1.5762448E-03   85596.60    
   294615.6       46962.34       2.519878       27739.76       106069.0    
  3.6330845E-03  4.0203631E-03   75268.06       280263.8       63902.00    
   2.621022       24815.81       100617.0      1.3363361E-03  6.8351328E-03
   67734.61       263798.2       78220.14       2.693371       22710.02    
   94712.62      4.2419432E-04  9.2866123E-03   62489.79       246260.5    
   89363.38       2.751388       21268.01       88612.16      1.3643045E-02
 -1.1820227E-02   59082.03       228347.9       96968.53       2.800849    
   20361.25       82529.20      5.3762505E-03  4.5822710E-03   57126.72    
   210675.9       100740.4       2.844604       19872.07       76554.22    
  2.0759446E-03 -4.6450198E-03   56308.14       193467.5       100656.6    
   2.884843       19702.18       70820.98      7.7543582E-04  7.0402771E-03
   56331.47       177064.6       96764.46       2.919381       19843.32    
   65259.55     -1.5303293E-03  4.1215308E-03   57149.97       161268.8    
   88668.65       2.906421       20962.71       58487.43      2.5626153E-04
 -1.2062825E-03   60329.86       142339.0       79002.09       3.038360    
   19716.91       56227.43     -2.5689602E-04 -1.4781877E-03   57874.87    
   135911.8    
   1041.658      -3.130755     -3.3443421E-03 -5.0557009E-07   104220.8    
   112.8699      4.0546432E-03  3.4317216E-06   4261.646      -3.100499    
 -5.2816421E-03 -5.1270894E-05   106697.5       875.2592     -2.4750270E-03
 -6.8198242E-05   9719.977      -3.054978     -1.6159315E-02 -5.9679057E-04
   108141.6       2801.228     -2.4177009E-02 -9.4169762E-04   17332.10    
  -2.998846      8.4946305E-03  5.1046262E-04   108184.8       6155.558    
 -3.5919435E-03  5.6922989E-05   26813.21      -2.936356     -1.5500546E-02
 -1.6616981E-03   106486.4       10896.01     -4.0999264E-02 -5.5790348E-03
   37702.42      -2.871090     -2.7599926E-03 -1.8752180E-05   103039.1    
   16695.29     -5.1870686E-03 -7.2070071E-04   49436.38      -2.805953    
 -2.8552754E-02 -1.0608047E-02   98150.31       23031.88     -4.1680124E-02
 -1.6594252E-02   61418.66      -2.743067     -3.5933103E-02 -1.3760844E-02
   92250.14       29319.09     -0.1546226     -6.6371799E-02   73063.76    
  -2.683907     -1.1405680E-02 -6.3018668E-03   85839.42       35007.46    
 -2.0915734E-02 -1.9704551E-02   83885.19      -2.629392      1.8467188E-02
  1.8960714E-02   79383.30       39677.16      6.3083231E-02  5.4917738E-02
   93433.18      -2.579958     -1.4635649E-03 -3.8389117E-04   73248.67    
   43047.05     -5.8900227E-05  1.4256388E-02   101433.9      -2.535898    
  1.2438495E-03 -8.9256763E-03   67703.59       45014.94      1.0128617E-02
 -2.4326563E-02   107615.0      -2.496905     -2.2093609E-02 -5.2528754E-02
   62918.19       45592.76     -7.5051375E-02 -0.1538715       111826.0    
  -2.462973     -1.2119838E-02 -5.4294169E-02   58965.35       44880.91    
 -3.9024696E-02 -0.1142421       113981.9      -2.433969      2.5940735E-03
 -1.1045158E-02   55877.79       43049.15      3.9182506E-03 -2.4502277E-02
   114066.2      -2.409683      7.6556206E-03 -8.3130300E-03   53599.30    
   40319.64      2.1982901E-02 -9.3829632E-04   112127.4      -2.390133    
 -2.6287050E-03  3.2313168E-03   52077.36       36921.07     -2.0424588E-02
 -1.0482788E-02   108265.2      -2.375121      3.4164058E-03 -7.3049963E-03
   51199.59       33093.07      2.0736621E-03 -1.7867565E-02   102643.6    
  -2.364721     -1.3983250E-03 -1.8152148E-02   50884.41       29042.23    
 -1.9895419E-02 -3.0652046E-02   95470.05      -2.359097      9.5266700E-03
 -1.8586636E-02   50997.64       24978.37      7.3681474E-03 -5.4170012E-02
   86994.16      -2.358691     -3.7185920E-03 -1.6178340E-02   51436.95    
   21034.09     -2.0943256E-02 -5.7496071E-02   77504.76      -2.364361    
  5.7399813E-03 -1.1829376E-02   52110.35       17318.11      1.8703748E-02
 -3.1170309E-02   67286.79      -2.378877      4.7269077E-05  1.3709813E-03
   52922.38       13847.21      9.7154016E-03  5.6322813E-03   56532.26    
  -2.412328      2.5775034E-03 -4.8406422E-04   53760.10       10426.35    
 -9.8540634E-03 -9.8798871E-03   42248.70      -2.631462      1.3219071E-02
  1.7975971E-02   53614.52       3776.744      2.7302623E-02  3.4908533E-02
   38226.20      -2.315523      5.6491452E-03 -4.8660636E-03   56051.43    
   8970.462      1.2208407E-02 -1.4582038E-02   28251.55      -2.391755    
  4.2452635E-03 -5.3052455E-03   56842.62       5944.968      8.7793665E-03
 -8.9495629E-03   19696.99      -2.440861      6.7532063E-04 -2.4266168E-04
   57668.82       4026.114     -6.0498076E-03 -1.6834438E-03   12357.06    
  -2.490885      2.0473578E-03 -5.2427128E-04   58478.33       2542.614    
  6.9161528E-03 -2.9870868E-04   6338.910      -2.539048     -1.5847683E-03
 -7.1382744E-04   59257.18       1391.823      1.6160806E-04  6.9118286E-03
   1689.411      -2.507482      3.5566669E-03 -1.0677993E-02   59998.60    
   547.8387      6.0924795E-03 -9.9987984E-03   1735.903      0.2205700    
 -4.2888522E-03 -5.8625489E-03   60676.07      -35.97916     -5.4767914E-03
 -9.4868839E-03
   1925.366      -1.570796       193114.0      3.0514114E-03 -1.0972023E-02
 -4.0000305E-06   552596.7      8.5906722E-03   7702.253      -1.570786    
   194889.7      0.3828095     -5.1558018E-03 -1.6741455E-05   557664.7    
   1.072281       17200.34      -1.570687       196395.2       6.444486    
  1.4917850E-02 -4.9924850E-04   561807.6       18.04673       30373.77    
  -1.570201       199313.3       47.34389     -1.2694597E-02 -1.2141466E-04
   569759.8       132.5427       46959.78      -1.568620       202835.5    
   219.9790     -1.1895180E-02 -2.6106834E-05   579363.6       615.6160    
   66730.56      -1.564623       207320.8       763.7477     -1.9273756E-02
 -1.9927025E-03   591674.9       2136.290       89932.45      -1.556214    
   214136.5       2168.502      5.9400289E-03 -5.4049492E-04   610381.8    
   6061.692       115820.3      -1.540663       221958.0       5291.284    
 -7.2439305E-02 -2.2315979E-03   631787.5       14778.71       143937.3    
  -1.514734       231008.4       11479.59     -6.2349108E-03  2.9087067E-03
   656558.1       32028.75       173684.6      -1.475448       241090.4    
   22566.38      2.5527954E-02  1.8501282E-03   683961.7       62883.39    
   202970.2      -1.419842       250528.2       40732.30      9.8401848E-03
  2.9978752E-03   709451.2       113325.4       228157.0      -1.345614    
   256307.9       67799.38      2.8560160E-02  6.0420036E-03   724516.2    
   188269.4       246806.6      -1.253705       257319.9       104285.5    
 -6.1846517E-02 -2.0104647E-02   726311.7       288928.5       254574.1    
  -1.145899       250831.2       148226.8     -2.2147043E-02 -5.5210590E-03
   707053.8       409609.9       248492.5      -1.025400       236112.8    
   195015.0      1.2990952E-02  6.8826675E-03   665026.6       537249.2    
   227332.6     -0.8954907       214424.0       238423.3      2.8455257E-02
  2.9452085E-02   604031.2       654583.8       192487.9     -0.7557197    
   188717.9       273239.4     -1.7662048E-02 -2.1100521E-02   532356.9    
   747252.8       147142.8     -0.5956361       162291.6       296682.5    
  1.1454688E-03  1.1228085E-02   459195.9       807827.8       95953.58    
 -0.3698490       137697.1       308670.3     -1.1247836E-02  9.3475580E-03
   391573.8       836316.6       47482.55      0.1652849       116481.2    
   310733.3     -4.0636063E-03 -1.6686916E-03   333771.4       837374.9    
   42932.12       1.609313       99128.62       305226.4     -2.0731518E-02
 -3.4223199E-02   286929.6       817627.2       87153.88       2.209867    
   85481.17       294337.9      8.2267411E-03  1.8969178E-03   250574.1    
   783297.8       134482.0       2.417565       75164.79       279924.3    
  6.7698439E-03  1.2889087E-02   223574.2       739652.5       176698.6    
   2.534507       67644.53       263405.8     -5.6616464E-03  2.0601332E-02
   204343.3       690565.9       211387.1       2.616904       62409.32    
   245800.5     -4.9705505E-03  2.8297037E-02   191479.8       639059.3    
   237101.0       2.682005       59010.96       227815.4      3.2190911E-02
 -3.2817483E-02   183671.8       587072.1       253032.5       2.737160    
   57067.55       210048.0      1.1786708E-02  1.0205150E-02   179787.9    
   536233.3       258635.7       2.785937       56250.01       192697.2    
  1.4904568E-03 -1.0233939E-02   178958.6       486983.8       254129.2    
   2.831351       56277.35       176107.2     -1.5410061E-03  1.8743500E-02
   180324.3       440317.5       239697.1       2.871538       57080.19    
   159843.1     -7.9256697E-03  1.2761973E-02   183625.4       395043.1    
   209465.0       2.859412       59921.97       136527.6     -1.1345649E-03
 -3.5225274E-03   191600.5       332218.0       193704.6       3.014050    
   57978.63       137685.6     -3.8534403E-03 -2.3891386E-03   188863.7    
   332826.6    
