           3
  4.3699160E-02  4.3347325E-02  4.2646471E-02  4.1602269E-02  4.0223099E-02
  3.8520020E-02  3.6506914E-02  3.4199882E-02  3.1617373E-02  2.8780371E-02
  2.5711622E-02  2.2435892E-02  1.8979371E-02  1.5370370E-02  1.1637255E-02
  7.8106071E-03  3.9211209E-03  0.0000000E+00 -3.9211209E-03 -7.8106071E-03
 -1.1637256E-02 -1.5370370E-02 -1.8979369E-02 -2.2435892E-02 -2.5711622E-02
 -2.8780369E-02 -3.1617373E-02 -3.4199882E-02 -3.6506906E-02 -3.8520016E-02
 -4.0223099E-02 -4.1602269E-02 -4.2646468E-02 -4.3347329E-02 -4.3699160E-02
  5.0422102E-02  5.0016154E-02  4.9207471E-02  4.8002612E-02  4.6411276E-02
  4.4446137E-02  4.2123500E-02  3.9461255E-02  3.6481615E-02  3.3208117E-02
  2.9667256E-02  2.5887519E-02  2.1899357E-02  1.7735003E-02  1.3427631E-02
  9.0121031E-03  4.5243804E-03  0.0000000E+00 -4.5243800E-03 -9.0121031E-03
 -1.3427631E-02 -1.7735004E-02 -2.1899357E-02 -2.5887519E-02 -2.9667258E-02
 -3.3208117E-02 -3.6481619E-02 -3.9461255E-02 -4.2123500E-02 -4.4446137E-02
 -4.6411276E-02 -4.8002612E-02 -4.9207471E-02 -5.0016154E-02 -5.0422102E-02
  5.7145048E-02  5.6684956E-02  5.5768479E-02  5.4402962E-02  5.2599430E-02
  5.0372362E-02  4.7739875E-02  4.4722889E-02  4.1345730E-02  3.7635874E-02
  3.3622891E-02  2.9339133E-02  2.4819346E-02  2.0099640E-02  1.5217871E-02
  1.0213882E-02  5.1276088E-03  0.0000000E+00 -5.1276083E-03 -1.0213882E-02
 -1.5217871E-02 -2.0099640E-02 -2.4819346E-02 -2.9339135E-02 -3.3622891E-02
 -3.7635874E-02 -4.1345730E-02 -4.4722889E-02 -4.7739878E-02 -5.0372358E-02
 -5.2599430E-02 -5.4402962E-02 -5.5768479E-02 -5.6684963E-02 -5.7145048E-02
  6.3867994E-02  6.3353784E-02  6.2329467E-02  6.0803246E-02  5.8787629E-02
  5.6298617E-02  5.3356260E-02  4.9984381E-02  4.6209995E-02  4.2063501E-02
  3.7578642E-02  3.2790869E-02  2.7739108E-02  2.2464365E-02  1.7008245E-02
  1.1415511E-02  5.7308674E-03  0.0000000E+00 -5.7308674E-03 -1.1415512E-02
 -1.7008245E-02 -2.2464367E-02 -2.7739108E-02 -3.2790869E-02 -3.7578642E-02
 -4.2063501E-02 -4.6209995E-02 -4.9984381E-02 -5.3356260E-02 -5.6298614E-02
 -5.8787629E-02 -6.0803249E-02 -6.2329460E-02 -6.3353792E-02 -6.3867994E-02
  6.9190331E-02  6.8633258E-02  6.7523591E-02  6.5870188E-02  6.3686624E-02
  6.0990132E-02  5.7802614E-02  5.4149631E-02  5.0060999E-02  4.5568764E-02
  4.0710121E-02  3.5523504E-02  3.0050755E-02  2.4336219E-02  1.8425761E-02
  1.2366741E-02  6.2085092E-03  0.0000000E+00 -6.2085092E-03 -1.2366741E-02
 -1.8425761E-02 -2.4336219E-02 -3.0050755E-02 -3.5523500E-02 -4.0710121E-02
 -4.5568764E-02 -5.0060999E-02 -5.4149635E-02 -5.7802614E-02 -6.0990132E-02
 -6.3686624E-02 -6.5870188E-02 -6.7523591E-02 -6.8633258E-02 -6.9190331E-02
  7.3112056E-02  7.2523393E-02  7.1350843E-02  6.9603831E-02  6.7296371E-02
  6.4447001E-02  6.1078876E-02  5.7218853E-02  5.2898403E-02  4.8151612E-02
  4.3017510E-02  3.7537005E-02  3.1754136E-02  2.5715472E-02  1.9470276E-02
  1.3067722E-02  6.5603852E-03  0.0000000E+00 -6.5603848E-03 -1.3067722E-02
 -1.9470276E-02 -2.5715472E-02 -3.1754136E-02 -3.7537005E-02 -4.3017507E-02
 -4.8151612E-02 -5.2898403E-02 -5.7218853E-02 -6.1078876E-02 -6.4447001E-02
 -6.7296371E-02 -6.9603831E-02 -7.1350843E-02 -7.2523393E-02 -7.3112056E-02
  7.7033781E-02  7.6413557E-02  7.5178072E-02  7.3337331E-02  7.0906132E-02
  6.7903996E-02  6.4355135E-02  6.0288087E-02  5.5735789E-02  5.0734460E-02
  4.5325011E-02  3.9550394E-02  3.3457372E-02  2.7094990E-02  2.0514639E-02
  1.3768733E-02  6.9122608E-03  0.0000000E+00 -6.9122608E-03 -1.3768733E-02
 -2.0514639E-02 -2.7094990E-02 -3.3457372E-02 -3.9550394E-02 -4.5325011E-02
 -5.0734460E-02 -5.5735793E-02 -6.0288094E-02 -6.4355142E-02 -6.7903996E-02
 -7.0906125E-02 -7.3337331E-02 -7.5178072E-02 -7.6413549E-02 -7.7033781E-02
  8.0955505E-02  8.0303706E-02  7.9005323E-02  7.7070840E-02  7.4515894E-02
  7.1360864E-02  6.7631371E-02  6.3357353E-02  5.8573276E-02  5.3317368E-02
  4.7632486E-02  4.1563779E-02  3.5160720E-02  2.8474391E-02  2.1558881E-02
  1.4469743E-02  7.2641373E-03  0.0000000E+00 -7.2641368E-03 -1.4469743E-02
 -2.1558881E-02 -2.8474391E-02 -3.5160720E-02 -4.1563779E-02 -4.7632486E-02
 -5.3317368E-02 -5.8573276E-02 -6.3357346E-02 -6.7631371E-02 -7.1360864E-02
 -7.4515894E-02 -7.7070840E-02 -7.9005323E-02 -8.0303699E-02 -8.0955498E-02
  8.3756737E-02  8.3082363E-02  8.1739068E-02  7.9737701E-02  7.7094257E-02
  7.3830128E-02  6.9971487E-02  6.5549761E-02  6.0599983E-02  5.5162281E-02
  4.9280588E-02  4.3002039E-02  3.6377344E-02  2.9459659E-02  2.2304865E-02
  1.4970362E-02  7.5155199E-03  0.0000000E+00 -7.5155199E-03 -1.4970362E-02
 -2.2304861E-02 -2.9459657E-02 -3.6377344E-02 -4.3002039E-02 -4.9280588E-02
 -5.5162281E-02 -6.0599983E-02 -6.5549761E-02 -6.9971487E-02 -7.3830128E-02
 -7.7094257E-02 -7.9737701E-02 -8.1739068E-02 -8.3082370E-02 -8.3756737E-02
  8.5437462E-02  8.4749565E-02  8.3379351E-02  8.1337735E-02  7.8641243E-02
  7.5311750E-02  7.1375638E-02  6.6865124E-02  6.1815985E-02  5.6269288E-02
  5.0269477E-02  4.3864995E-02  3.7107259E-02  3.0050874E-02  2.2752373E-02
  1.5270861E-02  7.6662595E-03  0.0000000E+00 -7.6662595E-03 -1.5270859E-02
 -2.2752373E-02 -3.0050874E-02 -3.7107259E-02 -4.3864995E-02 -5.0269477E-02
 -5.6269288E-02 -6.1815981E-02 -6.6865124E-02 -7.1375638E-02 -7.5311750E-02
 -7.8641243E-02 -8.1337735E-02 -8.3379351E-02 -8.4749565E-02 -8.5437462E-02
  8.7118201E-02  8.6416773E-02  8.5019663E-02  8.2937740E-02  8.0188371E-02
  7.6793239E-02  7.2779767E-02  6.8180352E-02  6.3032150E-02  5.7376273E-02
  5.1258389E-02  4.4727832E-02  3.7837416E-02  3.0641973E-02  2.3199884E-02
  1.5571355E-02  7.8169992E-03  0.0000000E+00 -7.8169992E-03 -1.5571356E-02
 -2.3199884E-02 -3.0641973E-02 -3.7837416E-02 -4.4727832E-02 -5.1258385E-02
 -5.7376273E-02 -6.3032150E-02 -6.8180352E-02 -7.2779767E-02 -7.6793239E-02
 -8.0188371E-02 -8.2937732E-02 -8.5019663E-02 -8.6416773E-02 -8.7118201E-02
  8.8798925E-02  8.8083997E-02  8.6659826E-02  8.4537864E-02  8.1735507E-02
  7.8274764E-02  7.4183851E-02  6.9495767E-02  6.4248145E-02  5.8483243E-02
  5.2247260E-02  4.5590729E-02  3.8567394E-02  3.1233100E-02  2.3647636E-02
  1.5871616E-02  7.9678604E-03  0.0000000E+00 -7.9678604E-03 -1.5871616E-02
 -2.3647636E-02 -3.1233098E-02 -3.8567394E-02 -4.5590729E-02 -5.2247260E-02
 -5.8483247E-02 -6.4248152E-02 -6.9495767E-02 -7.4183851E-02 -7.8274757E-02
 -8.1735507E-02 -8.4537856E-02 -8.6659826E-02 -8.8083997E-02 -8.8798925E-02
  8.8798925E-02  8.8083997E-02  8.6659826E-02  8.4537856E-02  8.1735507E-02
  7.8274757E-02  7.4183851E-02  6.9495767E-02  6.4248152E-02  5.8483247E-02
  5.2247260E-02  4.5590729E-02  3.8567394E-02  3.1233098E-02  2.3647636E-02
  1.5871614E-02  7.9678604E-03  0.0000000E+00 -7.9678604E-03 -1.5871614E-02
 -2.3647636E-02 -3.1233100E-02 -3.8567394E-02 -4.5590729E-02 -5.2247260E-02
 -5.8483243E-02 -6.4248145E-02 -6.9495767E-02 -7.4183851E-02 -7.8274764E-02
 -8.1735507E-02 -8.4537864E-02 -8.6659826E-02 -8.8083997E-02 -8.8798925E-02
  8.7118201E-02  8.6416773E-02  8.5019663E-02  8.2937732E-02  8.0188371E-02
  7.6793239E-02  7.2779767E-02  6.8180352E-02  6.3032150E-02  5.7376266E-02
  5.1258385E-02  4.4727832E-02  3.7837416E-02  3.0641973E-02  2.3199884E-02
  1.5571356E-02  7.8169992E-03  0.0000000E+00 -7.8169992E-03 -1.5571355E-02
 -2.3199884E-02 -3.0641973E-02 -3.7837416E-02 -4.4727832E-02 -5.1258389E-02
 -5.7376273E-02 -6.3032150E-02 -6.8180352E-02 -7.2779767E-02 -7.6793239E-02
 -8.0188371E-02 -8.2937732E-02 -8.5019663E-02 -8.6416773E-02 -8.7118201E-02
  8.5437469E-02  8.4749565E-02  8.3379351E-02  8.1337735E-02  7.8641243E-02
  7.5311750E-02  7.1375638E-02  6.6865124E-02  6.1815981E-02  5.6269288E-02
  5.0269477E-02  4.3864995E-02  3.7107259E-02  3.0050874E-02  2.2752373E-02
  1.5270859E-02  7.6662595E-03  0.0000000E+00 -7.6662595E-03 -1.5270859E-02
 -2.2752373E-02 -3.0050874E-02 -3.7107259E-02 -4.3864995E-02 -5.0269477E-02
 -5.6269288E-02 -6.1815985E-02 -6.6865124E-02 -7.1375638E-02 -7.5311750E-02
 -7.8641243E-02 -8.1337735E-02 -8.3379351E-02 -8.4749565E-02 -8.5437462E-02
  8.3756737E-02  8.3082370E-02  8.1739068E-02  7.9737701E-02  7.7094257E-02
  7.3830128E-02  6.9971487E-02  6.5549754E-02  6.0599983E-02  5.5162281E-02
  4.9280588E-02  4.3002039E-02  3.6377344E-02  2.9459657E-02  2.2304865E-02
  1.4970362E-02  7.5155199E-03  0.0000000E+00 -7.5155199E-03 -1.4970362E-02
 -2.2304865E-02 -2.9459659E-02 -3.6377344E-02 -4.3002039E-02 -4.9280588E-02
 -5.5162281E-02 -6.0599983E-02 -6.5549761E-02 -6.9971487E-02 -7.3830128E-02
 -7.7094257E-02 -7.9737701E-02 -8.1739068E-02 -8.3082363E-02 -8.3756737E-02
  8.0955498E-02  8.0303699E-02  7.9005323E-02  7.7070840E-02  7.4515894E-02
  7.1360864E-02  6.7631371E-02  6.3357353E-02  5.8573276E-02  5.3317368E-02
  4.7632486E-02  4.1563779E-02  3.5160720E-02  2.8474391E-02  2.1558881E-02
  1.4469743E-02  7.2641373E-03  0.0000000E+00 -7.2641377E-03 -1.4469743E-02
 -2.1558881E-02 -2.8474391E-02 -3.5160720E-02 -4.1563779E-02 -4.7632486E-02
 -5.3317368E-02 -5.8573276E-02 -6.3357353E-02 -6.7631371E-02 -7.1360864E-02
 -7.4515894E-02 -7.7070840E-02 -7.9005323E-02 -8.0303706E-02 -8.0955505E-02
  7.7033781E-02  7.6413549E-02  7.5178072E-02  7.3337331E-02  7.0906125E-02
  6.7903996E-02  6.4355135E-02  6.0288087E-02  5.5735793E-02  5.0734460E-02
  4.5325011E-02  3.9550394E-02  3.3457372E-02  2.7094990E-02  2.0514639E-02
  1.3768733E-02  6.9122608E-03  0.0000000E+00 -6.9122608E-03 -1.3768733E-02
 -2.0514639E-02 -2.7094990E-02 -3.3457372E-02 -3.9550394E-02 -4.5325007E-02
 -5.0734460E-02 -5.5735789E-02 -6.0288087E-02 -6.4355135E-02 -6.7903996E-02
 -7.0906132E-02 -7.3337331E-02 -7.5178072E-02 -7.6413557E-02 -7.7033781E-02
  7.3112056E-02  7.2523393E-02  7.1350843E-02  6.9603831E-02  6.7296371E-02
  6.4447001E-02  6.1078873E-02  5.7218853E-02  5.2898403E-02  4.8151612E-02
  4.3017507E-02  3.7537005E-02  3.1754136E-02  2.5715472E-02  1.9470276E-02
  1.3067722E-02  6.5603852E-03  0.0000000E+00 -6.5603852E-03 -1.3067722E-02
 -1.9470274E-02 -2.5715472E-02 -3.1754136E-02 -3.7537009E-02 -4.3017507E-02
 -4.8151612E-02 -5.2898403E-02 -5.7218853E-02 -6.1078873E-02 -6.4447001E-02
 -6.7296371E-02 -6.9603823E-02 -7.1350843E-02 -7.2523393E-02 -7.3112056E-02
  6.9190331E-02  6.8633258E-02  6.7523591E-02  6.5870188E-02  6.3686624E-02
  6.0990132E-02  5.7802614E-02  5.4149631E-02  5.0060999E-02  4.5568764E-02
  4.0710121E-02  3.5523500E-02  3.0050755E-02  2.4336219E-02  1.8425761E-02
  1.2366741E-02  6.2085092E-03  0.0000000E+00 -6.2085092E-03 -1.2366741E-02
 -1.8425761E-02 -2.4336219E-02 -3.0050755E-02 -3.5523504E-02 -4.0710121E-02
 -4.5568764E-02 -5.0060999E-02 -5.4149631E-02 -5.7802614E-02 -6.0990132E-02
 -6.3686624E-02 -6.5870188E-02 -6.7523591E-02 -6.8633258E-02 -6.9190331E-02
  6.3867994E-02  6.3353792E-02  6.2329460E-02  6.0803246E-02  5.8787629E-02
  5.6298617E-02  5.3356260E-02  4.9984381E-02  4.6209991E-02  4.2063501E-02
  3.7578646E-02  3.2790869E-02  2.7739108E-02  2.2464367E-02  1.7008245E-02
  1.1415511E-02  5.7308674E-03  0.0000000E+00 -5.7308674E-03 -1.1415511E-02
 -1.7008245E-02 -2.2464365E-02 -2.7739108E-02 -3.2790869E-02 -3.7578642E-02
 -4.2063504E-02 -4.6209995E-02 -4.9984381E-02 -5.3356260E-02 -5.6298614E-02
 -5.8787629E-02 -6.0803249E-02 -6.2329471E-02 -6.3353784E-02 -6.3867994E-02
  5.7145048E-02  5.6684956E-02  5.5768479E-02  5.4402962E-02  5.2599430E-02
  5.0372358E-02  4.7739878E-02  4.4722889E-02  4.1345730E-02  3.7635881E-02
  3.3622891E-02  2.9339135E-02  2.4819344E-02  2.0099640E-02  1.5217871E-02
  1.0213882E-02  5.1276088E-03  0.0000000E+00 -5.1276092E-03 -1.0213882E-02
 -1.5217871E-02 -2.0099640E-02 -2.4819344E-02 -2.9339135E-02 -3.3622891E-02
 -3.7635881E-02 -4.1345734E-02 -4.4722889E-02 -4.7739875E-02 -5.0372358E-02
 -5.2599430E-02 -5.4402962E-02 -5.5768479E-02 -5.6684956E-02 -5.7145048E-02
  5.0422102E-02  5.0016154E-02  4.9207471E-02  4.8002616E-02  4.6411276E-02
  4.4446137E-02  4.2123500E-02  3.9461251E-02  3.6481619E-02  3.3208117E-02
  2.9667258E-02  2.5887519E-02  2.1899357E-02  1.7735004E-02  1.3427631E-02
  9.0121031E-03  4.5243800E-03  0.0000000E+00 -4.5243800E-03 -9.0121031E-03
 -1.3427631E-02 -1.7735004E-02 -2.1899357E-02 -2.5887519E-02 -2.9667256E-02
 -3.3208117E-02 -3.6481619E-02 -3.9461251E-02 -4.2123497E-02 -4.4446137E-02
 -4.6411276E-02 -4.8002612E-02 -4.9207471E-02 -5.0016157E-02 -5.0422102E-02
  4.3699160E-02  4.3347329E-02  4.2646471E-02  4.1602265E-02  4.0223099E-02
  3.8520020E-02  3.6506914E-02  3.4199882E-02  3.1617373E-02  2.8780369E-02
  2.5711622E-02  2.2435892E-02  1.8979371E-02  1.5370370E-02  1.1637256E-02
  7.8106071E-03  3.9211214E-03  0.0000000E+00 -3.9211209E-03 -7.8106071E-03
 -1.1637256E-02 -1.5370370E-02 -1.8979371E-02 -2.2435889E-02 -2.5711622E-02
 -2.8780371E-02 -3.1617373E-02 -3.4199882E-02 -3.6506910E-02 -3.8520016E-02
 -4.0223099E-02 -4.1602269E-02 -4.2646471E-02 -4.3347329E-02 -4.3699160E-02
  3.6976222E-02  3.6678486E-02  3.6085494E-02  3.5201911E-02  3.4034930E-02
  3.2593913E-02  3.0890401E-02  2.8938405E-02  2.6753113E-02  2.4352623E-02
  2.1755995E-02  1.8984139E-02  1.6059622E-02  1.3005614E-02  9.8468810E-03
  6.6091265E-03  3.3178625E-03  0.0000000E+00 -3.3178627E-03 -6.6091265E-03
 -9.8468801E-03 -1.3005614E-02 -1.6059622E-02 -1.8984139E-02 -2.1755993E-02
 -2.4352623E-02 -2.6753113E-02 -2.8938405E-02 -3.0890403E-02 -3.2593913E-02
 -3.4034934E-02 -3.5201915E-02 -3.6085490E-02 -3.6678486E-02 -3.6976226E-02
  3.0253276E-02  3.0009674E-02  2.9524492E-02  2.8801557E-02  2.7846768E-02
  2.6667738E-02  2.5274022E-02  2.3676798E-02  2.1888904E-02  1.9924872E-02
  1.7800400E-02  1.5532509E-02  1.3139620E-02  1.0640995E-02  8.0565074E-03
  5.4074968E-03  2.7146188E-03  0.0000000E+00 -2.7146190E-03 -5.4074968E-03
 -8.0565065E-03 -1.0640995E-02 -1.3139620E-02 -1.5532509E-02 -1.7800398E-02
 -1.9924873E-02 -2.1888904E-02 -2.3676798E-02 -2.5274022E-02 -2.6667738E-02
 -2.7846768E-02 -2.8801560E-02 -2.9524492E-02 -3.0009672E-02 -3.0253276E-02
  2.3530327E-02  2.3340862E-02  2.2963488E-02  2.2401212E-02  2.1658598E-02
  2.0741563E-02  1.9657575E-02  1.8415304E-02  1.7024720E-02  1.5497119E-02
  1.3844721E-02  1.2080892E-02  1.0219626E-02  8.2763582E-03  6.2661543E-03
  4.2058309E-03  2.1113756E-03  0.0000000E+00 -2.1113753E-03 -4.2058304E-03
 -6.2661543E-03 -8.2763582E-03 -1.0219627E-02 -1.2080893E-02 -1.3844721E-02
 -1.5497118E-02 -1.7024720E-02 -1.8415304E-02 -1.9657575E-02 -2.0741563E-02
 -2.1658603E-02 -2.2401216E-02 -2.2963488E-02 -2.3340862E-02 -2.3530323E-02
  1.6807374E-02  1.6672038E-02  1.6402500E-02  1.6000861E-02  1.5470424E-02
  1.4815412E-02  1.4041130E-02  1.3153773E-02  1.2160521E-02  1.1069369E-02
  9.8890848E-03  8.6291805E-03  7.2997953E-03  5.9116334E-03  4.4758762E-03
  3.0041190E-03  1.5081093E-03  0.0000000E+00 -1.5081093E-03 -3.0041188E-03
 -4.4758767E-03 -5.9116334E-03 -7.2997953E-03 -8.6291805E-03 -9.8890848E-03
 -1.1069369E-02 -1.2160521E-02 -1.3153773E-02 -1.4041130E-02 -1.4815411E-02
 -1.5470424E-02 -1.6000861E-02 -1.6402500E-02 -1.6672038E-02 -1.6807375E-02
  1.0084425E-02  1.0003225E-02  9.8414999E-03  9.6005136E-03  9.2822490E-03
  8.8892607E-03  8.4246788E-03  7.8922492E-03  7.2963238E-03  6.6416115E-03
  5.9334608E-03  5.1775044E-03  4.3798722E-03  3.5469867E-03  2.6855282E-03
  1.8024633E-03  9.0486184E-04  0.0000000E+00 -9.0486184E-04 -1.8024631E-03
 -2.6855282E-03 -3.5469867E-03 -4.3798718E-03 -5.1775053E-03 -5.9334598E-03
 -6.6416133E-03 -7.2963228E-03 -7.8922492E-03 -8.4246788E-03 -8.8892598E-03
 -9.2822490E-03 -9.6005127E-03 -9.8415017E-03 -1.0003225E-02 -1.0084425E-02
  3.3614747E-03  3.3344124E-03  3.2805002E-03  3.2001620E-03  3.0940874E-03
  2.9630868E-03  2.8082265E-03  2.6307497E-03  2.4321117E-03  2.2138637E-03
  1.9778237E-03  1.7258376E-03  1.4599524E-03  1.1823364E-03  8.9517608E-04
  6.0081109E-04  3.0162558E-04  0.0000000E+00 -3.0162558E-04 -6.0081109E-04
 -8.9517608E-04 -1.1823364E-03 -1.4599524E-03 -1.7258376E-03 -1.9778237E-03
 -2.2138637E-03 -2.4321117E-03 -2.6307497E-03 -2.8082265E-03 -2.9630868E-03
 -3.0940874E-03 -3.2001620E-03 -3.2805002E-03 -3.3344128E-03 -3.3614747E-03
  4.3699160E-02  4.3347325E-02  4.2646471E-02  4.1602269E-02  4.0223099E-02
  3.8520020E-02  3.6506914E-02  3.4199882E-02  3.1617373E-02  2.8780371E-02
  2.5711622E-02  2.2435892E-02  1.8979371E-02  1.5370370E-02  1.1637255E-02
  7.8106071E-03  3.9211209E-03  0.0000000E+00 -3.9211209E-03 -7.8106071E-03
 -1.1637256E-02 -1.5370370E-02 -1.8979369E-02 -2.2435892E-02 -2.5711622E-02
 -2.8780369E-02 -3.1617373E-02 -3.4199882E-02 -3.6506906E-02 -3.8520016E-02
 -4.0223099E-02 -4.1602269E-02 -4.2646468E-02 -4.3347329E-02 -4.3699160E-02
  5.0422102E-02  5.0016154E-02  4.9207471E-02  4.8002612E-02  4.6411276E-02
  4.4446137E-02  4.2123500E-02  3.9461255E-02  3.6481615E-02  3.3208117E-02
  2.9667256E-02  2.5887519E-02  2.1899357E-02  1.7735003E-02  1.3427631E-02
  9.0121031E-03  4.5243804E-03  0.0000000E+00 -4.5243800E-03 -9.0121031E-03
 -1.3427631E-02 -1.7735004E-02 -2.1899357E-02 -2.5887519E-02 -2.9667258E-02
 -3.3208117E-02 -3.6481619E-02 -3.9461255E-02 -4.2123500E-02 -4.4446137E-02
 -4.6411276E-02 -4.8002612E-02 -4.9207471E-02 -5.0016154E-02 -5.0422102E-02
  5.7145048E-02  5.6684956E-02  5.5768479E-02  5.4402962E-02  5.2599430E-02
  5.0372362E-02  4.7739875E-02  4.4722889E-02  4.1345730E-02  3.7635874E-02
  3.3622891E-02  2.9339133E-02  2.4819346E-02  2.0099640E-02  1.5217871E-02
  1.0213882E-02  5.1276088E-03  0.0000000E+00 -5.1276083E-03 -1.0213882E-02
 -1.5217871E-02 -2.0099640E-02 -2.4819346E-02 -2.9339135E-02 -3.3622891E-02
 -3.7635874E-02 -4.1345730E-02 -4.4722889E-02 -4.7739878E-02 -5.0372358E-02
 -5.2599430E-02 -5.4402962E-02 -5.5768479E-02 -5.6684963E-02 -5.7145048E-02
  6.3867994E-02  6.3353784E-02  6.2329467E-02  6.0803246E-02  5.8787629E-02
  5.6298617E-02  5.3356260E-02  4.9984381E-02  4.6209995E-02  4.2063501E-02
  3.7578642E-02  3.2790869E-02  2.7739108E-02  2.2464365E-02  1.7008245E-02
  1.1415511E-02  5.7308674E-03  0.0000000E+00 -5.7308674E-03 -1.1415512E-02
 -1.7008245E-02 -2.2464367E-02 -2.7739108E-02 -3.2790869E-02 -3.7578642E-02
 -4.2063501E-02 -4.6209995E-02 -4.9984381E-02 -5.3356260E-02 -5.6298614E-02
 -5.8787629E-02 -6.0803249E-02 -6.2329460E-02 -6.3353792E-02 -6.3867994E-02
  6.9190331E-02  6.8633258E-02  6.7523591E-02  6.5870188E-02  6.3686624E-02
  6.0990132E-02  5.7802614E-02  5.4149631E-02  5.0060999E-02  4.5568764E-02
  4.0710121E-02  3.5523504E-02  3.0050755E-02  2.4336219E-02  1.8425761E-02
  1.2366741E-02  6.2085092E-03  0.0000000E+00 -6.2085092E-03 -1.2366741E-02
 -1.8425761E-02 -2.4336219E-02 -3.0050755E-02 -3.5523500E-02 -4.0710121E-02
 -4.5568764E-02 -5.0060999E-02 -5.4149635E-02 -5.7802614E-02 -6.0990132E-02
 -6.3686624E-02 -6.5870188E-02 -6.7523591E-02 -6.8633258E-02 -6.9190331E-02
  7.3112056E-02  7.2523393E-02  7.1350843E-02  6.9603831E-02  6.7296371E-02
  6.4447001E-02  6.1078876E-02  5.7218853E-02  5.2898403E-02  4.8151612E-02
  4.3017510E-02  3.7537005E-02  3.1754136E-02  2.5715472E-02  1.9470276E-02
  1.3067722E-02  6.5603852E-03  0.0000000E+00 -6.5603848E-03 -1.3067722E-02
 -1.9470276E-02 -2.5715472E-02 -3.1754136E-02 -3.7537005E-02 -4.3017507E-02
 -4.8151612E-02 -5.2898403E-02 -5.7218853E-02 -6.1078876E-02 -6.4447001E-02
 -6.7296371E-02 -6.9603831E-02 -7.1350843E-02 -7.2523393E-02 -7.3112056E-02
  7.7033781E-02  7.6413557E-02  7.5178072E-02  7.3337331E-02  7.0906132E-02
  6.7903996E-02  6.4355135E-02  6.0288087E-02  5.5735789E-02  5.0734460E-02
  4.5325011E-02  3.9550394E-02  3.3457372E-02  2.7094990E-02  2.0514639E-02
  1.3768733E-02  6.9122608E-03  0.0000000E+00 -6.9122608E-03 -1.3768733E-02
 -2.0514639E-02 -2.7094990E-02 -3.3457372E-02 -3.9550394E-02 -4.5325011E-02
 -5.0734460E-02 -5.5735793E-02 -6.0288094E-02 -6.4355142E-02 -6.7903996E-02
 -7.0906125E-02 -7.3337331E-02 -7.5178072E-02 -7.6413549E-02 -7.7033781E-02
  8.0955505E-02  8.0303706E-02  7.9005323E-02  7.7070840E-02  7.4515894E-02
  7.1360864E-02  6.7631371E-02  6.3357353E-02  5.8573276E-02  5.3317368E-02
  4.7632486E-02  4.1563779E-02  3.5160720E-02  2.8474391E-02  2.1558881E-02
  1.4469743E-02  7.2641373E-03  0.0000000E+00 -7.2641368E-03 -1.4469743E-02
 -2.1558881E-02 -2.8474391E-02 -3.5160720E-02 -4.1563779E-02 -4.7632486E-02
 -5.3317368E-02 -5.8573276E-02 -6.3357346E-02 -6.7631371E-02 -7.1360864E-02
 -7.4515894E-02 -7.7070840E-02 -7.9005323E-02 -8.0303699E-02 -8.0955498E-02
  8.3756737E-02  8.3082363E-02  8.1739068E-02  7.9737701E-02  7.7094257E-02
  7.3830128E-02  6.9971487E-02  6.5549761E-02  6.0599983E-02  5.5162281E-02
  4.9280588E-02  4.3002039E-02  3.6377344E-02  2.9459659E-02  2.2304865E-02
  1.4970362E-02  7.5155199E-03  0.0000000E+00 -7.5155199E-03 -1.4970362E-02
 -2.2304861E-02 -2.9459657E-02 -3.6377344E-02 -4.3002039E-02 -4.9280588E-02
 -5.5162281E-02 -6.0599983E-02 -6.5549761E-02 -6.9971487E-02 -7.3830128E-02
 -7.7094257E-02 -7.9737701E-02 -8.1739068E-02 -8.3082370E-02 -8.3756737E-02
  8.5437462E-02  8.4749565E-02  8.3379351E-02  8.1337735E-02  7.8641243E-02
  7.5311750E-02  7.1375638E-02  6.6865124E-02  6.1815985E-02  5.6269288E-02
  5.0269477E-02  4.3864995E-02  3.7107259E-02  3.0050874E-02  2.2752373E-02
  1.5270861E-02  7.6662595E-03  0.0000000E+00 -7.6662595E-03 -1.5270859E-02
 -2.2752373E-02 -3.0050874E-02 -3.7107259E-02 -4.3864995E-02 -5.0269477E-02
 -5.6269288E-02 -6.1815981E-02 -6.6865124E-02 -7.1375638E-02 -7.5311750E-02
 -7.8641243E-02 -8.1337735E-02 -8.3379351E-02 -8.4749565E-02 -8.5437462E-02
  8.7118201E-02  8.6416773E-02  8.5019663E-02  8.2937740E-02  8.0188371E-02
  7.6793239E-02  7.2779767E-02  6.8180352E-02  6.3032150E-02  5.7376273E-02
  5.1258389E-02  4.4727832E-02  3.7837416E-02  3.0641973E-02  2.3199884E-02
  1.5571355E-02  7.8169992E-03  0.0000000E+00 -7.8169992E-03 -1.5571356E-02
 -2.3199884E-02 -3.0641973E-02 -3.7837416E-02 -4.4727832E-02 -5.1258385E-02
 -5.7376273E-02 -6.3032150E-02 -6.8180352E-02 -7.2779767E-02 -7.6793239E-02
 -8.0188371E-02 -8.2937732E-02 -8.5019663E-02 -8.6416773E-02 -8.7118201E-02
  8.8798925E-02  8.8083997E-02  8.6659826E-02  8.4537864E-02  8.1735507E-02
  7.8274764E-02  7.4183851E-02  6.9495767E-02  6.4248145E-02  5.8483243E-02
  5.2247260E-02  4.5590729E-02  3.8567394E-02  3.1233100E-02  2.3647636E-02
  1.5871616E-02  7.9678604E-03  0.0000000E+00 -7.9678604E-03 -1.5871616E-02
 -2.3647636E-02 -3.1233098E-02 -3.8567394E-02 -4.5590729E-02 -5.2247260E-02
 -5.8483247E-02 -6.4248152E-02 -6.9495767E-02 -7.4183851E-02 -7.8274757E-02
 -8.1735507E-02 -8.4537856E-02 -8.6659826E-02 -8.8083997E-02 -8.8798925E-02
  8.8798925E-02  8.8083997E-02  8.6659826E-02  8.4537856E-02  8.1735507E-02
  7.8274757E-02  7.4183851E-02  6.9495767E-02  6.4248152E-02  5.8483247E-02
  5.2247260E-02  4.5590729E-02  3.8567394E-02  3.1233098E-02  2.3647636E-02
  1.5871614E-02  7.9678604E-03  0.0000000E+00 -7.9678604E-03 -1.5871614E-02
 -2.3647636E-02 -3.1233100E-02 -3.8567394E-02 -4.5590729E-02 -5.2247260E-02
 -5.8483243E-02 -6.4248145E-02 -6.9495767E-02 -7.4183851E-02 -7.8274764E-02
 -8.1735507E-02 -8.4537864E-02 -8.6659826E-02 -8.8083997E-02 -8.8798925E-02
  8.7118201E-02  8.6416773E-02  8.5019663E-02  8.2937732E-02  8.0188371E-02
  7.6793239E-02  7.2779767E-02  6.8180352E-02  6.3032150E-02  5.7376266E-02
  5.1258385E-02  4.4727832E-02  3.7837416E-02  3.0641973E-02  2.3199884E-02
  1.5571356E-02  7.8169992E-03  0.0000000E+00 -7.8169992E-03 -1.5571355E-02
 -2.3199884E-02 -3.0641973E-02 -3.7837416E-02 -4.4727832E-02 -5.1258389E-02
 -5.7376273E-02 -6.3032150E-02 -6.8180352E-02 -7.2779767E-02 -7.6793239E-02
 -8.0188371E-02 -8.2937732E-02 -8.5019663E-02 -8.6416773E-02 -8.7118201E-02
  8.5437469E-02  8.4749565E-02  8.3379351E-02  8.1337735E-02  7.8641243E-02
  7.5311750E-02  7.1375638E-02  6.6865124E-02  6.1815981E-02  5.6269288E-02
  5.0269477E-02  4.3864995E-02  3.7107259E-02  3.0050874E-02  2.2752373E-02
  1.5270859E-02  7.6662595E-03  0.0000000E+00 -7.6662595E-03 -1.5270859E-02
 -2.2752373E-02 -3.0050874E-02 -3.7107259E-02 -4.3864995E-02 -5.0269477E-02
 -5.6269288E-02 -6.1815985E-02 -6.6865124E-02 -7.1375638E-02 -7.5311750E-02
 -7.8641243E-02 -8.1337735E-02 -8.3379351E-02 -8.4749565E-02 -8.5437462E-02
  8.3756737E-02  8.3082370E-02  8.1739068E-02  7.9737701E-02  7.7094257E-02
  7.3830128E-02  6.9971487E-02  6.5549754E-02  6.0599983E-02  5.5162281E-02
  4.9280588E-02  4.3002039E-02  3.6377344E-02  2.9459657E-02  2.2304865E-02
  1.4970362E-02  7.5155199E-03  0.0000000E+00 -7.5155199E-03 -1.4970362E-02
 -2.2304865E-02 -2.9459659E-02 -3.6377344E-02 -4.3002039E-02 -4.9280588E-02
 -5.5162281E-02 -6.0599983E-02 -6.5549761E-02 -6.9971487E-02 -7.3830128E-02
 -7.7094257E-02 -7.9737701E-02 -8.1739068E-02 -8.3082363E-02 -8.3756737E-02
  8.0955498E-02  8.0303699E-02  7.9005323E-02  7.7070840E-02  7.4515894E-02
  7.1360864E-02  6.7631371E-02  6.3357353E-02  5.8573276E-02  5.3317368E-02
  4.7632486E-02  4.1563779E-02  3.5160720E-02  2.8474391E-02  2.1558881E-02
  1.4469743E-02  7.2641373E-03  0.0000000E+00 -7.2641377E-03 -1.4469743E-02
 -2.1558881E-02 -2.8474391E-02 -3.5160720E-02 -4.1563779E-02 -4.7632486E-02
 -5.3317368E-02 -5.8573276E-02 -6.3357353E-02 -6.7631371E-02 -7.1360864E-02
 -7.4515894E-02 -7.7070840E-02 -7.9005323E-02 -8.0303706E-02 -8.0955505E-02
  7.7033781E-02  7.6413549E-02  7.5178072E-02  7.3337331E-02  7.0906125E-02
  6.7903996E-02  6.4355135E-02  6.0288087E-02  5.5735793E-02  5.0734460E-02
  4.5325011E-02  3.9550394E-02  3.3457372E-02  2.7094990E-02  2.0514639E-02
  1.3768733E-02  6.9122608E-03  0.0000000E+00 -6.9122608E-03 -1.3768733E-02
 -2.0514639E-02 -2.7094990E-02 -3.3457372E-02 -3.9550394E-02 -4.5325007E-02
 -5.0734460E-02 -5.5735789E-02 -6.0288087E-02 -6.4355135E-02 -6.7903996E-02
 -7.0906132E-02 -7.3337331E-02 -7.5178072E-02 -7.6413557E-02 -7.7033781E-02
  7.3112056E-02  7.2523393E-02  7.1350843E-02  6.9603831E-02  6.7296371E-02
  6.4447001E-02  6.1078873E-02  5.7218853E-02  5.2898403E-02  4.8151612E-02
  4.3017507E-02  3.7537005E-02  3.1754136E-02  2.5715472E-02  1.9470276E-02
  1.3067722E-02  6.5603852E-03  0.0000000E+00 -6.5603852E-03 -1.3067722E-02
 -1.9470274E-02 -2.5715472E-02 -3.1754136E-02 -3.7537009E-02 -4.3017507E-02
 -4.8151612E-02 -5.2898403E-02 -5.7218853E-02 -6.1078873E-02 -6.4447001E-02
 -6.7296371E-02 -6.9603823E-02 -7.1350843E-02 -7.2523393E-02 -7.3112056E-02
  6.9190331E-02  6.8633258E-02  6.7523591E-02  6.5870188E-02  6.3686624E-02
  6.0990132E-02  5.7802614E-02  5.4149631E-02  5.0060999E-02  4.5568764E-02
  4.0710121E-02  3.5523500E-02  3.0050755E-02  2.4336219E-02  1.8425761E-02
  1.2366741E-02  6.2085092E-03  0.0000000E+00 -6.2085092E-03 -1.2366741E-02
 -1.8425761E-02 -2.4336219E-02 -3.0050755E-02 -3.5523504E-02 -4.0710121E-02
 -4.5568764E-02 -5.0060999E-02 -5.4149631E-02 -5.7802614E-02 -6.0990132E-02
 -6.3686624E-02 -6.5870188E-02 -6.7523591E-02 -6.8633258E-02 -6.9190331E-02
  6.3867994E-02  6.3353792E-02  6.2329460E-02  6.0803246E-02  5.8787629E-02
  5.6298617E-02  5.3356260E-02  4.9984381E-02  4.6209991E-02  4.2063501E-02
  3.7578646E-02  3.2790869E-02  2.7739108E-02  2.2464367E-02  1.7008245E-02
  1.1415511E-02  5.7308674E-03  0.0000000E+00 -5.7308674E-03 -1.1415511E-02
 -1.7008245E-02 -2.2464365E-02 -2.7739108E-02 -3.2790869E-02 -3.7578642E-02
 -4.2063504E-02 -4.6209995E-02 -4.9984381E-02 -5.3356260E-02 -5.6298614E-02
 -5.8787629E-02 -6.0803249E-02 -6.2329471E-02 -6.3353784E-02 -6.3867994E-02
  5.7145048E-02  5.6684956E-02  5.5768479E-02  5.4402962E-02  5.2599430E-02
  5.0372358E-02  4.7739878E-02  4.4722889E-02  4.1345730E-02  3.7635881E-02
  3.3622891E-02  2.9339135E-02  2.4819344E-02  2.0099640E-02  1.5217871E-02
  1.0213882E-02  5.1276088E-03  0.0000000E+00 -5.1276092E-03 -1.0213882E-02
 -1.5217871E-02 -2.0099640E-02 -2.4819344E-02 -2.9339135E-02 -3.3622891E-02
 -3.7635881E-02 -4.1345734E-02 -4.4722889E-02 -4.7739875E-02 -5.0372358E-02
 -5.2599430E-02 -5.4402962E-02 -5.5768479E-02 -5.6684956E-02 -5.7145048E-02
  5.0422102E-02  5.0016154E-02  4.9207471E-02  4.8002616E-02  4.6411276E-02
  4.4446137E-02  4.2123500E-02  3.9461251E-02  3.6481619E-02  3.3208117E-02
  2.9667258E-02  2.5887519E-02  2.1899357E-02  1.7735004E-02  1.3427631E-02
  9.0121031E-03  4.5243800E-03  0.0000000E+00 -4.5243800E-03 -9.0121031E-03
 -1.3427631E-02 -1.7735004E-02 -2.1899357E-02 -2.5887519E-02 -2.9667256E-02
 -3.3208117E-02 -3.6481619E-02 -3.9461251E-02 -4.2123497E-02 -4.4446137E-02
 -4.6411276E-02 -4.8002612E-02 -4.9207471E-02 -5.0016157E-02 -5.0422102E-02
  4.3699160E-02  4.3347329E-02  4.2646471E-02  4.1602265E-02  4.0223099E-02
  3.8520020E-02  3.6506914E-02  3.4199882E-02  3.1617373E-02  2.8780369E-02
  2.5711622E-02  2.2435892E-02  1.8979371E-02  1.5370370E-02  1.1637256E-02
  7.8106071E-03  3.9211214E-03  0.0000000E+00 -3.9211209E-03 -7.8106071E-03
 -1.1637256E-02 -1.5370370E-02 -1.8979371E-02 -2.2435889E-02 -2.5711622E-02
 -2.8780371E-02 -3.1617373E-02 -3.4199882E-02 -3.6506910E-02 -3.8520016E-02
 -4.0223099E-02 -4.1602269E-02 -4.2646471E-02 -4.3347329E-02 -4.3699160E-02
  3.6976222E-02  3.6678486E-02  3.6085494E-02  3.5201911E-02  3.4034930E-02
  3.2593913E-02  3.0890401E-02  2.8938405E-02  2.6753113E-02  2.4352623E-02
  2.1755995E-02  1.8984139E-02  1.6059622E-02  1.3005614E-02  9.8468810E-03
  6.6091265E-03  3.3178625E-03  0.0000000E+00 -3.3178627E-03 -6.6091265E-03
 -9.8468801E-03 -1.3005614E-02 -1.6059622E-02 -1.8984139E-02 -2.1755993E-02
 -2.4352623E-02 -2.6753113E-02 -2.8938405E-02 -3.0890403E-02 -3.2593913E-02
 -3.4034934E-02 -3.5201915E-02 -3.6085490E-02 -3.6678486E-02 -3.6976226E-02
  3.0253276E-02  3.0009674E-02  2.9524492E-02  2.8801557E-02  2.7846768E-02
  2.6667738E-02  2.5274022E-02  2.3676798E-02  2.1888904E-02  1.9924872E-02
  1.7800400E-02  1.5532509E-02  1.3139620E-02  1.0640995E-02  8.0565074E-03
  5.4074968E-03  2.7146188E-03  0.0000000E+00 -2.7146190E-03 -5.4074968E-03
 -8.0565065E-03 -1.0640995E-02 -1.3139620E-02 -1.5532509E-02 -1.7800398E-02
 -1.9924873E-02 -2.1888904E-02 -2.3676798E-02 -2.5274022E-02 -2.6667738E-02
 -2.7846768E-02 -2.8801560E-02 -2.9524492E-02 -3.0009672E-02 -3.0253276E-02
  2.3530327E-02  2.3340862E-02  2.2963488E-02  2.2401212E-02  2.1658598E-02
  2.0741563E-02  1.9657575E-02  1.8415304E-02  1.7024720E-02  1.5497119E-02
  1.3844721E-02  1.2080892E-02  1.0219626E-02  8.2763582E-03  6.2661543E-03
  4.2058309E-03  2.1113756E-03  0.0000000E+00 -2.1113753E-03 -4.2058304E-03
 -6.2661543E-03 -8.2763582E-03 -1.0219627E-02 -1.2080893E-02 -1.3844721E-02
 -1.5497118E-02 -1.7024720E-02 -1.8415304E-02 -1.9657575E-02 -2.0741563E-02
 -2.1658603E-02 -2.2401216E-02 -2.2963488E-02 -2.3340862E-02 -2.3530323E-02
  1.6807374E-02  1.6672038E-02  1.6402500E-02  1.6000861E-02  1.5470424E-02
  1.4815412E-02  1.4041130E-02  1.3153773E-02  1.2160521E-02  1.1069369E-02
  9.8890848E-03  8.6291805E-03  7.2997953E-03  5.9116334E-03  4.4758762E-03
  3.0041190E-03  1.5081093E-03  0.0000000E+00 -1.5081093E-03 -3.0041188E-03
 -4.4758767E-03 -5.9116334E-03 -7.2997953E-03 -8.6291805E-03 -9.8890848E-03
 -1.1069369E-02 -1.2160521E-02 -1.3153773E-02 -1.4041130E-02 -1.4815411E-02
 -1.5470424E-02 -1.6000861E-02 -1.6402500E-02 -1.6672038E-02 -1.6807375E-02
  1.0084425E-02  1.0003225E-02  9.8414999E-03  9.6005136E-03  9.2822490E-03
  8.8892607E-03  8.4246788E-03  7.8922492E-03  7.2963238E-03  6.6416115E-03
  5.9334608E-03  5.1775044E-03  4.3798722E-03  3.5469867E-03  2.6855282E-03
  1.8024633E-03  9.0486184E-04  0.0000000E+00 -9.0486184E-04 -1.8024631E-03
 -2.6855282E-03 -3.5469867E-03 -4.3798718E-03 -5.1775053E-03 -5.9334598E-03
 -6.6416133E-03 -7.2963228E-03 -7.8922492E-03 -8.4246788E-03 -8.8892598E-03
 -9.2822490E-03 -9.6005127E-03 -9.8415017E-03 -1.0003225E-02 -1.0084425E-02
  3.3614747E-03  3.3344124E-03  3.2805002E-03  3.2001620E-03  3.0940874E-03
  2.9630868E-03  2.8082265E-03  2.6307497E-03  2.4321117E-03  2.2138637E-03
  1.9778237E-03  1.7258376E-03  1.4599524E-03  1.1823364E-03  8.9517608E-04
  6.0081109E-04  3.0162558E-04  0.0000000E+00 -3.0162558E-04 -6.0081109E-04
 -8.9517608E-04 -1.1823364E-03 -1.4599524E-03 -1.7258376E-03 -1.9778237E-03
 -2.2138637E-03 -2.4321117E-03 -2.6307497E-03 -2.8082265E-03 -2.9630868E-03
 -3.0940874E-03 -3.2001620E-03 -3.2805002E-03 -3.3344128E-03 -3.3614747E-03
  5.2438963E-02  5.2438997E-02  5.2439000E-02  5.2438963E-02  5.2438952E-02
  5.2438948E-02  5.2438859E-02  5.2439056E-02  5.2438863E-02  5.2438941E-02
  5.2439049E-02  5.2439094E-02  5.2438941E-02  5.2439015E-02  5.2439015E-02
  5.2438945E-02  5.2438829E-02  5.2438814E-02  5.2438829E-02  5.2438948E-02
  5.2439019E-02  5.2439019E-02  5.2438937E-02  5.2439094E-02  5.2439049E-02
  5.2438937E-02  5.2438863E-02  5.2439056E-02  5.2438855E-02  5.2438945E-02
  5.2438952E-02  5.2438967E-02  5.2439000E-02  5.2439000E-02  5.2438963E-02
  6.0506500E-02  6.0506508E-02  6.0506523E-02  6.0506590E-02  6.0506534E-02
  6.0506437E-02  6.0506642E-02  6.0506560E-02  6.0506649E-02  6.0506482E-02
  6.0506627E-02  6.0506508E-02  6.0506556E-02  6.0506646E-02  6.0506504E-02
  6.0506485E-02  6.0506579E-02  6.0506567E-02  6.0506575E-02  6.0506482E-02
  6.0506511E-02  6.0506646E-02  6.0506552E-02  6.0506508E-02  6.0506638E-02
  6.0506482E-02  6.0506657E-02  6.0506560E-02  6.0506642E-02  6.0506437E-02
  6.0506526E-02  6.0506590E-02  6.0506519E-02  6.0506508E-02  6.0506500E-02
  6.8574138E-02  6.8574183E-02  6.8574131E-02  6.8574056E-02  6.8574071E-02
  6.8574086E-02  6.8574123E-02  6.8574041E-02  6.8574101E-02  6.8573907E-02
  6.8573937E-02  6.8574108E-02  6.8574019E-02  6.8574116E-02  6.8573982E-02
  6.8574019E-02  6.8574078E-02  6.8574056E-02  6.8574086E-02  6.8574019E-02
  6.8573974E-02  6.8574116E-02  6.8574019E-02  6.8574108E-02  6.8573937E-02
  6.8573907E-02  6.8574093E-02  6.8574041E-02  6.8574131E-02  6.8574071E-02
  6.8574071E-02  6.8574056E-02  6.8574131E-02  6.8574190E-02  6.8574138E-02
  7.6641537E-02  7.6641575E-02  7.6641619E-02  7.6641649E-02  7.6641724E-02
  7.6641694E-02  7.6641560E-02  7.6641619E-02  7.6641537E-02  7.6641686E-02
  7.6641515E-02  7.6641724E-02  7.6641470E-02  7.6641664E-02  7.6641664E-02
  7.6641664E-02  7.6641627E-02  7.6641649E-02  7.6641634E-02  7.6641671E-02
  7.6641664E-02  7.6641664E-02  7.6641470E-02  7.6641724E-02  7.6641515E-02
  7.6641686E-02  7.6641537E-02  7.6641619E-02  7.6641560E-02  7.6641694E-02
  7.6641724E-02  7.6641664E-02  7.6641619E-02  7.6641567E-02  7.6641545E-02
  4.8433177E-02  4.8433114E-02  4.8433058E-02  4.8433103E-02  4.8433237E-02
  4.8433241E-02  4.8433207E-02  4.8433207E-02  4.8433278E-02  4.8433293E-02
  4.8433270E-02  4.8433203E-02  4.8433296E-02  4.8433136E-02  4.8433099E-02
  4.8433173E-02  4.8433267E-02  4.8433289E-02  4.8433267E-02  4.8433173E-02
  4.8433099E-02  4.8433136E-02  4.8433296E-02  4.8433192E-02  4.8433270E-02
  4.8433289E-02  4.8433281E-02  4.8433218E-02  4.8433214E-02  4.8433241E-02
  4.8433233E-02  4.8433103E-02  4.8433058E-02  4.8433114E-02  4.8433177E-02
  5.1178493E-02  5.1178548E-02  5.1178556E-02  5.1178526E-02  5.1178586E-02
  5.1178481E-02  5.1178444E-02  5.1178496E-02  5.1178500E-02  5.1178340E-02
  5.1178347E-02  5.1178411E-02  5.1178444E-02  5.1178385E-02  5.1178601E-02
  5.1178623E-02  5.1178571E-02  5.1178500E-02  5.1178571E-02  5.1178623E-02
  5.1178601E-02  5.1178385E-02  5.1178444E-02  5.1178411E-02  5.1178347E-02
  5.1178340E-02  5.1178500E-02  5.1178496E-02  5.1178444E-02  5.1178481E-02
  5.1178582E-02  5.1178526E-02  5.1178563E-02  5.1178548E-02  5.1178493E-02
  5.3923588E-02  5.3923614E-02  5.3923637E-02  5.3923536E-02  5.3923529E-02
  5.3923607E-02  5.3923614E-02  5.3923637E-02  5.3923666E-02  5.3923652E-02
  5.3923875E-02  5.3923726E-02  5.3923510E-02  5.3923544E-02  5.3923640E-02
  5.3923544E-02  5.3923670E-02  5.3923707E-02  5.3923670E-02  5.3923544E-02
  5.3923644E-02  5.3923544E-02  5.3923510E-02  5.3923726E-02  5.3923875E-02
  5.3923652E-02  5.3923670E-02  5.3923637E-02  5.3923618E-02  5.3923614E-02
  5.3923521E-02  5.3923544E-02  5.3923637E-02  5.3923611E-02  5.3923588E-02
  5.6668952E-02  5.6668822E-02  5.6668784E-02  5.6668893E-02  5.6668948E-02
  5.6668933E-02  5.6668825E-02  5.6668729E-02  5.6668743E-02  5.6668665E-02
  5.6668695E-02  5.6668781E-02  5.6668945E-02  5.6668997E-02  5.6668848E-02
  5.6668755E-02  5.6668688E-02  5.6668609E-02  5.6668691E-02  5.6668755E-02
  5.6668848E-02  5.6668989E-02  5.6668945E-02  5.6668781E-02  5.6668695E-02
  5.6668658E-02  5.6668743E-02  5.6668717E-02  5.6668822E-02  5.6668933E-02
  5.6668948E-02  5.6668893E-02  5.6668784E-02  5.6668818E-02  5.6668948E-02
  2.5127010E-02  2.5127066E-02  2.5127007E-02  2.5127040E-02  2.5126945E-02
  2.5126811E-02  2.5126956E-02  2.5127193E-02  2.5127150E-02  2.5127109E-02
  2.5127094E-02  2.5127044E-02  2.5126919E-02  2.5126843E-02  2.5127027E-02
  2.5127027E-02  2.5127066E-02  2.5127174E-02  2.5127068E-02  2.5127027E-02
  2.5127027E-02  2.5126839E-02  2.5126919E-02  2.5127044E-02  2.5127092E-02
  2.5127109E-02  2.5127150E-02  2.5127193E-02  2.5126956E-02  2.5126811E-02
  2.5126945E-02  2.5127040E-02  2.5127007E-02  2.5127068E-02  2.5127010E-02
  2.5631189E-02  2.5631279E-02  2.5631292E-02  2.5631143E-02  2.5631201E-02
  2.5631292E-02  2.5631223E-02  2.5631124E-02  2.5631066E-02  2.5631122E-02
  2.5631214E-02  2.5631264E-02  2.5631355E-02  2.5631428E-02  2.5631232E-02
  2.5631296E-02  2.5631286E-02  2.5631070E-02  2.5631286E-02  2.5631294E-02
  2.5631234E-02  2.5631424E-02  2.5631355E-02  2.5631264E-02  2.5631214E-02
  2.5631122E-02  2.5631065E-02  2.5631124E-02  2.5631223E-02  2.5631292E-02
  2.5631199E-02  2.5631143E-02  2.5631292E-02  2.5631279E-02  2.5631189E-02
  2.6135452E-02  2.6135463E-02  2.6135506E-02  2.6135454E-02  2.6135607E-02
  2.6135672E-02  2.6135638E-02  2.6135568E-02  2.6135657E-02  2.6135609E-02
  2.6135545E-02  2.6135501E-02  2.6135551E-02  2.6135536E-02  2.6135512E-02
  2.6135482E-02  2.6135501E-02  2.6135627E-02  2.6135501E-02  2.6135484E-02
  2.6135512E-02  2.6135536E-02  2.6135551E-02  2.6135501E-02  2.6135543E-02
  2.6135609E-02  2.6135659E-02  2.6135566E-02  2.6135638E-02  2.6135672E-02
  2.6135607E-02  2.6135452E-02  2.6135506E-02  2.6135463E-02  2.6135452E-02
  2.6639668E-02  2.6639562E-02  2.6639491E-02  2.6639465E-02  2.6639480E-02
  2.6639406E-02  2.6639538E-02  2.6639692E-02  2.6639707E-02  2.6639661E-02
  2.6639562E-02  2.6639666E-02  2.6639709E-02  2.6639484E-02  2.6639706E-02
  2.6639733E-02  2.6639562E-02  2.6639510E-02  2.6639564E-02  2.6639733E-02
  2.6639706E-02  2.6639482E-02  2.6639709E-02  2.6639666E-02  2.6639564E-02
  2.6639665E-02  2.6639709E-02  2.6639694E-02  2.6639538E-02  2.6639404E-02
  2.6639480E-02  2.6639463E-02  2.6639491E-02  2.6639562E-02  2.6639668E-02
 -2.6639665E-02 -2.6639562E-02 -2.6639491E-02 -2.6639463E-02 -2.6639480E-02
 -2.6639404E-02 -2.6639538E-02 -2.6639694E-02 -2.6639707E-02 -2.6639665E-02
 -2.6639562E-02 -2.6639666E-02 -2.6639709E-02 -2.6639482E-02 -2.6639709E-02
 -2.6639732E-02 -2.6639562E-02 -2.6639510E-02 -2.6639564E-02 -2.6639732E-02
 -2.6639706E-02 -2.6639484E-02 -2.6639709E-02 -2.6639666E-02 -2.6639564E-02
 -2.6639661E-02 -2.6639707E-02 -2.6639694E-02 -2.6639538E-02 -2.6639406E-02
 -2.6639480E-02 -2.6639465E-02 -2.6639491E-02 -2.6639562E-02 -2.6639665E-02
 -2.6135452E-02 -2.6135463E-02 -2.6135506E-02 -2.6135452E-02 -2.6135607E-02
 -2.6135672E-02 -2.6135638E-02 -2.6135566E-02 -2.6135657E-02 -2.6135607E-02
 -2.6135543E-02 -2.6135501E-02 -2.6135551E-02 -2.6135540E-02 -2.6135512E-02
 -2.6135484E-02 -2.6135501E-02 -2.6135629E-02 -2.6135501E-02 -2.6135482E-02
 -2.6135512E-02 -2.6135540E-02 -2.6135551E-02 -2.6135501E-02 -2.6135545E-02
 -2.6135609E-02 -2.6135657E-02 -2.6135566E-02 -2.6135638E-02 -2.6135674E-02
 -2.6135607E-02 -2.6135452E-02 -2.6135506E-02 -2.6135463E-02 -2.6135452E-02
 -2.5631191E-02 -2.5631279E-02 -2.5631292E-02 -2.5631143E-02 -2.5631199E-02
 -2.5631292E-02 -2.5631223E-02 -2.5631124E-02 -2.5631065E-02 -2.5631122E-02
 -2.5631214E-02 -2.5631264E-02 -2.5631355E-02 -2.5631424E-02 -2.5631234E-02
 -2.5631294E-02 -2.5631286E-02 -2.5631070E-02 -2.5631286E-02 -2.5631294E-02
 -2.5631234E-02 -2.5631424E-02 -2.5631355E-02 -2.5631266E-02 -2.5631214E-02
 -2.5631122E-02 -2.5631066E-02 -2.5631124E-02 -2.5631223E-02 -2.5631292E-02
 -2.5631199E-02 -2.5631143E-02 -2.5631292E-02 -2.5631279E-02 -2.5631189E-02
 -2.5127010E-02 -2.5127068E-02 -2.5127007E-02 -2.5127040E-02 -2.5126945E-02
 -2.5126811E-02 -2.5126956E-02 -2.5127193E-02 -2.5127150E-02 -2.5127107E-02
 -2.5127089E-02 -2.5127044E-02 -2.5126919E-02 -2.5126839E-02 -2.5127027E-02
 -2.5127027E-02 -2.5127066E-02 -2.5127174E-02 -2.5127068E-02 -2.5127027E-02
 -2.5127027E-02 -2.5126843E-02 -2.5126919E-02 -2.5127044E-02 -2.5127092E-02
 -2.5127109E-02 -2.5127150E-02 -2.5127193E-02 -2.5126956E-02 -2.5126811E-02
 -2.5126943E-02 -2.5127040E-02 -2.5127007E-02 -2.5127066E-02 -2.5127010E-02
 -5.6668948E-02 -5.6668818E-02 -5.6668784E-02 -5.6668893E-02 -5.6668948E-02
 -5.6668933E-02 -5.6668822E-02 -5.6668729E-02 -5.6668743E-02 -5.6668658E-02
 -5.6668688E-02 -5.6668781E-02 -5.6668945E-02 -5.6668997E-02 -5.6668848E-02
 -5.6668755E-02 -5.6668695E-02 -5.6668609E-02 -5.6668699E-02 -5.6668755E-02
 -5.6668848E-02 -5.6668997E-02 -5.6668945E-02 -5.6668781E-02 -5.6668680E-02
 -5.6668665E-02 -5.6668743E-02 -5.6668729E-02 -5.6668825E-02 -5.6668933E-02
 -5.6668948E-02 -5.6668893E-02 -5.6668784E-02 -5.6668822E-02 -5.6668952E-02
 -5.3923588E-02 -5.3923611E-02 -5.3923637E-02 -5.3923544E-02 -5.3923525E-02
 -5.3923603E-02 -5.3923614E-02 -5.3923637E-02 -5.3923670E-02 -5.3923652E-02
 -5.3923875E-02 -5.3923726E-02 -5.3923510E-02 -5.3923544E-02 -5.3923640E-02
 -5.3923551E-02 -5.3923670E-02 -5.3923707E-02 -5.3923670E-02 -5.3923551E-02
 -5.3923640E-02 -5.3923544E-02 -5.3923510E-02 -5.3923726E-02 -5.3923871E-02
 -5.3923652E-02 -5.3923674E-02 -5.3923637E-02 -5.3923607E-02 -5.3923607E-02
 -5.3923529E-02 -5.3923544E-02 -5.3923637E-02 -5.3923622E-02 -5.3923588E-02
 -5.1178493E-02 -5.1178548E-02 -5.1178563E-02 -5.1178526E-02 -5.1178586E-02
 -5.1178481E-02 -5.1178444E-02 -5.1178496E-02 -5.1178496E-02 -5.1178340E-02
 -5.1178347E-02 -5.1178411E-02 -5.1178444E-02 -5.1178385E-02 -5.1178601E-02
 -5.1178623E-02 -5.1178571E-02 -5.1178500E-02 -5.1178571E-02 -5.1178623E-02
 -5.1178597E-02 -5.1178385E-02 -5.1178444E-02 -5.1178411E-02 -5.1178347E-02
 -5.1178340E-02 -5.1178500E-02 -5.1178496E-02 -5.1178444E-02 -5.1178481E-02
 -5.1178582E-02 -5.1178522E-02 -5.1178563E-02 -5.1178548E-02 -5.1178493E-02
 -4.8433177E-02 -4.8433114E-02 -4.8433058E-02 -4.8433103E-02 -4.8433233E-02
 -4.8433241E-02 -4.8433214E-02 -4.8433207E-02 -4.8433281E-02 -4.8433289E-02
 -4.8433270E-02 -4.8433203E-02 -4.8433296E-02 -4.8433132E-02 -4.8433099E-02
 -4.8433173E-02 -4.8433263E-02 -4.8433296E-02 -4.8433267E-02 -4.8433173E-02
 -4.8433099E-02 -4.8433144E-02 -4.8433296E-02 -4.8433200E-02 -4.8433270E-02
 -4.8433289E-02 -4.8433281E-02 -4.8433211E-02 -4.8433214E-02 -4.8433241E-02
 -4.8433233E-02 -4.8433103E-02 -4.8433058E-02 -4.8433114E-02 -4.8433177E-02
 -7.6641545E-02 -7.6641575E-02 -7.6641619E-02 -7.6641649E-02 -7.6641724E-02
 -7.6641694E-02 -7.6641560E-02 -7.6641619E-02 -7.6641530E-02 -7.6641686E-02
 -7.6641515E-02 -7.6641731E-02 -7.6641470E-02 -7.6641664E-02 -7.6641664E-02
 -7.6641664E-02 -7.6641627E-02 -7.6641649E-02 -7.6641627E-02 -7.6641664E-02
 -7.6641664E-02 -7.6641664E-02 -7.6641470E-02 -7.6641724E-02 -7.6641515E-02
 -7.6641694E-02 -7.6641537E-02 -7.6641619E-02 -7.6641560E-02 -7.6641694E-02
 -7.6641724E-02 -7.6641664E-02 -7.6641627E-02 -7.6641575E-02 -7.6641537E-02
 -6.8574138E-02 -6.8574183E-02 -6.8574131E-02 -6.8574056E-02 -6.8574071E-02
 -6.8574071E-02 -6.8574131E-02 -6.8574041E-02 -6.8574101E-02 -6.8573914E-02
 -6.8573937E-02 -6.8574108E-02 -6.8574011E-02 -6.8574116E-02 -6.8573974E-02
 -6.8574019E-02 -6.8574078E-02 -6.8574056E-02 -6.8574078E-02 -6.8574019E-02
 -6.8573974E-02 -6.8574116E-02 -6.8574011E-02 -6.8574101E-02 -6.8573937E-02
 -6.8573914E-02 -6.8574108E-02 -6.8574041E-02 -6.8574123E-02 -6.8574071E-02
 -6.8574071E-02 -6.8574056E-02 -6.8574131E-02 -6.8574183E-02 -6.8574138E-02
 -6.0506500E-02 -6.0506508E-02 -6.0506519E-02 -6.0506593E-02 -6.0506534E-02
 -6.0506437E-02 -6.0506642E-02 -6.0506560E-02 -6.0506657E-02 -6.0506489E-02
 -6.0506638E-02 -6.0506508E-02 -6.0506552E-02 -6.0506646E-02 -6.0506504E-02
 -6.0506485E-02 -6.0506575E-02 -6.0506567E-02 -6.0506575E-02 -6.0506485E-02
 -6.0506504E-02 -6.0506646E-02 -6.0506556E-02 -6.0506508E-02 -6.0506627E-02
 -6.0506482E-02 -6.0506657E-02 -6.0506560E-02 -6.0506627E-02 -6.0506437E-02
 -6.0506534E-02 -6.0506590E-02 -6.0506523E-02 -6.0506511E-02 -6.0506500E-02
 -5.2438963E-02 -5.2439004E-02 -5.2439000E-02 -5.2438967E-02 -5.2438948E-02
 -5.2438952E-02 -5.2438859E-02 -5.2439056E-02 -5.2438863E-02 -5.2438937E-02
 -5.2439049E-02 -5.2439094E-02 -5.2438937E-02 -5.2439015E-02 -5.2439019E-02
 -5.2438948E-02 -5.2438833E-02 -5.2438814E-02 -5.2438829E-02 -5.2438945E-02
 -5.2439015E-02 -5.2439019E-02 -5.2438937E-02 -5.2439090E-02 -5.2439049E-02
 -5.2438941E-02 -5.2438863E-02 -5.2439056E-02 -5.2438851E-02 -5.2438945E-02
 -5.2438952E-02 -5.2438967E-02 -5.2439000E-02 -5.2439004E-02 -5.2438963E-02
 -4.4371527E-02 -4.4371516E-02 -4.4371489E-02 -4.4371497E-02 -4.4371538E-02
 -4.4371493E-02 -4.4371445E-02 -4.4371612E-02 -4.4371478E-02 -4.4371549E-02
 -4.4371556E-02 -4.4371448E-02 -4.4371508E-02 -4.4371441E-02 -4.4371426E-02
 -4.4371460E-02 -4.4371452E-02 -4.4371493E-02 -4.4371460E-02 -4.4371460E-02
 -4.4371422E-02 -4.4371445E-02 -4.4371508E-02 -4.4371448E-02 -4.4371556E-02
 -4.4371549E-02 -4.4371478E-02 -4.4371612E-02 -4.4371448E-02 -4.4371493E-02
 -4.4371542E-02 -4.4371497E-02 -4.4371493E-02 -4.4371516E-02 -4.4371523E-02
 -3.6303915E-02 -3.6303818E-02 -3.6303911E-02 -3.6303859E-02 -3.6303841E-02
 -3.6303826E-02 -3.6303926E-02 -3.6303863E-02 -3.6303833E-02 -3.6303915E-02
 -3.6303945E-02 -3.6303900E-02 -3.6303923E-02 -3.6303964E-02 -3.6303934E-02
 -3.6303986E-02 -3.6303926E-02 -3.6303949E-02 -3.6303923E-02 -3.6303986E-02
 -3.6303930E-02 -3.6303964E-02 -3.6303923E-02 -3.6303900E-02 -3.6303941E-02
 -3.6303919E-02 -3.6303833E-02 -3.6303863E-02 -3.6303923E-02 -3.6303826E-02
 -3.6303841E-02 -3.6303863E-02 -3.6303911E-02 -3.6303815E-02 -3.6303915E-02
 -2.8236384E-02 -2.8236382E-02 -2.8236419E-02 -2.8236333E-02 -2.8236395E-02
 -2.8236398E-02 -2.8236436E-02 -2.8236402E-02 -2.8236371E-02 -2.8236397E-02
 -2.8236382E-02 -2.8236430E-02 -2.8236341E-02 -2.8236391E-02 -2.8236352E-02
 -2.8236400E-02 -2.8236389E-02 -2.8236423E-02 -2.8236402E-02 -2.8236395E-02
 -2.8236354E-02 -2.8236393E-02 -2.8236344E-02 -2.8236434E-02 -2.8236385E-02
 -2.8236395E-02 -2.8236369E-02 -2.8236402E-02 -2.8236438E-02 -2.8236398E-02
 -2.8236400E-02 -2.8236333E-02 -2.8236419E-02 -2.8236380E-02 -2.8236382E-02
 -2.0168846E-02 -2.0168833E-02 -2.0168852E-02 -2.0168841E-02 -2.0168846E-02
 -2.0168843E-02 -2.0168852E-02 -2.0168846E-02 -2.0168837E-02 -2.0168854E-02
 -2.0168835E-02 -2.0168848E-02 -2.0168852E-02 -2.0168837E-02 -2.0168843E-02
 -2.0168850E-02 -2.0168837E-02 -2.0168865E-02 -2.0168852E-02 -2.0168848E-02
 -2.0168843E-02 -2.0168839E-02 -2.0168852E-02 -2.0168848E-02 -2.0168835E-02
 -2.0168854E-02 -2.0168837E-02 -2.0168846E-02 -2.0168852E-02 -2.0168841E-02
 -2.0168846E-02 -2.0168841E-02 -2.0168854E-02 -2.0168833E-02 -2.0168848E-02
 -1.2101310E-02 -1.2101304E-02 -1.2101314E-02 -1.2101298E-02 -1.2101299E-02
 -1.2101321E-02 -1.2101312E-02 -1.2101295E-02 -1.2101313E-02 -1.2101306E-02
 -1.2101311E-02 -1.2101312E-02 -1.2101307E-02 -1.2101303E-02 -1.2101294E-02
 -1.2101309E-02 -1.2101324E-02 -1.2101293E-02 -1.2101324E-02 -1.2101308E-02
 -1.2101295E-02 -1.2101301E-02 -1.2101307E-02 -1.2101314E-02 -1.2101309E-02
 -1.2101307E-02 -1.2101312E-02 -1.2101296E-02 -1.2101310E-02 -1.2101321E-02
 -1.2101298E-02 -1.2101295E-02 -1.2101313E-02 -1.2101303E-02 -1.2101309E-02
 -4.0337699E-03 -4.0337727E-03 -4.0337713E-03 -4.0337555E-03 -4.0337723E-03
 -4.0337793E-03 -4.0337667E-03 -4.0337676E-03 -4.0337704E-03 -4.0337658E-03
 -4.0337676E-03 -4.0337727E-03 -4.0337662E-03 -4.0337713E-03 -4.0337667E-03
 -4.0337672E-03 -4.0337793E-03 -4.0337541E-03 -4.0337797E-03 -4.0337672E-03
 -4.0337667E-03 -4.0337713E-03 -4.0337662E-03 -4.0337727E-03 -4.0337676E-03
 -4.0337658E-03 -4.0337709E-03 -4.0337676E-03 -4.0337667E-03 -4.0337793E-03
 -4.0337723E-03 -4.0337555E-03 -4.0337713E-03 -4.0337732E-03 -4.0337699E-03
  5.2438963E-02  5.2438997E-02  5.2439000E-02  5.2438963E-02  5.2438952E-02
  5.2438948E-02  5.2438859E-02  5.2439056E-02  5.2438863E-02  5.2438941E-02
  5.2439049E-02  5.2439094E-02  5.2438941E-02  5.2439015E-02  5.2439015E-02
  5.2438945E-02  5.2438829E-02  5.2438814E-02  5.2438829E-02  5.2438948E-02
  5.2439019E-02  5.2439019E-02  5.2438937E-02  5.2439094E-02  5.2439049E-02
  5.2438937E-02  5.2438863E-02  5.2439056E-02  5.2438855E-02  5.2438945E-02
  5.2438952E-02  5.2438967E-02  5.2439000E-02  5.2439000E-02  5.2438963E-02
  6.0506500E-02  6.0506508E-02  6.0506523E-02  6.0506590E-02  6.0506534E-02
  6.0506437E-02  6.0506642E-02  6.0506560E-02  6.0506649E-02  6.0506482E-02
  6.0506627E-02  6.0506508E-02  6.0506556E-02  6.0506646E-02  6.0506504E-02
  6.0506485E-02  6.0506579E-02  6.0506567E-02  6.0506575E-02  6.0506482E-02
  6.0506511E-02  6.0506646E-02  6.0506552E-02  6.0506508E-02  6.0506638E-02
  6.0506482E-02  6.0506657E-02  6.0506560E-02  6.0506642E-02  6.0506437E-02
  6.0506526E-02  6.0506590E-02  6.0506519E-02  6.0506508E-02  6.0506500E-02
  6.8574138E-02  6.8574183E-02  6.8574131E-02  6.8574056E-02  6.8574071E-02
  6.8574086E-02  6.8574123E-02  6.8574041E-02  6.8574101E-02  6.8573907E-02
  6.8573937E-02  6.8574108E-02  6.8574019E-02  6.8574116E-02  6.8573982E-02
  6.8574019E-02  6.8574078E-02  6.8574056E-02  6.8574086E-02  6.8574019E-02
  6.8573974E-02  6.8574116E-02  6.8574019E-02  6.8574108E-02  6.8573937E-02
  6.8573907E-02  6.8574093E-02  6.8574041E-02  6.8574131E-02  6.8574071E-02
  6.8574071E-02  6.8574056E-02  6.8574131E-02  6.8574190E-02  6.8574138E-02
  7.6641537E-02  7.6641575E-02  7.6641619E-02  7.6641649E-02  7.6641724E-02
  7.6641694E-02  7.6641560E-02  7.6641619E-02  7.6641537E-02  7.6641686E-02
  7.6641515E-02  7.6641724E-02  7.6641470E-02  7.6641664E-02  7.6641664E-02
  7.6641664E-02  7.6641627E-02  7.6641649E-02  7.6641634E-02  7.6641671E-02
  7.6641664E-02  7.6641664E-02  7.6641470E-02  7.6641724E-02  7.6641515E-02
  7.6641686E-02  7.6641537E-02  7.6641619E-02  7.6641560E-02  7.6641694E-02
  7.6641724E-02  7.6641664E-02  7.6641619E-02  7.6641567E-02  7.6641545E-02
  4.8433177E-02  4.8433114E-02  4.8433058E-02  4.8433103E-02  4.8433237E-02
  4.8433241E-02  4.8433207E-02  4.8433207E-02  4.8433278E-02  4.8433293E-02
  4.8433270E-02  4.8433203E-02  4.8433296E-02  4.8433136E-02  4.8433099E-02
  4.8433173E-02  4.8433267E-02  4.8433289E-02  4.8433267E-02  4.8433173E-02
  4.8433099E-02  4.8433136E-02  4.8433296E-02  4.8433192E-02  4.8433270E-02
  4.8433289E-02  4.8433281E-02  4.8433218E-02  4.8433214E-02  4.8433241E-02
  4.8433233E-02  4.8433103E-02  4.8433058E-02  4.8433114E-02  4.8433177E-02
  5.1178493E-02  5.1178548E-02  5.1178556E-02  5.1178526E-02  5.1178586E-02
  5.1178481E-02  5.1178444E-02  5.1178496E-02  5.1178500E-02  5.1178340E-02
  5.1178347E-02  5.1178411E-02  5.1178444E-02  5.1178385E-02  5.1178601E-02
  5.1178623E-02  5.1178571E-02  5.1178500E-02  5.1178571E-02  5.1178623E-02
  5.1178601E-02  5.1178385E-02  5.1178444E-02  5.1178411E-02  5.1178347E-02
  5.1178340E-02  5.1178500E-02  5.1178496E-02  5.1178444E-02  5.1178481E-02
  5.1178582E-02  5.1178526E-02  5.1178563E-02  5.1178548E-02  5.1178493E-02
  5.3923588E-02  5.3923614E-02  5.3923637E-02  5.3923536E-02  5.3923529E-02
  5.3923607E-02  5.3923614E-02  5.3923637E-02  5.3923666E-02  5.3923652E-02
  5.3923875E-02  5.3923726E-02  5.3923510E-02  5.3923544E-02  5.3923640E-02
  5.3923544E-02  5.3923670E-02  5.3923707E-02  5.3923670E-02  5.3923544E-02
  5.3923644E-02  5.3923544E-02  5.3923510E-02  5.3923726E-02  5.3923875E-02
  5.3923652E-02  5.3923670E-02  5.3923637E-02  5.3923618E-02  5.3923614E-02
  5.3923521E-02  5.3923544E-02  5.3923637E-02  5.3923611E-02  5.3923588E-02
  5.6668952E-02  5.6668822E-02  5.6668784E-02  5.6668893E-02  5.6668948E-02
  5.6668933E-02  5.6668825E-02  5.6668729E-02  5.6668743E-02  5.6668665E-02
  5.6668695E-02  5.6668781E-02  5.6668945E-02  5.6668997E-02  5.6668848E-02
  5.6668755E-02  5.6668688E-02  5.6668609E-02  5.6668691E-02  5.6668755E-02
  5.6668848E-02  5.6668989E-02  5.6668945E-02  5.6668781E-02  5.6668695E-02
  5.6668658E-02  5.6668743E-02  5.6668717E-02  5.6668822E-02  5.6668933E-02
  5.6668948E-02  5.6668893E-02  5.6668784E-02  5.6668818E-02  5.6668948E-02
  2.5127010E-02  2.5127066E-02  2.5127007E-02  2.5127040E-02  2.5126945E-02
  2.5126811E-02  2.5126956E-02  2.5127193E-02  2.5127150E-02  2.5127109E-02
  2.5127094E-02  2.5127044E-02  2.5126919E-02  2.5126843E-02  2.5127027E-02
  2.5127027E-02  2.5127066E-02  2.5127174E-02  2.5127068E-02  2.5127027E-02
  2.5127027E-02  2.5126839E-02  2.5126919E-02  2.5127044E-02  2.5127092E-02
  2.5127109E-02  2.5127150E-02  2.5127193E-02  2.5126956E-02  2.5126811E-02
  2.5126945E-02  2.5127040E-02  2.5127007E-02  2.5127068E-02  2.5127010E-02
  2.5631189E-02  2.5631279E-02  2.5631292E-02  2.5631143E-02  2.5631201E-02
  2.5631292E-02  2.5631223E-02  2.5631124E-02  2.5631066E-02  2.5631122E-02
  2.5631214E-02  2.5631264E-02  2.5631355E-02  2.5631428E-02  2.5631232E-02
  2.5631296E-02  2.5631286E-02  2.5631070E-02  2.5631286E-02  2.5631294E-02
  2.5631234E-02  2.5631424E-02  2.5631355E-02  2.5631264E-02  2.5631214E-02
  2.5631122E-02  2.5631065E-02  2.5631124E-02  2.5631223E-02  2.5631292E-02
  2.5631199E-02  2.5631143E-02  2.5631292E-02  2.5631279E-02  2.5631189E-02
  2.6135452E-02  2.6135463E-02  2.6135506E-02  2.6135454E-02  2.6135607E-02
  2.6135672E-02  2.6135638E-02  2.6135568E-02  2.6135657E-02  2.6135609E-02
  2.6135545E-02  2.6135501E-02  2.6135551E-02  2.6135536E-02  2.6135512E-02
  2.6135482E-02  2.6135501E-02  2.6135627E-02  2.6135501E-02  2.6135484E-02
  2.6135512E-02  2.6135536E-02  2.6135551E-02  2.6135501E-02  2.6135543E-02
  2.6135609E-02  2.6135659E-02  2.6135566E-02  2.6135638E-02  2.6135672E-02
  2.6135607E-02  2.6135452E-02  2.6135506E-02  2.6135463E-02  2.6135452E-02
  2.6639668E-02  2.6639562E-02  2.6639491E-02  2.6639465E-02  2.6639480E-02
  2.6639406E-02  2.6639538E-02  2.6639692E-02  2.6639707E-02  2.6639661E-02
  2.6639562E-02  2.6639666E-02  2.6639709E-02  2.6639484E-02  2.6639706E-02
  2.6639733E-02  2.6639562E-02  2.6639510E-02  2.6639564E-02  2.6639733E-02
  2.6639706E-02  2.6639482E-02  2.6639709E-02  2.6639666E-02  2.6639564E-02
  2.6639665E-02  2.6639709E-02  2.6639694E-02  2.6639538E-02  2.6639404E-02
  2.6639480E-02  2.6639463E-02  2.6639491E-02  2.6639562E-02  2.6639668E-02
 -2.6639665E-02 -2.6639562E-02 -2.6639491E-02 -2.6639463E-02 -2.6639480E-02
 -2.6639404E-02 -2.6639538E-02 -2.6639694E-02 -2.6639707E-02 -2.6639665E-02
 -2.6639562E-02 -2.6639666E-02 -2.6639709E-02 -2.6639482E-02 -2.6639709E-02
 -2.6639732E-02 -2.6639562E-02 -2.6639510E-02 -2.6639564E-02 -2.6639732E-02
 -2.6639706E-02 -2.6639484E-02 -2.6639709E-02 -2.6639666E-02 -2.6639564E-02
 -2.6639661E-02 -2.6639707E-02 -2.6639694E-02 -2.6639538E-02 -2.6639406E-02
 -2.6639480E-02 -2.6639465E-02 -2.6639491E-02 -2.6639562E-02 -2.6639665E-02
 -2.6135452E-02 -2.6135463E-02 -2.6135506E-02 -2.6135452E-02 -2.6135607E-02
 -2.6135672E-02 -2.6135638E-02 -2.6135566E-02 -2.6135657E-02 -2.6135607E-02
 -2.6135543E-02 -2.6135501E-02 -2.6135551E-02 -2.6135540E-02 -2.6135512E-02
 -2.6135484E-02 -2.6135501E-02 -2.6135629E-02 -2.6135501E-02 -2.6135482E-02
 -2.6135512E-02 -2.6135540E-02 -2.6135551E-02 -2.6135501E-02 -2.6135545E-02
 -2.6135609E-02 -2.6135657E-02 -2.6135566E-02 -2.6135638E-02 -2.6135674E-02
 -2.6135607E-02 -2.6135452E-02 -2.6135506E-02 -2.6135463E-02 -2.6135452E-02
 -2.5631191E-02 -2.5631279E-02 -2.5631292E-02 -2.5631143E-02 -2.5631199E-02
 -2.5631292E-02 -2.5631223E-02 -2.5631124E-02 -2.5631065E-02 -2.5631122E-02
 -2.5631214E-02 -2.5631264E-02 -2.5631355E-02 -2.5631424E-02 -2.5631234E-02
 -2.5631294E-02 -2.5631286E-02 -2.5631070E-02 -2.5631286E-02 -2.5631294E-02
 -2.5631234E-02 -2.5631424E-02 -2.5631355E-02 -2.5631266E-02 -2.5631214E-02
 -2.5631122E-02 -2.5631066E-02 -2.5631124E-02 -2.5631223E-02 -2.5631292E-02
 -2.5631199E-02 -2.5631143E-02 -2.5631292E-02 -2.5631279E-02 -2.5631189E-02
 -2.5127010E-02 -2.5127068E-02 -2.5127007E-02 -2.5127040E-02 -2.5126945E-02
 -2.5126811E-02 -2.5126956E-02 -2.5127193E-02 -2.5127150E-02 -2.5127107E-02
 -2.5127089E-02 -2.5127044E-02 -2.5126919E-02 -2.5126839E-02 -2.5127027E-02
 -2.5127027E-02 -2.5127066E-02 -2.5127174E-02 -2.5127068E-02 -2.5127027E-02
 -2.5127027E-02 -2.5126843E-02 -2.5126919E-02 -2.5127044E-02 -2.5127092E-02
 -2.5127109E-02 -2.5127150E-02 -2.5127193E-02 -2.5126956E-02 -2.5126811E-02
 -2.5126943E-02 -2.5127040E-02 -2.5127007E-02 -2.5127066E-02 -2.5127010E-02
 -5.6668948E-02 -5.6668818E-02 -5.6668784E-02 -5.6668893E-02 -5.6668948E-02
 -5.6668933E-02 -5.6668822E-02 -5.6668729E-02 -5.6668743E-02 -5.6668658E-02
 -5.6668688E-02 -5.6668781E-02 -5.6668945E-02 -5.6668997E-02 -5.6668848E-02
 -5.6668755E-02 -5.6668695E-02 -5.6668609E-02 -5.6668699E-02 -5.6668755E-02
 -5.6668848E-02 -5.6668997E-02 -5.6668945E-02 -5.6668781E-02 -5.6668680E-02
 -5.6668665E-02 -5.6668743E-02 -5.6668729E-02 -5.6668825E-02 -5.6668933E-02
 -5.6668948E-02 -5.6668893E-02 -5.6668784E-02 -5.6668822E-02 -5.6668952E-02
 -5.3923588E-02 -5.3923611E-02 -5.3923637E-02 -5.3923544E-02 -5.3923525E-02
 -5.3923603E-02 -5.3923614E-02 -5.3923637E-02 -5.3923670E-02 -5.3923652E-02
 -5.3923875E-02 -5.3923726E-02 -5.3923510E-02 -5.3923544E-02 -5.3923640E-02
 -5.3923551E-02 -5.3923670E-02 -5.3923707E-02 -5.3923670E-02 -5.3923551E-02
 -5.3923640E-02 -5.3923544E-02 -5.3923510E-02 -5.3923726E-02 -5.3923871E-02
 -5.3923652E-02 -5.3923674E-02 -5.3923637E-02 -5.3923607E-02 -5.3923607E-02
 -5.3923529E-02 -5.3923544E-02 -5.3923637E-02 -5.3923622E-02 -5.3923588E-02
 -5.1178493E-02 -5.1178548E-02 -5.1178563E-02 -5.1178526E-02 -5.1178586E-02
 -5.1178481E-02 -5.1178444E-02 -5.1178496E-02 -5.1178496E-02 -5.1178340E-02
 -5.1178347E-02 -5.1178411E-02 -5.1178444E-02 -5.1178385E-02 -5.1178601E-02
 -5.1178623E-02 -5.1178571E-02 -5.1178500E-02 -5.1178571E-02 -5.1178623E-02
 -5.1178597E-02 -5.1178385E-02 -5.1178444E-02 -5.1178411E-02 -5.1178347E-02
 -5.1178340E-02 -5.1178500E-02 -5.1178496E-02 -5.1178444E-02 -5.1178481E-02
 -5.1178582E-02 -5.1178522E-02 -5.1178563E-02 -5.1178548E-02 -5.1178493E-02
 -4.8433177E-02 -4.8433114E-02 -4.8433058E-02 -4.8433103E-02 -4.8433233E-02
 -4.8433241E-02 -4.8433214E-02 -4.8433207E-02 -4.8433281E-02 -4.8433289E-02
 -4.8433270E-02 -4.8433203E-02 -4.8433296E-02 -4.8433132E-02 -4.8433099E-02
 -4.8433173E-02 -4.8433263E-02 -4.8433296E-02 -4.8433267E-02 -4.8433173E-02
 -4.8433099E-02 -4.8433144E-02 -4.8433296E-02 -4.8433200E-02 -4.8433270E-02
 -4.8433289E-02 -4.8433281E-02 -4.8433211E-02 -4.8433214E-02 -4.8433241E-02
 -4.8433233E-02 -4.8433103E-02 -4.8433058E-02 -4.8433114E-02 -4.8433177E-02
 -7.6641545E-02 -7.6641575E-02 -7.6641619E-02 -7.6641649E-02 -7.6641724E-02
 -7.6641694E-02 -7.6641560E-02 -7.6641619E-02 -7.6641530E-02 -7.6641686E-02
 -7.6641515E-02 -7.6641731E-02 -7.6641470E-02 -7.6641664E-02 -7.6641664E-02
 -7.6641664E-02 -7.6641627E-02 -7.6641649E-02 -7.6641627E-02 -7.6641664E-02
 -7.6641664E-02 -7.6641664E-02 -7.6641470E-02 -7.6641724E-02 -7.6641515E-02
 -7.6641694E-02 -7.6641537E-02 -7.6641619E-02 -7.6641560E-02 -7.6641694E-02
 -7.6641724E-02 -7.6641664E-02 -7.6641627E-02 -7.6641575E-02 -7.6641537E-02
 -6.8574138E-02 -6.8574183E-02 -6.8574131E-02 -6.8574056E-02 -6.8574071E-02
 -6.8574071E-02 -6.8574131E-02 -6.8574041E-02 -6.8574101E-02 -6.8573914E-02
 -6.8573937E-02 -6.8574108E-02 -6.8574011E-02 -6.8574116E-02 -6.8573974E-02
 -6.8574019E-02 -6.8574078E-02 -6.8574056E-02 -6.8574078E-02 -6.8574019E-02
 -6.8573974E-02 -6.8574116E-02 -6.8574011E-02 -6.8574101E-02 -6.8573937E-02
 -6.8573914E-02 -6.8574108E-02 -6.8574041E-02 -6.8574123E-02 -6.8574071E-02
 -6.8574071E-02 -6.8574056E-02 -6.8574131E-02 -6.8574183E-02 -6.8574138E-02
 -6.0506500E-02 -6.0506508E-02 -6.0506519E-02 -6.0506593E-02 -6.0506534E-02
 -6.0506437E-02 -6.0506642E-02 -6.0506560E-02 -6.0506657E-02 -6.0506489E-02
 -6.0506638E-02 -6.0506508E-02 -6.0506552E-02 -6.0506646E-02 -6.0506504E-02
 -6.0506485E-02 -6.0506575E-02 -6.0506567E-02 -6.0506575E-02 -6.0506485E-02
 -6.0506504E-02 -6.0506646E-02 -6.0506556E-02 -6.0506508E-02 -6.0506627E-02
 -6.0506482E-02 -6.0506657E-02 -6.0506560E-02 -6.0506627E-02 -6.0506437E-02
 -6.0506534E-02 -6.0506590E-02 -6.0506523E-02 -6.0506511E-02 -6.0506500E-02
 -5.2438963E-02 -5.2439004E-02 -5.2439000E-02 -5.2438967E-02 -5.2438948E-02
 -5.2438952E-02 -5.2438859E-02 -5.2439056E-02 -5.2438863E-02 -5.2438937E-02
 -5.2439049E-02 -5.2439094E-02 -5.2438937E-02 -5.2439015E-02 -5.2439019E-02
 -5.2438948E-02 -5.2438833E-02 -5.2438814E-02 -5.2438829E-02 -5.2438945E-02
 -5.2439015E-02 -5.2439019E-02 -5.2438937E-02 -5.2439090E-02 -5.2439049E-02
 -5.2438941E-02 -5.2438863E-02 -5.2439056E-02 -5.2438851E-02 -5.2438945E-02
 -5.2438952E-02 -5.2438967E-02 -5.2439000E-02 -5.2439004E-02 -5.2438963E-02
 -4.4371527E-02 -4.4371516E-02 -4.4371489E-02 -4.4371497E-02 -4.4371538E-02
 -4.4371493E-02 -4.4371445E-02 -4.4371612E-02 -4.4371478E-02 -4.4371549E-02
 -4.4371556E-02 -4.4371448E-02 -4.4371508E-02 -4.4371441E-02 -4.4371426E-02
 -4.4371460E-02 -4.4371452E-02 -4.4371493E-02 -4.4371460E-02 -4.4371460E-02
 -4.4371422E-02 -4.4371445E-02 -4.4371508E-02 -4.4371448E-02 -4.4371556E-02
 -4.4371549E-02 -4.4371478E-02 -4.4371612E-02 -4.4371448E-02 -4.4371493E-02
 -4.4371542E-02 -4.4371497E-02 -4.4371493E-02 -4.4371516E-02 -4.4371523E-02
 -3.6303915E-02 -3.6303818E-02 -3.6303911E-02 -3.6303859E-02 -3.6303841E-02
 -3.6303826E-02 -3.6303926E-02 -3.6303863E-02 -3.6303833E-02 -3.6303915E-02
 -3.6303945E-02 -3.6303900E-02 -3.6303923E-02 -3.6303964E-02 -3.6303934E-02
 -3.6303986E-02 -3.6303926E-02 -3.6303949E-02 -3.6303923E-02 -3.6303986E-02
 -3.6303930E-02 -3.6303964E-02 -3.6303923E-02 -3.6303900E-02 -3.6303941E-02
 -3.6303919E-02 -3.6303833E-02 -3.6303863E-02 -3.6303923E-02 -3.6303826E-02
 -3.6303841E-02 -3.6303863E-02 -3.6303911E-02 -3.6303815E-02 -3.6303915E-02
 -2.8236384E-02 -2.8236382E-02 -2.8236419E-02 -2.8236333E-02 -2.8236395E-02
 -2.8236398E-02 -2.8236436E-02 -2.8236402E-02 -2.8236371E-02 -2.8236397E-02
 -2.8236382E-02 -2.8236430E-02 -2.8236341E-02 -2.8236391E-02 -2.8236352E-02
 -2.8236400E-02 -2.8236389E-02 -2.8236423E-02 -2.8236402E-02 -2.8236395E-02
 -2.8236354E-02 -2.8236393E-02 -2.8236344E-02 -2.8236434E-02 -2.8236385E-02
 -2.8236395E-02 -2.8236369E-02 -2.8236402E-02 -2.8236438E-02 -2.8236398E-02
 -2.8236400E-02 -2.8236333E-02 -2.8236419E-02 -2.8236380E-02 -2.8236382E-02
 -2.0168846E-02 -2.0168833E-02 -2.0168852E-02 -2.0168841E-02 -2.0168846E-02
 -2.0168843E-02 -2.0168852E-02 -2.0168846E-02 -2.0168837E-02 -2.0168854E-02
 -2.0168835E-02 -2.0168848E-02 -2.0168852E-02 -2.0168837E-02 -2.0168843E-02
 -2.0168850E-02 -2.0168837E-02 -2.0168865E-02 -2.0168852E-02 -2.0168848E-02
 -2.0168843E-02 -2.0168839E-02 -2.0168852E-02 -2.0168848E-02 -2.0168835E-02
 -2.0168854E-02 -2.0168837E-02 -2.0168846E-02 -2.0168852E-02 -2.0168841E-02
 -2.0168846E-02 -2.0168841E-02 -2.0168854E-02 -2.0168833E-02 -2.0168848E-02
 -1.2101310E-02 -1.2101304E-02 -1.2101314E-02 -1.2101298E-02 -1.2101299E-02
 -1.2101321E-02 -1.2101312E-02 -1.2101295E-02 -1.2101313E-02 -1.2101306E-02
 -1.2101311E-02 -1.2101312E-02 -1.2101307E-02 -1.2101303E-02 -1.2101294E-02
 -1.2101309E-02 -1.2101324E-02 -1.2101293E-02 -1.2101324E-02 -1.2101308E-02
 -1.2101295E-02 -1.2101301E-02 -1.2101307E-02 -1.2101314E-02 -1.2101309E-02
 -1.2101307E-02 -1.2101312E-02 -1.2101296E-02 -1.2101310E-02 -1.2101321E-02
 -1.2101298E-02 -1.2101295E-02 -1.2101313E-02 -1.2101303E-02 -1.2101309E-02
 -4.0337699E-03 -4.0337727E-03 -4.0337713E-03 -4.0337555E-03 -4.0337723E-03
 -4.0337793E-03 -4.0337667E-03 -4.0337676E-03 -4.0337704E-03 -4.0337658E-03
 -4.0337676E-03 -4.0337727E-03 -4.0337662E-03 -4.0337713E-03 -4.0337667E-03
 -4.0337672E-03 -4.0337793E-03 -4.0337541E-03 -4.0337797E-03 -4.0337672E-03
 -4.0337667E-03 -4.0337713E-03 -4.0337662E-03 -4.0337727E-03 -4.0337676E-03
 -4.0337658E-03 -4.0337709E-03 -4.0337676E-03 -4.0337667E-03 -4.0337793E-03
 -4.0337723E-03 -4.0337555E-03 -4.0337713E-03 -4.0337732E-03 -4.0337699E-03
  2.3243589E-02  2.3056392E-02  2.2683587E-02  2.2128269E-02  2.1394692E-02
  2.0488704E-02  1.9418195E-02  1.8190928E-02  1.6817426E-02  1.5308343E-02
  1.3675914E-02  1.1933590E-02  1.0094927E-02  8.1757167E-03  6.1897114E-03
  4.1543618E-03  2.0856916E-03  4.8837451E-11 -2.0856916E-03 -4.1543641E-03
 -6.1897160E-03 -8.1757167E-03 -1.0094926E-02 -1.1933590E-02 -1.3675923E-02
 -1.5308337E-02 -1.6817434E-02 -1.8190920E-02 -1.9418204E-02 -2.0488702E-02
 -2.1394692E-02 -2.2128269E-02 -2.2683579E-02 -2.3056393E-02 -2.3243597E-02
 -3.8489404E-03 -3.8178789E-03 -3.7562419E-03 -3.6644184E-03 -3.5427953E-03
 -3.3928871E-03 -3.2153307E-03 -3.0125305E-03 -2.7849234E-03 -2.5348458E-03
 -2.2647693E-03 -1.9761419E-03 -1.6717851E-03 -1.3536682E-03 -1.0250628E-03
 -6.8842369E-04 -3.4531942E-04 -1.1270226E-10  3.4532062E-04  6.8842602E-04
  1.0250651E-03  1.3536589E-03  1.6717897E-03  1.9761373E-03  2.2647791E-03
  2.5348270E-03  2.7849330E-03  3.0125305E-03  3.2153307E-03  3.3928871E-03
  3.5427860E-03  3.6644184E-03  3.7562228E-03  3.8178789E-03  3.8489217E-03
 -3.9133932E-02 -3.8818952E-02 -3.8191184E-02 -3.7255865E-02 -3.6020845E-02
 -3.4495849E-02 -3.2692861E-02 -3.0626699E-02 -2.8314371E-02 -2.5773201E-02
 -2.3025203E-02 -2.0092115E-02 -1.6996445E-02 -1.3764365E-02 -1.0421794E-02
 -6.9947266E-03 -3.5114519E-03  1.2772913E-10  3.5114544E-03  6.9947266E-03
  1.0421788E-02  1.3764365E-02  1.6996445E-02  2.0092115E-02  2.3025203E-02
  2.5773233E-02  2.8314350E-02  3.0626699E-02  3.2692861E-02  3.4495834E-02
  3.6020845E-02  3.7255865E-02  3.8191184E-02  3.8818944E-02  3.9133962E-02
 -8.2610592E-02 -8.1945546E-02 -8.0620751E-02 -7.8646958E-02 -7.6039717E-02
 -7.2820090E-02 -6.9014095E-02 -6.4652763E-02 -5.9770659E-02 -5.4407928E-02
 -4.8605889E-02 -4.2413875E-02 -3.5879664E-02 -2.9056370E-02 -2.1999959E-02
 -1.4765732E-02 -7.4126110E-03  0.0000000E+00  7.4126124E-03  1.4765733E-02
  2.1999959E-02  2.9056374E-02  3.5879664E-02  4.2413875E-02  4.8605889E-02
  5.4407906E-02  5.9770659E-02  6.4652726E-02  6.9014110E-02  7.2820112E-02
  7.6039694E-02  7.8646980E-02  8.0620766E-02  8.1945531E-02  8.2610600E-02
 -1.9626224E-02 -1.9468011E-02 -1.9153049E-02 -1.8684376E-02 -1.8065115E-02
 -1.7300300E-02 -1.6396100E-02 -1.5360096E-02 -1.4199935E-02 -1.2926332E-02
 -1.1547649E-02 -1.0076351E-02 -8.5243620E-03 -6.9031212E-03 -5.2264435E-03
 -3.5081571E-03 -1.7609197E-03 -9.0214031E-11  1.7609210E-03  3.5081648E-03
  5.2264458E-03  6.9031161E-03  8.5243620E-03  1.0076346E-02  1.1547655E-02
  1.2926301E-02  1.4199945E-02  1.5360077E-02  1.6396109E-02  1.7300310E-02
  1.8065086E-02  1.8684356E-02  1.9153049E-02  1.9468011E-02  1.9626236E-02
 -4.7948312E-02 -4.7562435E-02 -4.6793438E-02 -4.5647576E-02 -4.4134460E-02
 -4.2265687E-02 -4.0056586E-02 -3.7525415E-02 -3.4691546E-02 -3.1578735E-02
 -2.8211432E-02 -2.4617178E-02 -2.0824831E-02 -1.6864944E-02 -1.2768697E-02
 -8.5703656E-03 -4.3023014E-03  0.0000000E+00  4.3023033E-03  8.5703628E-03
  1.2768697E-02  1.6864941E-02  2.0824831E-02  2.4617178E-02  2.8211437E-02
  3.1578723E-02  3.4691550E-02  3.7525415E-02  4.0056564E-02  4.2265709E-02
  4.4134460E-02  4.5647576E-02  4.6793461E-02  4.7562435E-02  4.7948301E-02
 -7.9189435E-02 -7.8551926E-02 -7.7281989E-02 -7.5389393E-02 -7.2890066E-02
 -6.9804169E-02 -6.6156089E-02 -6.1975386E-02 -5.7295546E-02 -5.2154664E-02
 -4.6593823E-02 -4.0657401E-02 -3.4393553E-02 -2.7853211E-02 -2.1088367E-02
 -1.4154110E-02 -7.1056043E-03  1.0044073E-10  7.1056043E-03  1.4154113E-02
  2.1088379E-02  2.7853208E-02  3.4393556E-02  4.0657401E-02  4.6593834E-02
  5.2154664E-02  5.7295553E-02  6.1975386E-02  6.6156082E-02  6.9804162E-02
  7.2890051E-02  7.5389415E-02  7.7282004E-02  7.8551948E-02  7.9189450E-02
 -0.1133512     -0.1124381     -0.1106201     -0.1079120     -0.1043346    
 -9.9917218E-02 -9.4694920E-02 -8.8710286E-02 -8.2011640E-02 -7.4652769E-02
 -6.6692725E-02 -5.8196165E-02 -4.9230788E-02 -3.9868992E-02 -3.0185882E-02
 -2.0259911E-02 -1.0170855E-02  2.1110702E-10  1.0170860E-02  2.0259909E-02
  3.0185882E-02  3.9868992E-02  4.9230777E-02  5.8196165E-02  6.6692725E-02
  7.4652724E-02  8.2011640E-02  8.8710256E-02  9.4694912E-02  9.9917218E-02
  0.1043346      0.1079120      0.1106201      0.1124381      0.1133512    
 -2.0474197E-02 -2.0309569E-02 -1.9980995E-02 -1.9491840E-02 -1.8845376E-02
 -1.8047029E-02 -1.7104363E-02 -1.6023953E-02 -1.4813915E-02 -1.3484642E-02
 -1.2046760E-02 -1.0511877E-02 -8.8922018E-03 -7.2011608E-03 -5.4523726E-03
 -3.6595541E-03 -1.8371122E-03  0.0000000E+00  1.8371129E-03  3.6595541E-03
  5.4523777E-03  7.2011575E-03  8.8921990E-03  1.0511883E-02  1.2046750E-02
  1.3484658E-02  1.4813915E-02  1.6023953E-02  1.7104363E-02  1.8047040E-02
  1.8845361E-02  1.9491825E-02  1.9980995E-02  2.0309571E-02  2.0474197E-02
 -4.4161983E-02 -4.3806765E-02 -4.3098513E-02 -4.2042699E-02 -4.0649176E-02
 -3.8928352E-02 -3.6893684E-02 -3.4561735E-02 -3.1951886E-02 -2.9084982E-02
 -2.5983989E-02 -2.2673612E-02 -1.9180765E-02 -1.5533329E-02 -1.1760630E-02
 -7.8934208E-03 -3.9626840E-03  9.5483177E-11  3.9626821E-03  7.8934235E-03
  1.1760633E-02  1.5533323E-02  1.9180762E-02  2.2673622E-02  2.5983989E-02
  2.9084982E-02  3.1951882E-02  3.4561742E-02  3.6893696E-02  3.8928341E-02
  4.0649176E-02  4.2042699E-02  4.3098513E-02  4.3806758E-02  4.4161983E-02
 -6.8765901E-02 -6.8212293E-02 -6.7109540E-02 -6.5466218E-02 -6.3296445E-02
 -6.0616732E-02 -5.7448644E-02 -5.3817913E-02 -4.9754288E-02 -4.5289733E-02
 -4.0460538E-02 -3.5305653E-02 -2.9866602E-02 -2.4187081E-02 -1.8312812E-02
 -1.2290982E-02 -6.1703906E-03 -4.8681399E-11  6.1703934E-03  1.2290983E-02
  1.8312810E-02  2.4187081E-02  2.9866602E-02  3.5305653E-02  4.0460534E-02
  4.5289721E-02  4.9754310E-02  5.3817902E-02  5.7448640E-02  6.0616732E-02
  6.3296460E-02  6.5466225E-02  6.7109548E-02  6.8212293E-02  6.8765894E-02
 -9.4285533E-02 -9.3525954E-02 -9.2013530E-02 -8.9760467E-02 -8.6784825E-02
 -8.3110161E-02 -7.8767054E-02 -7.3789760E-02 -6.8217888E-02 -6.2096581E-02
 -5.5475261E-02 -4.8407730E-02 -4.0950242E-02 -3.3162694E-02 -2.5108740E-02
 -1.6852347E-02 -8.4601743E-03  0.0000000E+00  8.4601762E-03  1.6852347E-02
  2.5108736E-02  3.3162706E-02  4.0950235E-02  4.8407726E-02  5.5475269E-02
  6.2096588E-02  6.8217866E-02  7.3789813E-02  7.8767069E-02  8.3110161E-02
  8.6784847E-02  8.9760490E-02  9.2013545E-02  9.3525939E-02  9.4285518E-02
  9.4285481E-02  9.3525939E-02  9.2013508E-02  8.9760453E-02  8.6784825E-02
  8.3110161E-02  7.8767024E-02  7.3789775E-02  6.8217866E-02  6.2096588E-02
  5.5475235E-02  4.8407715E-02  4.0950235E-02  3.3162694E-02  2.5108740E-02
  1.6852345E-02  8.4601743E-03  0.0000000E+00 -8.4601762E-03 -1.6852345E-02
 -2.5108736E-02 -3.3162694E-02 -4.0950235E-02 -4.8407715E-02 -5.5475239E-02
 -6.2096581E-02 -6.8217874E-02 -7.3789738E-02 -7.8767054E-02 -8.3110161E-02
 -8.6784825E-02 -8.9760467E-02 -9.2013508E-02 -9.3525954E-02 -9.4285458E-02
  6.8765894E-02  6.8212256E-02  6.7109548E-02  6.5466203E-02  6.3296422E-02
  6.0616732E-02  5.7448640E-02  5.3817887E-02  4.9754255E-02  4.5289729E-02
  4.0460523E-02  3.5305653E-02  2.9866574E-02  2.4187079E-02  1.8312812E-02
  1.2290980E-02  6.1703878E-03  9.7362805E-11 -6.1703892E-03 -1.2290974E-02
 -1.8312812E-02 -2.4187086E-02 -2.9866586E-02 -3.5305653E-02 -4.0460512E-02
 -4.5289733E-02 -4.9754277E-02 -5.3817894E-02 -5.7448644E-02 -6.0616702E-02
 -6.3296445E-02 -6.5466203E-02 -6.7109540E-02 -6.8212271E-02 -6.8765901E-02
  4.4161968E-02  4.3806721E-02  4.3098476E-02  4.2042699E-02  4.0649138E-02
  3.8928304E-02  3.6893677E-02  3.4561757E-02  3.1951867E-02  2.9084967E-02
  2.5983965E-02  2.2673599E-02  1.9180765E-02  1.5533323E-02  1.1760619E-02
  7.8934198E-03  3.9626821E-03  9.5483177E-11 -3.9626807E-03 -7.8934189E-03
 -1.1760620E-02 -1.5533330E-02 -1.9180756E-02 -2.2673599E-02 -2.5983989E-02
 -2.9084954E-02 -3.1951901E-02 -3.4561735E-02 -3.6893684E-02 -3.8928337E-02
 -4.0649127E-02 -4.2042699E-02 -4.3098494E-02 -4.3806721E-02 -4.4161942E-02
  2.0474197E-02  2.0309556E-02  1.9980995E-02  1.9491805E-02  1.8845361E-02
  1.8047003E-02  1.7104348E-02  1.6023941E-02  1.4813915E-02  1.3484606E-02
  1.2046745E-02  1.0511861E-02  8.8921962E-03  7.2011473E-03  5.4523647E-03
  3.6595501E-03  1.8371104E-03  0.0000000E+00 -1.8371110E-03 -3.6595475E-03
 -5.4523754E-03 -7.2011449E-03 -8.8922018E-03 -1.0511867E-02 -1.2046750E-02
 -1.3484610E-02 -1.4813884E-02 -1.6023921E-02 -1.7104348E-02 -1.8047009E-02
 -1.8845318E-02 -1.9491814E-02 -1.9980974E-02 -2.0309532E-02 -2.0474209E-02
  0.1133512      0.1124381      0.1106201      0.1079119      0.1043346    
  9.9917196E-02  9.4694898E-02  8.8710248E-02  8.2011640E-02  7.4652731E-02
  6.6692702E-02  5.8196153E-02  4.9230773E-02  3.9868996E-02  3.0185875E-02
  2.0259904E-02  1.0170856E-02 -2.1110702E-10 -1.0170855E-02 -2.0259907E-02
 -3.0185869E-02 -3.9868984E-02 -4.9230769E-02 -5.8196153E-02 -6.6692688E-02
 -7.4652754E-02 -8.2011625E-02 -8.8710256E-02 -9.4694905E-02 -9.9917196E-02
 -0.1043346     -0.1079119     -0.1106201     -0.1124381     -0.1133512    
  7.9189405E-02  7.8551941E-02  7.7281982E-02  7.5389393E-02  7.2890051E-02
  6.9804169E-02  6.6156060E-02  6.1975397E-02  5.7295542E-02  5.2154653E-02
  4.6593830E-02  4.0657394E-02  3.4393553E-02  2.7853206E-02  2.1088373E-02
  1.4154105E-02  7.1055992E-03  1.0044073E-10 -7.1056033E-03 -1.4154105E-02
 -2.1088373E-02 -2.7853195E-02 -3.4393545E-02 -4.0657394E-02 -4.6593826E-02
 -5.2154653E-02 -5.7295557E-02 -6.1975386E-02 -6.6156052E-02 -6.9804154E-02
 -7.2890058E-02 -7.5389393E-02 -7.7281982E-02 -7.8551948E-02 -7.9189427E-02
  4.7948323E-02  4.7562413E-02  4.6793438E-02  4.5647554E-02  4.4134431E-02
  4.2265676E-02  4.0056553E-02  3.7525423E-02  3.4691509E-02  3.1578712E-02
  2.8211448E-02  2.4617169E-02  2.0824837E-02  1.6864944E-02  1.2768689E-02
  8.5703600E-03  4.3023024E-03  1.9065477E-10 -4.3023024E-03 -8.5703628E-03
 -1.2768672E-02 -1.6864948E-02 -2.0824827E-02 -2.4617163E-02 -2.8211448E-02
 -3.1578723E-02 -3.4691557E-02 -3.7525423E-02 -4.0056564E-02 -4.2265676E-02
 -4.4134431E-02 -4.5647562E-02 -4.6793450E-02 -4.7562435E-02 -4.7948249E-02
  1.9626215E-02  1.9467961E-02  1.9153038E-02  1.8684337E-02  1.8065106E-02
  1.7300310E-02  1.6396090E-02  1.5360085E-02  1.4199935E-02  1.2926292E-02
  1.1547645E-02  1.0076346E-02  8.5243527E-03  6.9031063E-03  5.2264412E-03
  3.5081597E-03  1.7609184E-03  0.0000000E+00 -1.7609210E-03 -3.5081545E-03
 -5.2264384E-03 -6.9031012E-03 -8.5243527E-03 -1.0076331E-02 -1.1547645E-02
 -1.2926311E-02 -1.4199935E-02 -1.5360085E-02 -1.6396070E-02 -1.7300291E-02
 -1.8065095E-02 -1.8684346E-02 -1.9153029E-02 -1.9467991E-02 -1.9626204E-02
  8.2610570E-02  8.1945479E-02  8.0620736E-02  7.8646958E-02  7.6039672E-02
  7.2820053E-02  6.9014072E-02  6.4652763E-02  5.9770640E-02  5.4407880E-02
  4.8605863E-02  4.2413861E-02  3.5879653E-02  2.9056365E-02  2.1999959E-02
  1.4765732E-02  7.4126087E-03  0.0000000E+00 -7.4126087E-03 -1.4765727E-02
 -2.1999959E-02 -2.9056363E-02 -3.5879664E-02 -4.2413864E-02 -4.8605870E-02
 -5.4407898E-02 -5.9770670E-02 -6.4652704E-02 -6.9014072E-02 -7.2820105E-02
 -7.6039694E-02 -7.8646958E-02 -8.0620758E-02 -8.1945509E-02 -8.2610533E-02
  3.9133932E-02  3.8818933E-02  3.8191184E-02  3.7255842E-02  3.6020823E-02
  3.4495834E-02  3.2692861E-02  3.0626666E-02  2.8314361E-02  2.5773207E-02
  2.3025189E-02  2.0092115E-02  1.6996438E-02  1.3764348E-02  1.0421781E-02
  6.9947266E-03  3.5114491E-03  1.2772913E-10 -3.5114528E-03 -6.9947266E-03
 -1.0421788E-02 -1.3764365E-02 -1.6996428E-02 -2.0092098E-02 -2.3025189E-02
 -2.5773186E-02 -2.8314374E-02 -3.0626688E-02 -3.2692816E-02 -3.4495834E-02
 -3.6020845E-02 -3.7255887E-02 -3.8191129E-02 -3.8818952E-02 -3.9133899E-02
  3.8489122E-03  3.8178882E-03  3.7561946E-03  3.6643995E-03  3.5427578E-03
  3.3928589E-03  3.2153400E-03  3.0125305E-03  2.7849425E-03  2.5348270E-03
  2.2647695E-03  1.9761280E-03  1.6717756E-03  1.3536541E-03  1.0250651E-03
  6.8842131E-04  3.4531590E-04  1.1270226E-10 -3.4531942E-04 -6.8842602E-04
 -1.0250604E-03 -1.3536494E-03 -1.6717805E-03 -1.9761326E-03 -2.2647646E-03
 -2.5348177E-03 -2.7849237E-03 -3.0125210E-03 -3.2152741E-03 -3.3928775E-03
 -3.5427578E-03 -3.6643809E-03 -3.7562230E-03 -3.8178882E-03 -3.8489029E-03
 -2.3243597E-02 -2.3056369E-02 -2.2683611E-02 -2.2128254E-02 -2.1394709E-02
 -2.0488696E-02 -1.9418195E-02 -1.8190920E-02 -1.6817443E-02 -1.5308362E-02
 -1.3675931E-02 -1.1933602E-02 -1.0094938E-02 -8.1757130E-03 -6.1897119E-03
 -4.1543618E-03 -2.0856909E-03  4.8837451E-11  2.0856936E-03  4.1543660E-03
  6.1897114E-03  8.1757214E-03  1.0094921E-02  1.1933582E-02  1.3675914E-02
  1.5308335E-02  1.6817434E-02  1.8190920E-02  1.9418193E-02  2.0488709E-02
  2.1394709E-02  2.2128254E-02  2.2683620E-02  2.3056386E-02  2.3243597E-02
 -4.2143717E-02 -4.1804347E-02 -4.1128583E-02 -4.0121451E-02 -3.8791347E-02
 -3.7149016E-02 -3.5207354E-02 -3.2982647E-02 -3.0491870E-02 -2.7755931E-02
 -2.4796404E-02 -2.1637158E-02 -1.8304134E-02 -1.4823224E-02 -1.1222893E-02
 -7.5329994E-03 -3.7815480E-03  8.2648346E-11  3.7815450E-03  7.5330064E-03
  1.1222901E-02  1.4823220E-02  1.8304134E-02  2.1637170E-02  2.4796410E-02
  2.7755924E-02  3.0491857E-02  3.2982647E-02  3.5207354E-02  3.7149027E-02
  3.8791358E-02  4.0121462E-02  4.1128565E-02  4.1804340E-02  4.2143717E-02
 -5.2851826E-02 -5.2426368E-02 -5.1578682E-02 -5.0315753E-02 -4.8647810E-02
 -4.6588056E-02 -4.4153169E-02 -4.1362915E-02 -3.8239457E-02 -3.4808345E-02
 -3.1096969E-02 -2.7134951E-02 -2.2954613E-02 -1.8589638E-02 -1.4074392E-02
 -9.4469646E-03 -4.7423840E-03 -3.3810687E-11  4.7423858E-03  9.4469646E-03
  1.4074396E-02  1.8589638E-02  2.2954607E-02  2.7134957E-02  3.1096971E-02
  3.4808345E-02  3.8239460E-02  4.1362904E-02  4.4153169E-02  4.6588056E-02
  4.8647821E-02  5.0315768E-02  5.1578682E-02  5.2426368E-02  5.2851837E-02
 -5.5367582E-02 -5.4921743E-02 -5.4033734E-02 -5.2710768E-02 -5.0963327E-02
 -4.8805483E-02 -4.6254810E-02 -4.3331750E-02 -4.0059652E-02 -3.6465172E-02
 -3.2577049E-02 -2.8426729E-02 -2.4046993E-02 -1.9474596E-02 -1.4744349E-02
 -9.8965624E-03 -4.9681379E-03  0.0000000E+00  4.9681384E-03  9.8965643E-03
  1.4744347E-02  1.9474598E-02  2.4046995E-02  2.8426733E-02  3.2577045E-02
  3.6465183E-02  4.0059652E-02  4.3331765E-02  4.6254810E-02  4.8805468E-02
  5.0963320E-02  5.2710775E-02  5.4033734E-02  5.4921746E-02  5.5367567E-02
 -4.9691059E-02 -4.9290922E-02 -4.8494037E-02 -4.7306586E-02 -4.5738347E-02
 -4.3801803E-02 -4.1512638E-02 -3.8889159E-02 -3.5952613E-02 -3.2726612E-02
 -2.9237108E-02 -2.5512196E-02 -2.1581866E-02 -1.7477755E-02 -1.3232931E-02
 -8.8817058E-03 -4.4587199E-03  0.0000000E+00  4.4587194E-03  8.8817040E-03
  1.3232932E-02  1.7477755E-02  2.1581862E-02  2.5512198E-02  2.9237112E-02
  3.2726612E-02  3.5952613E-02  3.8889159E-02  4.1512638E-02  4.3801803E-02
  4.5738347E-02  4.7306586E-02  4.8494034E-02  4.9290922E-02  4.9691048E-02
 -3.5822287E-02 -3.5533834E-02 -3.4959350E-02 -3.4103308E-02 -3.2972764E-02
 -3.1576779E-02 -2.9926464E-02 -2.8035149E-02 -2.5918284E-02 -2.3592578E-02
 -2.1077069E-02 -1.8391730E-02 -1.5558348E-02 -1.2599745E-02 -9.5396349E-03
 -6.4027808E-03 -3.2142783E-03  2.8175517E-12  3.2142787E-03  6.4027808E-03
  9.5396368E-03  1.2599747E-02  1.5558348E-02  1.8391732E-02  2.1077072E-02
  2.3592593E-02  2.5918283E-02  2.8035145E-02  2.9926471E-02  3.1576775E-02
  3.2972764E-02  3.4103312E-02  3.4959357E-02  3.5533831E-02  3.5822287E-02
 -1.3761261E-02 -1.3650474E-02 -1.3429766E-02 -1.3100877E-02 -1.2666628E-02
 -1.2130333E-02 -1.1496365E-02 -1.0769807E-02 -9.9566206E-03 -9.0631498E-03
 -8.0968495E-03 -7.0652626E-03 -5.9767761E-03 -4.8402702E-03 -3.6646863E-03
 -2.4596085E-03 -1.2348000E-03  0.0000000E+00  1.2348000E-03  2.4596085E-03
  3.6646863E-03  4.8402702E-03  5.9767761E-03  7.0652626E-03  8.0968495E-03
  9.0631498E-03  9.9566206E-03  1.0769807E-02  1.1496365E-02  1.2130333E-02
  1.2666628E-02  1.3100877E-02  1.3429766E-02  1.3650473E-02  1.3761261E-02
  2.3243589E-02  2.3056392E-02  2.2683587E-02  2.2128269E-02  2.1394692E-02
  2.0488704E-02  1.9418195E-02  1.8190928E-02  1.6817426E-02  1.5308343E-02
  1.3675914E-02  1.1933590E-02  1.0094927E-02  8.1757167E-03  6.1897114E-03
  4.1543618E-03  2.0856916E-03  4.8837451E-11 -2.0856916E-03 -4.1543641E-03
 -6.1897160E-03 -8.1757167E-03 -1.0094926E-02 -1.1933590E-02 -1.3675923E-02
 -1.5308337E-02 -1.6817434E-02 -1.8190920E-02 -1.9418204E-02 -2.0488702E-02
 -2.1394692E-02 -2.2128269E-02 -2.2683579E-02 -2.3056393E-02 -2.3243597E-02
 -3.8489404E-03 -3.8178789E-03 -3.7562419E-03 -3.6644184E-03 -3.5427953E-03
 -3.3928871E-03 -3.2153307E-03 -3.0125305E-03 -2.7849234E-03 -2.5348458E-03
 -2.2647693E-03 -1.9761419E-03 -1.6717851E-03 -1.3536682E-03 -1.0250628E-03
 -6.8842369E-04 -3.4531942E-04 -1.1270226E-10  3.4532062E-04  6.8842602E-04
  1.0250651E-03  1.3536589E-03  1.6717897E-03  1.9761373E-03  2.2647791E-03
  2.5348270E-03  2.7849330E-03  3.0125305E-03  3.2153307E-03  3.3928871E-03
  3.5427860E-03  3.6644184E-03  3.7562228E-03  3.8178789E-03  3.8489217E-03
 -3.9133932E-02 -3.8818952E-02 -3.8191184E-02 -3.7255865E-02 -3.6020845E-02
 -3.4495849E-02 -3.2692861E-02 -3.0626699E-02 -2.8314371E-02 -2.5773201E-02
 -2.3025203E-02 -2.0092115E-02 -1.6996445E-02 -1.3764365E-02 -1.0421794E-02
 -6.9947266E-03 -3.5114519E-03  1.2772913E-10  3.5114544E-03  6.9947266E-03
  1.0421788E-02  1.3764365E-02  1.6996445E-02  2.0092115E-02  2.3025203E-02
  2.5773233E-02  2.8314350E-02  3.0626699E-02  3.2692861E-02  3.4495834E-02
  3.6020845E-02  3.7255865E-02  3.8191184E-02  3.8818944E-02  3.9133962E-02
 -8.2610592E-02 -8.1945546E-02 -8.0620751E-02 -7.8646958E-02 -7.6039717E-02
 -7.2820090E-02 -6.9014095E-02 -6.4652763E-02 -5.9770659E-02 -5.4407928E-02
 -4.8605889E-02 -4.2413875E-02 -3.5879664E-02 -2.9056370E-02 -2.1999959E-02
 -1.4765732E-02 -7.4126110E-03  0.0000000E+00  7.4126124E-03  1.4765733E-02
  2.1999959E-02  2.9056374E-02  3.5879664E-02  4.2413875E-02  4.8605889E-02
  5.4407906E-02  5.9770659E-02  6.4652726E-02  6.9014110E-02  7.2820112E-02
  7.6039694E-02  7.8646980E-02  8.0620766E-02  8.1945531E-02  8.2610600E-02
 -1.9626224E-02 -1.9468011E-02 -1.9153049E-02 -1.8684376E-02 -1.8065115E-02
 -1.7300300E-02 -1.6396100E-02 -1.5360096E-02 -1.4199935E-02 -1.2926332E-02
 -1.1547649E-02 -1.0076351E-02 -8.5243620E-03 -6.9031212E-03 -5.2264435E-03
 -3.5081571E-03 -1.7609197E-03 -9.0214031E-11  1.7609210E-03  3.5081648E-03
  5.2264458E-03  6.9031161E-03  8.5243620E-03  1.0076346E-02  1.1547655E-02
  1.2926301E-02  1.4199945E-02  1.5360077E-02  1.6396109E-02  1.7300310E-02
  1.8065086E-02  1.8684356E-02  1.9153049E-02  1.9468011E-02  1.9626236E-02
 -4.7948312E-02 -4.7562435E-02 -4.6793438E-02 -4.5647576E-02 -4.4134460E-02
 -4.2265687E-02 -4.0056586E-02 -3.7525415E-02 -3.4691546E-02 -3.1578735E-02
 -2.8211432E-02 -2.4617178E-02 -2.0824831E-02 -1.6864944E-02 -1.2768697E-02
 -8.5703656E-03 -4.3023014E-03  0.0000000E+00  4.3023033E-03  8.5703628E-03
  1.2768697E-02  1.6864941E-02  2.0824831E-02  2.4617178E-02  2.8211437E-02
  3.1578723E-02  3.4691550E-02  3.7525415E-02  4.0056564E-02  4.2265709E-02
  4.4134460E-02  4.5647576E-02  4.6793461E-02  4.7562435E-02  4.7948301E-02
 -7.9189435E-02 -7.8551926E-02 -7.7281989E-02 -7.5389393E-02 -7.2890066E-02
 -6.9804169E-02 -6.6156089E-02 -6.1975386E-02 -5.7295546E-02 -5.2154664E-02
 -4.6593823E-02 -4.0657401E-02 -3.4393553E-02 -2.7853211E-02 -2.1088367E-02
 -1.4154110E-02 -7.1056043E-03  1.0044073E-10  7.1056043E-03  1.4154113E-02
  2.1088379E-02  2.7853208E-02  3.4393556E-02  4.0657401E-02  4.6593834E-02
  5.2154664E-02  5.7295553E-02  6.1975386E-02  6.6156082E-02  6.9804162E-02
  7.2890051E-02  7.5389415E-02  7.7282004E-02  7.8551948E-02  7.9189450E-02
 -0.1133512     -0.1124381     -0.1106201     -0.1079120     -0.1043346    
 -9.9917218E-02 -9.4694920E-02 -8.8710286E-02 -8.2011640E-02 -7.4652769E-02
 -6.6692725E-02 -5.8196165E-02 -4.9230788E-02 -3.9868992E-02 -3.0185882E-02
 -2.0259911E-02 -1.0170855E-02  2.1110702E-10  1.0170860E-02  2.0259909E-02
  3.0185882E-02  3.9868992E-02  4.9230777E-02  5.8196165E-02  6.6692725E-02
  7.4652724E-02  8.2011640E-02  8.8710256E-02  9.4694912E-02  9.9917218E-02
  0.1043346      0.1079120      0.1106201      0.1124381      0.1133512    
 -2.0474197E-02 -2.0309569E-02 -1.9980995E-02 -1.9491840E-02 -1.8845376E-02
 -1.8047029E-02 -1.7104363E-02 -1.6023953E-02 -1.4813915E-02 -1.3484642E-02
 -1.2046760E-02 -1.0511877E-02 -8.8922018E-03 -7.2011608E-03 -5.4523726E-03
 -3.6595541E-03 -1.8371122E-03  0.0000000E+00  1.8371129E-03  3.6595541E-03
  5.4523777E-03  7.2011575E-03  8.8921990E-03  1.0511883E-02  1.2046750E-02
  1.3484658E-02  1.4813915E-02  1.6023953E-02  1.7104363E-02  1.8047040E-02
  1.8845361E-02  1.9491825E-02  1.9980995E-02  2.0309571E-02  2.0474197E-02
 -4.4161983E-02 -4.3806765E-02 -4.3098513E-02 -4.2042699E-02 -4.0649176E-02
 -3.8928352E-02 -3.6893684E-02 -3.4561735E-02 -3.1951886E-02 -2.9084982E-02
 -2.5983989E-02 -2.2673612E-02 -1.9180765E-02 -1.5533329E-02 -1.1760630E-02
 -7.8934208E-03 -3.9626840E-03  9.5483177E-11  3.9626821E-03  7.8934235E-03
  1.1760633E-02  1.5533323E-02  1.9180762E-02  2.2673622E-02  2.5983989E-02
  2.9084982E-02  3.1951882E-02  3.4561742E-02  3.6893696E-02  3.8928341E-02
  4.0649176E-02  4.2042699E-02  4.3098513E-02  4.3806758E-02  4.4161983E-02
 -6.8765901E-02 -6.8212293E-02 -6.7109540E-02 -6.5466218E-02 -6.3296445E-02
 -6.0616732E-02 -5.7448644E-02 -5.3817913E-02 -4.9754288E-02 -4.5289733E-02
 -4.0460538E-02 -3.5305653E-02 -2.9866602E-02 -2.4187081E-02 -1.8312812E-02
 -1.2290982E-02 -6.1703906E-03 -4.8681399E-11  6.1703934E-03  1.2290983E-02
  1.8312810E-02  2.4187081E-02  2.9866602E-02  3.5305653E-02  4.0460534E-02
  4.5289721E-02  4.9754310E-02  5.3817902E-02  5.7448640E-02  6.0616732E-02
  6.3296460E-02  6.5466225E-02  6.7109548E-02  6.8212293E-02  6.8765894E-02
 -9.4285533E-02 -9.3525954E-02 -9.2013530E-02 -8.9760467E-02 -8.6784825E-02
 -8.3110161E-02 -7.8767054E-02 -7.3789760E-02 -6.8217888E-02 -6.2096581E-02
 -5.5475261E-02 -4.8407730E-02 -4.0950242E-02 -3.3162694E-02 -2.5108740E-02
 -1.6852347E-02 -8.4601743E-03  0.0000000E+00  8.4601762E-03  1.6852347E-02
  2.5108736E-02  3.3162706E-02  4.0950235E-02  4.8407726E-02  5.5475269E-02
  6.2096588E-02  6.8217866E-02  7.3789813E-02  7.8767069E-02  8.3110161E-02
  8.6784847E-02  8.9760490E-02  9.2013545E-02  9.3525939E-02  9.4285518E-02
  9.4285481E-02  9.3525939E-02  9.2013508E-02  8.9760453E-02  8.6784825E-02
  8.3110161E-02  7.8767024E-02  7.3789775E-02  6.8217866E-02  6.2096588E-02
  5.5475235E-02  4.8407715E-02  4.0950235E-02  3.3162694E-02  2.5108740E-02
  1.6852345E-02  8.4601743E-03  0.0000000E+00 -8.4601762E-03 -1.6852345E-02
 -2.5108736E-02 -3.3162694E-02 -4.0950235E-02 -4.8407715E-02 -5.5475239E-02
 -6.2096581E-02 -6.8217874E-02 -7.3789738E-02 -7.8767054E-02 -8.3110161E-02
 -8.6784825E-02 -8.9760467E-02 -9.2013508E-02 -9.3525954E-02 -9.4285458E-02
  6.8765894E-02  6.8212256E-02  6.7109548E-02  6.5466203E-02  6.3296422E-02
  6.0616732E-02  5.7448640E-02  5.3817887E-02  4.9754255E-02  4.5289729E-02
  4.0460523E-02  3.5305653E-02  2.9866574E-02  2.4187079E-02  1.8312812E-02
  1.2290980E-02  6.1703878E-03  9.7362805E-11 -6.1703892E-03 -1.2290974E-02
 -1.8312812E-02 -2.4187086E-02 -2.9866586E-02 -3.5305653E-02 -4.0460512E-02
 -4.5289733E-02 -4.9754277E-02 -5.3817894E-02 -5.7448644E-02 -6.0616702E-02
 -6.3296445E-02 -6.5466203E-02 -6.7109540E-02 -6.8212271E-02 -6.8765901E-02
  4.4161968E-02  4.3806721E-02  4.3098476E-02  4.2042699E-02  4.0649138E-02
  3.8928304E-02  3.6893677E-02  3.4561757E-02  3.1951867E-02  2.9084967E-02
  2.5983965E-02  2.2673599E-02  1.9180765E-02  1.5533323E-02  1.1760619E-02
  7.8934198E-03  3.9626821E-03  9.5483177E-11 -3.9626807E-03 -7.8934189E-03
 -1.1760620E-02 -1.5533330E-02 -1.9180756E-02 -2.2673599E-02 -2.5983989E-02
 -2.9084954E-02 -3.1951901E-02 -3.4561735E-02 -3.6893684E-02 -3.8928337E-02
 -4.0649127E-02 -4.2042699E-02 -4.3098494E-02 -4.3806721E-02 -4.4161942E-02
  2.0474197E-02  2.0309556E-02  1.9980995E-02  1.9491805E-02  1.8845361E-02
  1.8047003E-02  1.7104348E-02  1.6023941E-02  1.4813915E-02  1.3484606E-02
  1.2046745E-02  1.0511861E-02  8.8921962E-03  7.2011473E-03  5.4523647E-03
  3.6595501E-03  1.8371104E-03  0.0000000E+00 -1.8371110E-03 -3.6595475E-03
 -5.4523754E-03 -7.2011449E-03 -8.8922018E-03 -1.0511867E-02 -1.2046750E-02
 -1.3484610E-02 -1.4813884E-02 -1.6023921E-02 -1.7104348E-02 -1.8047009E-02
 -1.8845318E-02 -1.9491814E-02 -1.9980974E-02 -2.0309532E-02 -2.0474209E-02
  0.1133512      0.1124381      0.1106201      0.1079119      0.1043346    
  9.9917196E-02  9.4694898E-02  8.8710248E-02  8.2011640E-02  7.4652731E-02
  6.6692702E-02  5.8196153E-02  4.9230773E-02  3.9868996E-02  3.0185875E-02
  2.0259904E-02  1.0170856E-02 -2.1110702E-10 -1.0170855E-02 -2.0259907E-02
 -3.0185869E-02 -3.9868984E-02 -4.9230769E-02 -5.8196153E-02 -6.6692688E-02
 -7.4652754E-02 -8.2011625E-02 -8.8710256E-02 -9.4694905E-02 -9.9917196E-02
 -0.1043346     -0.1079119     -0.1106201     -0.1124381     -0.1133512    
  7.9189405E-02  7.8551941E-02  7.7281982E-02  7.5389393E-02  7.2890051E-02
  6.9804169E-02  6.6156060E-02  6.1975397E-02  5.7295542E-02  5.2154653E-02
  4.6593830E-02  4.0657394E-02  3.4393553E-02  2.7853206E-02  2.1088373E-02
  1.4154105E-02  7.1055992E-03  1.0044073E-10 -7.1056033E-03 -1.4154105E-02
 -2.1088373E-02 -2.7853195E-02 -3.4393545E-02 -4.0657394E-02 -4.6593826E-02
 -5.2154653E-02 -5.7295557E-02 -6.1975386E-02 -6.6156052E-02 -6.9804154E-02
 -7.2890058E-02 -7.5389393E-02 -7.7281982E-02 -7.8551948E-02 -7.9189427E-02
  4.7948323E-02  4.7562413E-02  4.6793438E-02  4.5647554E-02  4.4134431E-02
  4.2265676E-02  4.0056553E-02  3.7525423E-02  3.4691509E-02  3.1578712E-02
  2.8211448E-02  2.4617169E-02  2.0824837E-02  1.6864944E-02  1.2768689E-02
  8.5703600E-03  4.3023024E-03  1.9065477E-10 -4.3023024E-03 -8.5703628E-03
 -1.2768672E-02 -1.6864948E-02 -2.0824827E-02 -2.4617163E-02 -2.8211448E-02
 -3.1578723E-02 -3.4691557E-02 -3.7525423E-02 -4.0056564E-02 -4.2265676E-02
 -4.4134431E-02 -4.5647562E-02 -4.6793450E-02 -4.7562435E-02 -4.7948249E-02
  1.9626215E-02  1.9467961E-02  1.9153038E-02  1.8684337E-02  1.8065106E-02
  1.7300310E-02  1.6396090E-02  1.5360085E-02  1.4199935E-02  1.2926292E-02
  1.1547645E-02  1.0076346E-02  8.5243527E-03  6.9031063E-03  5.2264412E-03
  3.5081597E-03  1.7609184E-03  0.0000000E+00 -1.7609210E-03 -3.5081545E-03
 -5.2264384E-03 -6.9031012E-03 -8.5243527E-03 -1.0076331E-02 -1.1547645E-02
 -1.2926311E-02 -1.4199935E-02 -1.5360085E-02 -1.6396070E-02 -1.7300291E-02
 -1.8065095E-02 -1.8684346E-02 -1.9153029E-02 -1.9467991E-02 -1.9626204E-02
  8.2610570E-02  8.1945479E-02  8.0620736E-02  7.8646958E-02  7.6039672E-02
  7.2820053E-02  6.9014072E-02  6.4652763E-02  5.9770640E-02  5.4407880E-02
  4.8605863E-02  4.2413861E-02  3.5879653E-02  2.9056365E-02  2.1999959E-02
  1.4765732E-02  7.4126087E-03  0.0000000E+00 -7.4126087E-03 -1.4765727E-02
 -2.1999959E-02 -2.9056363E-02 -3.5879664E-02 -4.2413864E-02 -4.8605870E-02
 -5.4407898E-02 -5.9770670E-02 -6.4652704E-02 -6.9014072E-02 -7.2820105E-02
 -7.6039694E-02 -7.8646958E-02 -8.0620758E-02 -8.1945509E-02 -8.2610533E-02
  3.9133932E-02  3.8818933E-02  3.8191184E-02  3.7255842E-02  3.6020823E-02
  3.4495834E-02  3.2692861E-02  3.0626666E-02  2.8314361E-02  2.5773207E-02
  2.3025189E-02  2.0092115E-02  1.6996438E-02  1.3764348E-02  1.0421781E-02
  6.9947266E-03  3.5114491E-03  1.2772913E-10 -3.5114528E-03 -6.9947266E-03
 -1.0421788E-02 -1.3764365E-02 -1.6996428E-02 -2.0092098E-02 -2.3025189E-02
 -2.5773186E-02 -2.8314374E-02 -3.0626688E-02 -3.2692816E-02 -3.4495834E-02
 -3.6020845E-02 -3.7255887E-02 -3.8191129E-02 -3.8818952E-02 -3.9133899E-02
  3.8489122E-03  3.8178882E-03  3.7561946E-03  3.6643995E-03  3.5427578E-03
  3.3928589E-03  3.2153400E-03  3.0125305E-03  2.7849425E-03  2.5348270E-03
  2.2647695E-03  1.9761280E-03  1.6717756E-03  1.3536541E-03  1.0250651E-03
  6.8842131E-04  3.4531590E-04  1.1270226E-10 -3.4531942E-04 -6.8842602E-04
 -1.0250604E-03 -1.3536494E-03 -1.6717805E-03 -1.9761326E-03 -2.2647646E-03
 -2.5348177E-03 -2.7849237E-03 -3.0125210E-03 -3.2152741E-03 -3.3928775E-03
 -3.5427578E-03 -3.6643809E-03 -3.7562230E-03 -3.8178882E-03 -3.8489029E-03
 -2.3243597E-02 -2.3056369E-02 -2.2683611E-02 -2.2128254E-02 -2.1394709E-02
 -2.0488696E-02 -1.9418195E-02 -1.8190920E-02 -1.6817443E-02 -1.5308362E-02
 -1.3675931E-02 -1.1933602E-02 -1.0094938E-02 -8.1757130E-03 -6.1897119E-03
 -4.1543618E-03 -2.0856909E-03  4.8837451E-11  2.0856936E-03  4.1543660E-03
  6.1897114E-03  8.1757214E-03  1.0094921E-02  1.1933582E-02  1.3675914E-02
  1.5308335E-02  1.6817434E-02  1.8190920E-02  1.9418193E-02  2.0488709E-02
  2.1394709E-02  2.2128254E-02  2.2683620E-02  2.3056386E-02  2.3243597E-02
 -4.2143717E-02 -4.1804347E-02 -4.1128583E-02 -4.0121451E-02 -3.8791347E-02
 -3.7149016E-02 -3.5207354E-02 -3.2982647E-02 -3.0491870E-02 -2.7755931E-02
 -2.4796404E-02 -2.1637158E-02 -1.8304134E-02 -1.4823224E-02 -1.1222893E-02
 -7.5329994E-03 -3.7815480E-03  8.2648346E-11  3.7815450E-03  7.5330064E-03
  1.1222901E-02  1.4823220E-02  1.8304134E-02  2.1637170E-02  2.4796410E-02
  2.7755924E-02  3.0491857E-02  3.2982647E-02  3.5207354E-02  3.7149027E-02
  3.8791358E-02  4.0121462E-02  4.1128565E-02  4.1804340E-02  4.2143717E-02
 -5.2851826E-02 -5.2426368E-02 -5.1578682E-02 -5.0315753E-02 -4.8647810E-02
 -4.6588056E-02 -4.4153169E-02 -4.1362915E-02 -3.8239457E-02 -3.4808345E-02
 -3.1096969E-02 -2.7134951E-02 -2.2954613E-02 -1.8589638E-02 -1.4074392E-02
 -9.4469646E-03 -4.7423840E-03 -3.3810687E-11  4.7423858E-03  9.4469646E-03
  1.4074396E-02  1.8589638E-02  2.2954607E-02  2.7134957E-02  3.1096971E-02
  3.4808345E-02  3.8239460E-02  4.1362904E-02  4.4153169E-02  4.6588056E-02
  4.8647821E-02  5.0315768E-02  5.1578682E-02  5.2426368E-02  5.2851837E-02
 -5.5367582E-02 -5.4921743E-02 -5.4033734E-02 -5.2710768E-02 -5.0963327E-02
 -4.8805483E-02 -4.6254810E-02 -4.3331750E-02 -4.0059652E-02 -3.6465172E-02
 -3.2577049E-02 -2.8426729E-02 -2.4046993E-02 -1.9474596E-02 -1.4744349E-02
 -9.8965624E-03 -4.9681379E-03  0.0000000E+00  4.9681384E-03  9.8965643E-03
  1.4744347E-02  1.9474598E-02  2.4046995E-02  2.8426733E-02  3.2577045E-02
  3.6465183E-02  4.0059652E-02  4.3331765E-02  4.6254810E-02  4.8805468E-02
  5.0963320E-02  5.2710775E-02  5.4033734E-02  5.4921746E-02  5.5367567E-02
 -4.9691059E-02 -4.9290922E-02 -4.8494037E-02 -4.7306586E-02 -4.5738347E-02
 -4.3801803E-02 -4.1512638E-02 -3.8889159E-02 -3.5952613E-02 -3.2726612E-02
 -2.9237108E-02 -2.5512196E-02 -2.1581866E-02 -1.7477755E-02 -1.3232931E-02
 -8.8817058E-03 -4.4587199E-03  0.0000000E+00  4.4587194E-03  8.8817040E-03
  1.3232932E-02  1.7477755E-02  2.1581862E-02  2.5512198E-02  2.9237112E-02
  3.2726612E-02  3.5952613E-02  3.8889159E-02  4.1512638E-02  4.3801803E-02
  4.5738347E-02  4.7306586E-02  4.8494034E-02  4.9290922E-02  4.9691048E-02
 -3.5822287E-02 -3.5533834E-02 -3.4959350E-02 -3.4103308E-02 -3.2972764E-02
 -3.1576779E-02 -2.9926464E-02 -2.8035149E-02 -2.5918284E-02 -2.3592578E-02
 -2.1077069E-02 -1.8391730E-02 -1.5558348E-02 -1.2599745E-02 -9.5396349E-03
 -6.4027808E-03 -3.2142783E-03  2.8175517E-12  3.2142787E-03  6.4027808E-03
  9.5396368E-03  1.2599747E-02  1.5558348E-02  1.8391732E-02  2.1077072E-02
  2.3592593E-02  2.5918283E-02  2.8035145E-02  2.9926471E-02  3.1576775E-02
  3.2972764E-02  3.4103312E-02  3.4959357E-02  3.5533831E-02  3.5822287E-02
 -1.3761261E-02 -1.3650474E-02 -1.3429766E-02 -1.3100877E-02 -1.2666628E-02
 -1.2130333E-02 -1.1496365E-02 -1.0769807E-02 -9.9566206E-03 -9.0631498E-03
 -8.0968495E-03 -7.0652626E-03 -5.9767761E-03 -4.8402702E-03 -3.6646863E-03
 -2.4596085E-03 -1.2348000E-03  0.0000000E+00  1.2348000E-03  2.4596085E-03
  3.6646863E-03  4.8402702E-03  5.9767761E-03  7.0652626E-03  8.0968495E-03
  9.0631498E-03  9.9566206E-03  1.0769807E-02  1.1496365E-02  1.2130333E-02
  1.2666628E-02  1.3100877E-02  1.3429766E-02  1.3650473E-02  1.3761261E-02
