  5.8324117E-02  -1.570796       5.833023     -2.6204516E-12  2.1536835E-07
 -3.7658765E-12   17.26067     -7.4568476E-12  0.5495415      -1.570796    
   6.070628      1.2456217E-08  7.2534755E-07 -1.5734258E-10   17.96269    
  3.6933283E-08   1.530674      -1.570796       6.088892      5.6046485E-07
  8.6067348E-07  9.3405106E-10   18.01675      1.6591015E-06   3.009081    
  -1.570795       6.118458      5.9175632E-06  7.7993252E-07 -1.9572326E-09
   18.10426      1.7509192E-05   4.980697      -1.570790       6.144551    
  3.4381108E-05  8.1293928E-07 -2.8994691E-09   18.18146      1.0173242E-04
   7.457662      -1.570776       6.182673      1.3967611E-04  8.0781126E-07
 -1.2369128E-09   18.29423      4.1329351E-04   10.40967      -1.570741    
   6.208329      4.4757820E-04  8.4767072E-07  4.3219188E-09   18.37018    
  1.3243728E-03   13.80405      -1.570667       6.218825      1.2104622E-03
  1.1854182E-06  7.1158865E-09   18.40117      3.5817295E-03   17.77775    
  -1.570527       6.275572      2.8918746E-03  1.2815983E-06  9.8953024E-09
   18.56910      8.5569993E-03   22.10265      -1.570277       6.292674    
  6.2433113E-03  1.3025211E-06 -4.2928150E-08   18.61969      1.8473782E-02
   27.06742      -1.569867       6.359686      1.2491525E-02  9.6493204E-07
 -2.3923349E-08   18.81801      3.6961988E-02   32.32918      -1.569216    
   6.390743      2.3371544E-02  8.0313146E-07  2.7997885E-08   18.90992    
  6.9155790E-02   38.22070      -1.568241       6.458689      4.1508026E-02
  3.9538523E-07 -4.7846697E-08   19.11092      0.1228209       44.64357    
  -1.566830       6.537813      7.0457853E-02  5.0562915E-07 -5.8324076E-08
   19.34504      0.2084820       51.31181      -1.564828       6.591625    
  0.1147821      1.4143338E-06 -2.6950147E-08   19.50424      0.3396344    
   58.69876      -1.562109       6.682762      0.1810266      1.1205226E-06
  5.5646524E-08   19.77389      0.5356491       66.69612      -1.558495    
   6.791412      0.2772959      2.3043218E-07  6.5774657E-08   20.09538    
  0.8205031       75.04520      -1.553753       6.892256      0.4133712    
  7.4909968E-07 -1.2014061E-07   20.39376       1.223141       83.70432    
  -1.547647       6.987087      0.6013405      4.7139949E-07 -3.1269155E-07
   20.67435       1.779326       93.24364      -1.540045       7.119916    
  0.8576536      6.1035593E-07 -1.2514647E-07   21.06734       2.537741    
   103.4061      -1.530669       7.266741       1.200397      7.8152669E-07
  2.3748726E-08   21.50177       3.551887       113.9882      -1.519211    
   7.413858       1.650512      6.7006249E-07 -1.5890691E-07   21.93705    
   4.883741       124.7728      -1.505328       7.551130       2.231253    
  4.5431153E-07 -1.1536758E-07   22.34320       6.602082       135.9726    
  -1.488847       7.692822       2.970044     -1.0627954E-06 -3.5401899E-07
   22.76249       8.788100       148.0032      -1.469752       7.858287    
   3.900071     -2.4942483E-06 -4.6496280E-07   23.25204       11.53992    
   160.4539      -1.447687       8.024768       5.052542     -1.7276320E-06
 -7.0780516E-07   23.74463       14.94995       173.0806      -1.422351    
   8.180886       6.459895      3.8284463E-07 -1.3352837E-07   24.20652    
   19.11411       185.5910      -1.393435       8.315075       8.151559    
  1.5963296E-06  4.8952643E-07   24.60356       24.11949       197.7037    
  -1.360670       8.417503       10.15134      2.0602542E-06  1.6844133E-06
   24.90649       30.03649       209.5372      -1.324330       8.494227    
   12.47492      2.4090045E-06  2.5362242E-06   25.13350       36.91151    
   221.1585      -1.284768       8.547321       15.13192      1.8233575E-06
  2.9721996E-06   25.29059       44.77310       232.0209      -1.241766    
   8.557495       18.11176      1.6379346E-06  3.4263358E-06   25.32066    
   53.59000       241.7186      -1.195329       8.512833       21.38421    
  1.9277081E-06  5.1344978E-06   25.18852       63.27267       249.8729    
  -1.145631       8.404690       24.89204      1.6480259E-06  4.7706999E-06
   24.86842       73.65135       256.4529      -1.093601       8.237806    
   28.55664      1.4729319E-06  5.8662845E-06   24.37462       84.49422    
   261.1995      -1.039543       8.010627       32.29323      1.8757355E-06
  6.1687315E-06   23.70241       95.54983       263.8285     -0.9837126    
   7.722284       36.00042      1.7127567E-06  8.0148457E-06   22.84919    
   106.5182       264.1392     -0.9265693       7.377097       39.56328    
  1.6568243E-06  8.6791115E-06   21.82779       117.0601       262.2546    
 -0.8691140       6.989757       42.88360      2.1900280E-06  1.1902303E-05
   20.68175       126.8834       258.0348     -0.8115368       6.567107    
   45.86460      1.0667625E-06  8.5590873E-06   19.43113       135.7029    
   251.5624     -0.7542221       6.122042       48.43769      7.9364418E-07
  7.6637371E-06   18.11428       143.3160       243.0168     -0.6975941    
   5.667484       50.55855      9.6957240E-07  9.6693402E-06   16.76937    
   149.5905       232.6783     -0.6420919       5.217215       52.21872    
  1.2617257E-06  1.3461104E-05   15.43709       154.5018       220.6930    
 -0.5875408       4.778710       53.41408      7.7842469E-07  1.3022975E-05
   14.13962       158.0387       207.3416     -0.5339662       4.360458    
   54.17095      7.4395899E-07  1.3704412E-05   12.90211       160.2770    
   192.9174     -0.4813223       3.968339       54.53228      4.2770478E-07
  1.3598998E-05   11.74194       161.3456       177.5445     -0.4291706    
   3.607111       54.52501      8.0163892E-07  1.7407001E-05   10.67314    
   161.3235       161.4807     -0.3768844       3.277368       54.20025    
  8.6162805E-07  1.9178056E-05   9.697531       160.3620       144.9945    
 -0.3237970       2.980481       53.61808      4.4853735E-07  1.6497972E-05
   8.819138       158.6391       128.1966     -0.2685803       2.716401    
   52.81054      6.3323785E-07  1.8313993E-05   8.037813       156.2493    
   111.2207     -0.2091499       2.483362       51.81361      5.1995465E-07
  2.0435415E-05   7.348347       153.2987       94.30847     -0.1423185    
   2.280601       50.68013      3.4782298E-07  1.9941406E-05   6.748451    
   149.9449       77.59367     -6.2009882E-02   2.103995       49.42694    
  2.5682479E-07  1.7765400E-05   6.225941       146.2361       61.33590    
  4.3430880E-02   1.954000       48.09644      1.2436641E-07  1.8482868E-05
   5.782176       142.2993       45.94859      0.1988770       1.826279    
   46.70826      3.5146013E-07  1.9403495E-05   5.404300       138.1917    
   32.31812      0.4660682       1.719327       45.28236      6.2864252E-08
  1.7420833E-05   5.087904       133.9723       23.00826      0.9758042    
   1.631513       43.84454     -6.6507987E-08  1.7298658E-05   4.828114    
   129.7175       22.94033       1.692689       1.560536       42.39711    
 -4.4915907E-07  1.7108527E-05   4.618147       125.4348       31.47203    
   2.183387       1.504506       40.95042      1.3623018E-08  2.0407337E-05
   4.452398       121.1539       43.28280       2.435544       1.462840    
   39.52344      2.2069032E-07  1.9140445E-05   4.329149       116.9318    
   55.81332       2.578667       1.431585       38.11640     -4.1509171E-07
  2.1010726E-05   4.236705       112.7684       68.30165       2.670460    
   1.412217       36.74482      4.9031172E-07  2.6793339E-05   4.179426    
   108.7100       80.36982       2.735061       1.402145       35.40062    
  1.5363606E-06  2.8596085E-05   4.149657       104.7326       91.87119    
   2.783767       1.400370       34.10106      1.4136597E-06  9.1343391E-06
   4.144434       100.8874       102.7070       2.821792       1.406213    
   32.83897      1.5163045E-06 -3.0945448E-06   4.161744       97.15298    
   112.8313       2.852091       1.419349       31.62379      7.1092461E-07
 -4.6952891E-06   4.200632       93.55717       122.1912       2.876439    
   1.438843       30.45580      1.9773762E-07 -1.3482831E-06   4.258336    
   90.10147       130.7346       2.895840       1.464245       29.32840    
 -5.2868626E-07  5.4730026E-06   4.333519       86.76569       138.4690    
   2.910625       1.495779       28.25543      3.5917162E-07  4.2451757E-07
   4.426836       83.59101       145.3529       2.921384       1.531794    
   27.22508     -8.6800860E-08  9.8378223E-07   4.533402       80.54211    
   151.3875       2.927136       1.574724       26.23446      9.8976820E-08
  5.3606364E-06   4.660431       77.61134       156.5748       2.927098    
   1.625078       25.28526      2.3199274E-07  2.0266416E-06   4.809425    
   74.80265       160.8656       2.919919       1.684030       24.35365    
  1.4302742E-07  5.1231286E-06   4.983860       72.04643       164.2748    
   2.903733       1.753542       23.43055     -1.8003954E-07  7.0012934E-06
   5.189512       69.31519       166.6816       2.873511       1.839072    
   22.45847     -1.5423831E-08  5.1592124E-06   5.442562       66.43905    
   167.7602       2.821626       1.947803       21.32211      4.8972531E-08
  5.0280833E-06   5.764244       63.07688       166.6812       2.733086    
   2.090542       19.74399      4.5909676E-08  4.5094976E-06   6.186511    
   58.40833       160.4000       2.575961       2.275422       16.94313    
 -3.1662307E-07  6.6709354E-06   6.733471       50.12237       138.6396    
   2.283613       2.442468       11.03143     -5.9259794E-08  3.8845455E-06
   7.227643       32.63420       78.23958       1.774195       2.245051    
   1.838320     -1.3253154E-07 -6.7959763E-07   6.643692       5.438824    
   7.207731      -1.438232       1.654719     -6.9175899E-02 -1.6380787E-07
 -3.9907127E-07   4.897410     -0.2045106       59.99317      -2.177249    
   1.394102       4.193558     -7.4133681E-08  8.6899036E-07   4.126478    
   12.40498       83.41730      -2.386019       1.384188       7.419302    
  9.3228687E-09  1.9146887E-06   4.097168       21.94701       92.46689    
  -2.497949       1.438596       9.127721     -2.7844501E-07  3.3020751E-06
   4.258146       27.00049       94.42330      -2.561899       1.503577    
   9.956280     -3.7812524E-07  3.3216038E-06   4.450393       29.45128    
   92.61076      -2.599689       1.565759       10.31773     -3.4920816E-07
  3.8045014E-06   4.634373       30.52022       88.52588      -2.620414    
   1.623291       10.42709      8.8167511E-08  3.4617374E-06   4.804589    
   30.84337       82.82868      -2.629925       1.676532       10.38314    
  9.1396053E-08  5.1781835E-06   4.962106       30.71316       75.99645    
  -2.630507       1.726663       10.25566      1.6449680E-07  5.7530788E-06
   5.110416       30.33579       68.33754      -2.622756       1.773617    
   10.07497      1.7166663E-07  5.6349281E-06   5.249344       29.80099    
   60.06833      -2.606760       1.818219       9.874868      1.3649158E-07
  6.3257726E-06   5.381309       29.20881       51.36371      -2.579509    
   1.860726       9.681240      2.6189764E-07  4.8257375E-06   5.507082    
   28.63586       42.39654      -2.536062       1.901510       9.454409    
  3.5874564E-07  5.3715785E-06   5.627740       27.96459       33.39767    
  -2.465163       1.940679       9.245609      5.6046036E-07  4.9823193E-06
   5.743631       27.34680       24.60386      -2.336602       1.978458    
   9.074618      7.0024663E-07  1.4894540E-06   5.855391       26.84076    
   16.68533      -2.071451       2.015095       8.924557      7.0630460E-07
 -1.2486618E-05   5.963817       26.39680       11.72380      -1.487360    
   2.051181       8.786588      6.6835230E-07 -2.6775318E-05   6.070567    
   25.98851       13.29229     -0.7367779       2.085986       8.668933    
 -2.4197874E-07 -1.0279069E-05   6.173538       25.64047       19.62590    
 -0.3366266       2.120601       8.571484     -4.2843024E-07 -6.7640576E-06
   6.275932       25.35204       27.35217     -0.1639459       2.155172    
   8.507865     -3.4151600E-07 -3.3859105E-06   6.378213       25.16373    
  5.4442443E-02  -3.141175      4.8661605E-07  2.5933537E-11   5.444559    
  2.2748223E-04  1.6367994E-06  8.9065630E-11  0.4901431      -3.137908    
  1.0036133E-07 -5.1729776E-10   5.412108      5.9976140E-03 -3.4343302E-07
 -2.2081721E-09   1.369959      -3.131474      2.0522593E-07 -1.0104344E-09
   5.442747      2.7607707E-02 -3.0192561E-07 -9.6811963E-09   2.720128    
  -3.122221     -1.0614368E-07 -8.6901419E-09   5.516807      7.4931785E-02
 -2.5699686E-07 -2.4053822E-08   4.521235      -3.110215      1.6173796E-07
 -1.0050784E-08   5.552735      0.1568359      5.1457391E-07 -2.9120280E-08
   6.785038      -3.095813     -1.0534836E-07 -3.4793004E-08   5.585424    
  0.2807960     -3.1646650E-07 -8.7896041E-08   9.502730      -3.079280    
 -6.4533502E-08 -5.4510267E-08   5.608493      0.4525833      8.2003901E-08
 -9.4507755E-08   12.66372      -3.060920     -1.6376168E-07 -9.6849135E-08
   5.621496      0.6760119     -4.6780224E-07 -3.6943663E-07   16.24753    
  -3.041018     -5.1920949E-07 -2.4362646E-07   5.622341      0.9527478    
 -1.5430433E-06 -7.9698111E-07   20.22257      -3.019816     -8.1053889E-07
 -3.9839051E-07   5.608420       1.282353     -2.4362510E-06 -1.1490638E-06
   24.55677      -2.997596     -7.2361627E-07 -5.7428338E-07   5.580250    
   1.662104     -3.0427634E-06 -1.7996317E-06   29.22142      -2.974673    
 -9.3631508E-07 -8.5864076E-07   5.540091       2.087317     -2.5294812E-06
 -2.4449182E-06   34.14403      -2.951103     -1.4947898E-06 -1.3077979E-06
   5.482363       2.551719     -4.0717450E-06 -3.9463230E-06   39.30300    
  -2.927287     -5.9110215E-07 -8.3728446E-07   5.413464       3.046915    
 -1.9284621E-06 -2.8508548E-06   44.62618      -2.903267      8.6528274E-07
  2.8440627E-07   5.330830       3.564299      3.0667602E-06  1.1892844E-06
   50.07191      -2.879307     -4.2587632E-07 -1.4337456E-06   5.237854    
   4.093570     -1.3662723E-06 -4.7871581E-06   55.56385      -2.855436    
 -1.3681296E-06 -2.4082328E-06   5.133453       4.624650     -4.6513319E-06
 -8.0324244E-06   61.08745      -2.832027     -4.5531172E-07 -1.7357306E-06
   5.024012       5.146520     -1.6989125E-06 -5.6056597E-06   66.54189    
  -2.808852     -1.0439920E-06 -3.1846284E-06   4.905615       5.650663    
 -3.4024922E-06 -1.0407850E-05   71.91370      -2.786287     -1.0385675E-06
 -3.4200639E-06   4.784757       6.126177     -3.2835887E-06 -1.0542921E-05
   77.14127      -2.764349     -8.0842523E-07 -3.9666484E-06   4.661583    
   6.564394     -2.0655359E-06 -1.1213939E-05   82.15956      -2.742948    
 -9.6726933E-07 -4.2098400E-06   4.535728       6.958863     -2.1543726E-06
 -1.0944903E-05   86.97453      -2.722403     -1.3981510E-06 -7.1437098E-06
   4.413177       7.302347     -4.4599142E-06 -2.0827749E-05   91.52338    
  -2.702554     -3.3626923E-06 -1.2577861E-05   4.292916       7.590684    
 -1.0540011E-05 -3.8955826E-05   95.74482      -2.683336     -5.1140792E-06
 -1.9404630E-05   4.174379       7.819706     -1.4814185E-05 -5.6780875E-05
   99.64381      -2.665001     -4.7884892E-06 -2.3825094E-05   4.061923    
   7.986187     -1.3681864E-05 -6.9638481E-05   103.2124      -2.647678    
 -1.9431616E-06 -1.5649945E-05   3.957520       8.088569     -5.5261116E-06
 -4.6430156E-05   106.3959      -2.631110     -3.5148233E-07 -1.0270625E-05
   3.858615       8.127872     -1.7806641E-06 -2.9397197E-05   109.1786    
  -2.615200     -5.9960684E-07 -1.7197104E-05   3.766158       8.106795    
 -2.4940264E-06 -5.2684918E-05   111.5770      -2.600142      8.6075147E-08
 -1.1980999E-05   3.683081       8.027640      1.1623286E-07 -3.2257754E-05
   113.5771      -2.586048     -1.5419995E-07 -1.3400102E-05   3.609997    
   7.892467     -7.8330538E-07 -3.9177015E-05   115.1382      -2.572690    
  6.4105245E-07  1.8021092E-07   3.544295       7.704060      2.0481905E-06
  6.2957406E-07   116.2649      -2.560031      8.2463310E-07  3.3215620E-06
   3.486173       7.468098      2.3261953E-06  7.7700242E-06   116.9742    
  -2.548129      7.2103722E-07  2.3348257E-06   3.436719       7.191018    
  2.0758348E-06  4.7087669E-06   117.2913      -2.537213      4.2266041E-07
 -4.0633604E-06   3.397851       6.880063      1.1587906E-06 -1.3819896E-05
   117.1913      -2.527117      6.0679804E-07 -6.6249631E-06   3.367091    
   6.537931      2.0220509E-06 -2.4481677E-05   116.6770      -2.517752    
  9.1325018E-07  1.0118820E-06   3.343212       6.168584      2.7268020E-06
  1.3988465E-06   115.7608      -2.509052      1.1856877E-06  1.0435469E-06
   3.325547       5.779171      2.5853824E-06  8.5793436E-06   114.4642    
  -2.501163      1.3413124E-06 -6.3534826E-06   3.314879       5.377855    
  3.5932007E-06 -1.2805685E-05   112.8161      -2.494169      5.9977526E-07
 -1.0561198E-06   3.311649       4.972216      1.5596738E-06 -4.6379864E-06
   110.8414      -2.488037      4.6826952E-07 -2.3879111E-06   3.314685    
   4.567597      9.4088648E-07 -5.7108700E-06   108.5324      -2.482662    
  8.8382484E-07 -5.2205287E-06   3.321854       4.164237      2.8042125E-06
 -1.5627593E-05   105.9072      -2.478013      8.8919336E-07 -3.3290125E-06
   3.332681       3.767962      2.5127672E-06 -4.9974769E-06   102.9999    
  -2.474116      4.9061629E-07 -4.1769817E-07   3.347033       3.379699    
  1.7059729E-06 -9.8720193E-07   99.84609      -2.471047      7.9768643E-07
 -1.2195669E-06   3.364955       3.007502      2.4685485E-06 -1.0017306E-05
   96.47134      -2.468899      2.9012639E-07 -1.0984950E-06   3.386368    
   2.657719      5.6945834E-07  2.9616058E-07   92.91131      -2.467651    
  7.5062098E-07 -2.8046779E-06   3.410012       2.331463      2.2025390E-06
 -8.5290521E-06   89.18970      -2.467117      8.6162805E-07 -3.5017729E-07
   3.435134       2.025714      2.9263945E-06 -1.4072284E-06   85.32419    
  -2.467362      9.1283800E-07  3.3667311E-07   3.460837       1.740220    
  2.6673404E-06  1.8747523E-06   81.36124      -2.468240      8.8540975E-07
  2.2663735E-06   3.487189       1.478010      2.4722954E-06  6.2566251E-06
   77.33796      -2.469858      9.2742226E-07  2.5918707E-06   3.513795    
   1.241023      2.7228118E-06  7.3323026E-06   73.29181      -2.472401    
  7.9452269E-07  3.0139927E-06   3.540651       1.029591      2.0887373E-06
  9.6652657E-06   69.27242      -2.475231      5.2185737E-07  4.3245964E-06
   3.567631      0.8461154      1.5674256E-06  1.4885329E-05   65.32475    
  -2.478896      4.9833170E-07  2.5031622E-06   3.594022      0.6840492    
  1.5561391E-06  7.0575625E-06   61.50440      -2.482470      6.8430154E-07
  3.9730221E-06   3.619618      0.5402274      2.0098009E-06  1.1639670E-05
   57.87791      -2.485570      4.0665574E-07  6.8452209E-07   3.644616    
  0.4130924      1.2876736E-06  2.3981556E-07   54.56559      -2.488238    
 -2.9768678E-08 -7.2829425E-07   3.668906      0.2977777      7.3150581E-08
 -1.3164245E-06   51.68822      -2.489235     -5.6858028E-07  1.5478581E-06
   3.692729      0.1955426     -1.5619842E-06  5.3150579E-06   49.49221    
  -2.489993      4.1819497E-08  2.5138725E-06   3.715925      9.7291350E-02
  1.5682312E-07  8.1225298E-06   48.33587      -2.492400      4.4511853E-07
 -1.6567064E-06   3.739131     -1.0695517E-02  1.1475274E-06 -5.8258884E-06
   49.04926      -2.502908     -9.7653765E-07 -1.1521624E-06   3.762986    
 -0.1616247     -2.6375938E-06 -2.4675392E-06   53.03477      -2.553095    
 -1.1074958E-08  2.9333169E-06   3.785724     -0.4305750      3.0075668E-07
  8.1267208E-06   62.23009      -2.729238      2.9549958E-07  2.3617176E-06
   3.794730     -0.9604285      9.0473577E-07  6.7148358E-06   67.21271    
   3.099727     -1.9537601E-06  8.7082153E-06   3.742471      -1.406187    
 -5.4039247E-06  2.4382956E-05   50.07847       2.621147      6.4357454E-07
  1.9464060E-06   3.702850     -0.7282889      1.6507806E-06  4.7902577E-06
   33.81794       2.404245      5.5572377E-07  1.3168319E-06   3.724091    
 -0.1987020      1.7356465E-06  5.4629054E-06   24.88962       2.306112    
  2.5194475E-07  3.7859427E-06   3.749335      1.1655952E-02  5.3649740E-07
  1.1242228E-05   19.84087       2.229866      1.7435253E-08 -1.3649696E-07
   3.768985      0.1069331      2.0867390E-07 -2.4947803E-07   16.61946    
   2.145865      2.6826265E-07 -1.7375569E-06   3.784814      0.1606561    
  7.0021559E-07 -3.9989827E-06   14.43810       2.047540      3.4427009E-07
 -7.0026144E-06   3.798155      0.1970807      9.0827569E-07 -2.1079788E-05
   12.83881       1.937607      3.8223718E-07 -1.5815313E-06   3.809525    
  0.2178272      1.3512373E-06 -5.7321740E-06   11.58721       1.818518    
  1.5293377E-08 -4.1148160E-06   3.819947      0.2345840      2.0840466E-07
 -1.1904165E-05   10.57973       1.693216      3.4459509E-07 -4.3528853E-06
   3.829400      0.2471766      7.7252702E-07 -1.4611171E-05   9.692715    
   1.562349      6.3921597E-08 -4.5882771E-06   3.837819      0.2643372    
  1.0161895E-07 -1.4625140E-05   8.923367       1.426332      1.8657860E-09
 -7.5018615E-06   3.845304      0.2805009      5.5476036E-08 -2.2669323E-05
   8.225904       1.283755     -1.3513473E-07 -9.9350873E-06   3.852371    
  0.3016676     -6.6941402E-07 -2.6655733E-05   7.569440       1.131841    
 -2.1174172E-07 -1.1908327E-05   3.858616      0.3273790     -4.3535454E-07
 -3.4839497E-05   6.956377      0.9662943     -1.0522216E-07 -1.4877238E-05
   3.863967      0.3567123     -4.7086920E-07 -4.7668233E-05   6.401225    
  0.7808368     -6.5162163E-07 -2.0431005E-05   3.868896      0.3882568    
 -1.7097985E-06 -5.9035723E-05   5.939977      0.5723876     -1.5674157E-06
 -1.6669524E-05   3.873497      0.4172751     -4.2992906E-06 -4.6169094E-05
   5.622579      0.3383182     -1.5161725E-06 -1.1582888E-06   3.878195    
  0.4469400     -4.8159282E-06 -4.1486346E-06   5.491186      8.5246362E-02
 -1.0965417E-06  5.3599069E-06   3.882781      0.4691243     -3.4037819E-06
  1.6594830E-05   5.569107     -0.1696395     -4.8759728E-07  7.7578006E-06
   3.887002      0.4903479     -1.4444830E-06  2.4114153E-05   5.868273    
 -0.4115580     -4.6921704E-07  6.5515342E-06   3.891135      0.5134141    
 -1.4613647E-06  1.9199448E-05   6.315058     -0.6247077     -4.5840008E-07
  5.1923271E-06   3.894501      0.5310816     -1.3015053E-06  1.5927479E-05
   6.862489     -0.8092177     -4.8804606E-07  5.0104863E-06   3.897613    
  0.5511798     -1.5498687E-06  1.3850629E-05   7.404342     -0.9684606    
 -3.5138449E-08  5.0786184E-06   3.900054      0.5655595     -5.9563956E-08
  1.5029393E-05   7.903354      -1.109406      8.0064211E-08  4.6887435E-06
   3.902330      0.5792242      4.9055217E-07  1.4590682E-05   8.261688    
  -1.238717      8.3661959E-08  3.7586287E-06   3.904252      0.5816156    
  1.0722133E-07  1.1806667E-05   8.406845      -1.363557      2.2840567E-07
  3.5325356E-06   3.905867      0.5717592      4.7172085E-07  1.0035350E-05
   8.198473      -1.493272      3.1435044E-07  2.7338101E-06   3.907505    
  0.5385116      7.2781853E-07  8.4874919E-06   7.485647      -1.642158    
  3.1577602E-07  2.5235495E-06   3.909356      0.4764454      9.8682540E-07
  6.8907975E-06   5.794394      -1.827827      4.0913631E-07  2.1613232E-06
   3.910597      0.3550983      1.3484267E-06  5.2370597E-06   2.445667    
  -2.156842      2.0198377E-07  8.3773921E-07   3.909396      0.1534083    
  3.0010150E-07  3.1028758E-06   3.767158      0.8735765      7.5604277E-08
 -3.5274134E-06   3.898949     -0.1205924      2.0043468E-07 -9.9700410E-06
   12.50293      0.2635916      1.8950583E-07 -5.7305006E-06   3.872569    
 -0.1645366      6.5128677E-07 -1.7501676E-05   18.46590     -0.2982025    
 -4.0667700E-07  2.9325747E-06   3.856529      0.2654417     -1.3612877E-06
  9.1599941E-06   19.82550     -0.6854510     -9.8084072E-08  5.1902171E-06
   3.861476      0.6402875     -3.3607103E-07  1.5308498E-05   19.18881    
 -0.9301070     -2.1656706E-07  4.0289160E-07   3.870444      0.8117148    
 -6.8037053E-07  1.4122343E-06   18.02261      -1.097730      2.1941960E-07
  1.4917605E-06   3.877985      0.8818299      3.6470593E-07  3.7930149E-06
  0.1725880      -1.570796       17.26064     -7.7532616E-12  6.5832864E-07
 -2.9700686E-12   51.07632     -2.2063179E-11   1.626149      -1.570796    
   17.96358      3.6858818E-08  1.9496010E-06  1.1777956E-10   53.15350    
  1.0928851E-07   4.529417      -1.570796       18.01762      1.6584778E-06
  2.6180801E-06  4.6202331E-10   53.31336      4.9094601E-06   8.904184    
  -1.570795       18.10514      1.7510843E-05  2.1188994E-06 -5.6825229E-09
   53.57236      5.1811956E-05   14.73840      -1.570790       18.18233    
  1.0173798E-04  2.4528540E-06 -1.4988473E-09   53.80076      3.0103885E-04
   22.06796      -1.570776       18.29515      4.1331910E-04  2.4975991E-06
 -1.9994332E-08   54.13447      1.2229873E-03   30.80323      -1.570741    
   18.37105      1.3244387E-03  2.8548052E-06 -3.0820956E-08   54.35923    
  3.9189826E-03   40.84745      -1.570667       18.40208      3.5819027E-03
  3.1615273E-06  1.8859282E-08   54.45096      1.0598782E-02   52.60597    
  -1.570527       18.57002      8.5574146E-03  3.6155193E-06 -2.3865141E-09
   54.94793      2.5321195E-02   65.40381      -1.570277       18.62064    
  1.8474702E-02  3.3226484E-06 -1.1269003E-07   55.09761      5.4666214E-02
   80.09497      -1.569867       18.81896      3.6963783E-02  3.3795241E-06
 -2.7939677E-08   55.68441      0.1093749       95.66479      -1.569216    
   18.91088      6.9159195E-02  2.5818681E-06 -1.2223609E-08   55.95638    
  0.2046399       113.0983      -1.568241       19.11190      0.1228268    
  1.2189654E-06  1.2596138E-07   56.55123      0.3634407       132.1041    
  -1.566830       19.34602      0.2084926      1.8728532E-06  1.2596138E-07
   57.24401      0.6169211       151.8357      -1.564828       19.50525    
  0.3396519      4.3058003E-06 -1.2270175E-07   57.71498       1.005017    
   173.6939      -1.562109       19.77493      0.5356774      2.9890568E-06
  6.7520887E-08   58.51293       1.585043       197.3586      -1.558494    
   20.09638      0.8205460      7.2120639E-07 -2.2817403E-07   59.46413    
   2.427949       222.0639      -1.553753       20.39482       1.223205    
  2.5081201E-06  2.6542693E-08   60.34708       3.619390       247.6864    
  -1.547646       20.67546       1.779422      1.6681830E-06 -1.4388934E-07
   61.17731       5.265200       275.9136      -1.540045       21.06849    
   2.537876      1.6477352E-06 -4.1397288E-07   62.34033       7.509412    
   305.9844      -1.530669       21.50295       3.552084      2.1970902E-06
 -4.7404319E-07   63.62577       10.51035       337.2971      -1.519211    
   21.93822       4.884013      1.9729018E-06  2.6682392E-07   64.91356    
   14.45139       369.2086      -1.505327       22.34446       6.602453    
  1.3098012E-06  6.1467290E-08   66.11557       19.53608       402.3493    
  -1.488846       22.76375       8.788600     -3.1741890E-06 -1.0174699E-06
   67.35609       26.00459       437.9474      -1.469751       23.25334    
   11.54058     -7.4025538E-06 -9.5739961E-07   68.80465       34.14754    
   474.7885      -1.447685       23.74594       14.95082     -5.3332633E-06
 -1.3485551E-06   70.26215       44.23795       512.1503      -1.422349    
   24.20793       19.11526      1.2949748E-06  7.0920214E-07   71.62898    
   56.55985       549.1687      -1.393433       24.60498       24.12096    
  4.9173827E-06  1.9846484E-06   72.80381       71.37109       585.0085    
  -1.360667       24.90800       30.03834      6.1007722E-06  4.8112124E-06
   73.70019       88.87955       620.0240      -1.324327       25.13501    
   36.91387      7.1646564E-06  7.5860880E-06   74.37191       109.2231    
   654.4121      -1.284765       25.29211       44.77603      5.2519135E-06
  9.9623576E-06   74.83659       132.4856       686.5513      -1.241762    
   25.32220       53.59359      4.8271631E-06  1.0204967E-05   74.92540    
   158.5748       715.2461      -1.195324       25.19008       63.27690    
  5.6586600E-06  1.4886260E-05   74.53424       187.2262       739.3753    
  -1.145626       24.87004       73.65636      4.8606735E-06  1.4988240E-05
   73.58733       217.9371       758.8441      -1.093596       24.37620    
   84.50003      4.3764894E-06  1.6915146E-05   72.12597       250.0207    
   772.8874      -1.039537       23.70396       95.55660      5.5900077E-06
  2.0504463E-05   70.13687       282.7343       780.6660     -0.9837044    
   22.85069       106.5258      5.1232901E-06  2.1683285E-05   67.61208    
   315.1899       781.5834     -0.9265607       21.82922       117.0687    
  5.0071703E-06  2.5449088E-05   64.58979       346.3825       776.0045    
 -0.8691053       20.68313       126.8929      6.6583011E-06  3.6188867E-05
   61.19842       375.4498       763.5187     -0.8115255       19.43245    
   135.7136      3.2540127E-06  2.5236746E-05   57.49789       401.5472    
   744.3655     -0.7542089       18.11551       143.3273      2.2858599E-06
  2.1704240E-05   53.60136       424.0729       719.0778     -0.6975792    
   16.77051       149.6025      2.8616007E-06  2.8873095E-05   49.62175    
   442.6380       688.4855     -0.6420753       15.43812       154.5146    
  3.6862930E-06  3.9611245E-05   45.67938       457.1707       653.0214    
 -0.5875213       14.14057       158.0522      2.4716155E-06  3.8179569E-05
   41.84024       467.6337       613.5142     -0.5339454       12.90296    
   160.2909      2.2215688E-06  4.0783663E-05   38.17843       474.2574    
   570.8317     -0.4812997       11.74271       161.3597      1.3723213E-06
  4.0777959E-05   34.74550       477.4188       525.3440     -0.4291436    
   10.67381       161.3385      2.3547957E-06  5.1945332E-05   31.58299    
   477.3533       477.8115     -0.3768534       9.698133       160.3772    
  2.6942339E-06  5.6676450E-05   28.69621       474.5075       429.0294    
 -0.3237610       8.819657       158.6546      1.4769728E-06  4.8589020E-05
   26.09710       469.4086       379.3246     -0.2685389       8.038257    
   156.2645      1.8230511E-06  5.4333650E-05   23.78514       462.3352    
   329.0938     -0.2091012       7.348703       153.3141      1.4577448E-06
  6.0578517E-05   21.74503       453.6049       279.0522     -0.1422593    
   6.748761       149.9603      9.2848762E-07  5.8491365E-05   19.97003    
   443.6797       229.5951     -6.1937176E-02   6.226188       146.2518    
  7.7206300E-07  5.2793184E-05   18.42397       432.7057       181.4905    
  4.3522634E-02   5.782377       142.3149      5.7922188E-07  5.4644974E-05
   17.11091       421.0557       135.9627      0.1989962       5.404458    
   138.2074      1.0004796E-06  5.7378114E-05   15.99284       408.9019    
   95.63478      0.4662213       5.088012       133.9880      2.6715219E-09
  5.1299547E-05   15.05665       396.4163       68.09344      0.9759368    
   4.828176       129.7328     -1.7713595E-07  5.1241979E-05   14.28800    
   383.8253       67.89473       1.692660       4.618182       125.4505    
 -1.1848646E-06  5.0639115E-05   13.66673       371.1535       93.13632    
   2.183290       4.452399       121.1693      8.0154038E-08  6.0368999E-05
   13.17632       358.4870       128.0804       2.435454       4.329118    
   116.9471      1.7038477E-07  5.6655692E-05   12.81168       345.9926    
   165.1550       2.578592       4.236656       112.7834     -1.1775738E-06
  6.1981722E-05   12.53818       333.6727       202.1054       2.670398    
   4.179351       108.7248      1.3600350E-06  7.9083911E-05   12.36873    
   321.6643       237.8131       2.735009       4.149566       104.7477    
  4.5180445E-06  8.5355307E-05   12.28066       309.8956       271.8435    
   2.783724       4.144331       100.9023      4.3263503E-06  2.7065573E-05
   12.26524       298.5169       303.9049       2.821755       4.161619    
   97.16775      4.2940410E-06 -9.0953836E-06   12.31648       287.4679    
   333.8607       2.852059       4.200495       93.57195      2.0245436E-06
 -1.4058010E-05   12.43161       276.8272       361.5554       2.876413    
   4.258193       90.11607      4.2083693E-07 -3.9896004E-06   12.60235    
   266.6023       386.8342       2.895818       4.333365       86.78007    
 -1.6800993E-06  1.6199185E-05   12.82484       256.7319       409.7183    
   2.910606       4.426686       83.60527      9.7375414E-07  1.2796809E-06
   13.10101       247.3381       430.0877       2.921368       4.533249    
   80.55637     -4.6827131E-07  2.9138610E-06   13.41634       238.3173    
   447.9437       2.927124       4.660292       77.62545      3.6698975E-07
  1.5876183E-05   13.79226       229.6450       463.2923       2.927088    
   4.809293       74.81670      5.9514565E-07  6.1238097E-06   14.23313    
   221.3346       475.9884       2.919912       4.983731       72.06059    
  5.3453141E-07  1.5155339E-05   14.74926       213.1800       486.0781    
   2.903729       5.189434       69.32944     -4.9346971E-07  2.0634683E-05
   15.35786       205.0989       493.2007       2.873509       5.442522    
   66.45325      4.9007976E-08  1.4926944E-05   16.10666       196.5887    
   496.3951       2.821626       5.764260       63.09109     -7.1433618E-08
  1.4959323E-05   17.05851       186.6420       493.2073       2.733088    
   6.186639       58.42231      1.2064918E-07  1.3408264E-05   18.30811    
   172.8295       474.6281       2.575964       6.733746       50.13539    
 -8.3747278E-07  1.9756868E-05   19.92661       148.3144       410.2534    
   2.283615       7.228118       32.64365     -2.4412202E-07  1.1819364E-05
   21.38917       96.56955       231.5482       1.774196       6.644146    
   5.440471     -2.8954119E-07 -1.8956653E-06   19.66179       16.09609    
   21.28776      -1.437150       4.897400     -0.2068774     -4.5493232E-07
 -9.2995106E-07   14.49469     -0.6116000       177.4766      -2.177200    
   4.126154       12.40489     -3.5611455E-07  2.4981200E-06   12.21323    
   36.69496       246.7932      -2.385983       4.096740       21.94956    
 -1.3299127E-07  5.7528086E-06   12.12630       64.92880       273.5752    
  -2.497913       4.257701       27.00479     -8.5053910E-07  9.5673422E-06
   12.60251       79.88236       279.3678      -2.561863       4.449942    
   29.45662     -1.0501529E-06  9.7779375E-06   13.17127       87.13448    
   274.0076      -2.599650       4.633923       30.52636     -9.4856296E-07
  1.1133610E-05   13.71559       90.29794       261.9242      -2.620372    
   4.804154       30.85009      2.2368621E-07  1.0234762E-05   14.21923    
   91.25468       245.0689      -2.629879       4.961674       30.72028    
  2.5629021E-07  1.5244612E-05   14.68529       90.86986       224.8556    
  -2.630458       5.110003       30.34324      2.6428384E-07  1.6957278E-05
   15.12414       89.75374       202.1960      -2.622703       5.248939    
   29.80867      3.1765575E-07  1.6353184E-05   15.53522       88.17165    
   177.7301      -2.606702       5.380908       29.21667      2.4533668E-07
  1.8821289E-05   15.92564       86.41993       151.9761      -2.579445    
   5.506685       28.64380      7.8792095E-07  1.3666626E-05   16.29781    
   84.72478       125.4452      -2.535991       5.627369       27.97271    
  1.3159683E-06  1.6061900E-05   16.65485       82.73858       98.82053    
  -2.465086       5.743262       27.35505      1.7712728E-06  1.4669546E-05
   16.99777       80.91116       72.80235      -2.336519       5.855039    
   26.84913      2.1537903E-06  4.2814281E-06   17.32846       79.41411    
   49.37399      -2.071378       5.963473       26.40523      1.9821939E-06
 -3.6879635E-05   17.64927       78.10069       34.69380      -1.487376    
   6.070228       25.99708      1.9969907E-06 -7.9254976E-05   17.96514    
   76.89303       39.33168     -0.7368691       6.173220       25.64911    
 -5.9572767E-07 -3.0214651E-05   18.26982       75.86327       58.06935    
 -0.3366788       6.275624       25.36093     -1.3810619E-06 -1.9813800E-05
   18.57278       75.01038       80.92900     -0.1639660       6.377921    
   25.17278     -9.5143912E-07 -1.0106756E-05   18.87544       74.45368    
