Nb de periode :   100
 0.1000
 -0.434625E-13 -0.310483E-12 -0.136090E-12
  0.502709E-12  0.363126E-04  0.132161E-11
 -0.116495E-12 -0.296892E-12 -0.364348E-12
 0.3010
  0.106253E-10  0.122849E-10  0.332481E-10
  0.125056E-11  0.970519E-03  0.363798E-10
  0.334484E-10  0.552821E-10  0.104666E-09
 0.5020
  0.475708E-09  0.385258E-10  0.148530E-08
 -0.136424E-10  0.449002E-02 -0.133696E-09
  0.148218E-08  0.257878E-09  0.462777E-08
 0.7030
  0.523302E-08 -0.716899E-10  0.163425E-07
 -0.150976E-09  0.122807E-01 -0.682121E-09
  0.163794E-07  0.184268E-09  0.511523E-07
 0.9040
  0.309463E-07 -0.663789E-10  0.966434E-07
  0.112777E-09  0.259693E-01 -0.214641E-09
  0.967588E-07  0.183456E-09  0.302171E-06
 1.1051
  0.125542E-06  0.339522E-09  0.392041E-06
 -0.261934E-09  0.470986E-01  0.170257E-08
  0.392286E-06  0.868158E-09  0.122503E-05
 1.3061
  0.401291E-06 -0.644136E-09  0.125317E-05
 -0.400178E-10  0.771033E-01 -0.465661E-09
  0.125277E-05  0.941100E-09  0.391221E-05
 1.5071
  0.108986E-05 -0.417391E-09  0.340344E-05
  0.181899E-09  0.117279E+00 -0.369619E-08
  0.340416E-05  0.338739E-08  0.106306E-04
 1.7081
  0.260690E-05  0.593543E-09  0.814091E-05
 -0.851287E-09  0.168778E+00 -0.730506E-08
  0.814208E-05  0.601911E-08  0.254263E-04
 1.9091
  0.565756E-05  0.455932E-08  0.176675E-04
  0.200816E-08  0.232562E+00  0.660657E-08
  0.176696E-04  0.293813E-07  0.551789E-04
 2.1101
  0.113365E-04  0.144334E-08  0.354019E-04
  0.369619E-08  0.309419E+00 -0.704313E-08
  0.354064E-04 -0.780554E-08  0.110568E-03
 2.3111
  0.213195E-04  0.339639E-08  0.665765E-04
 -0.221189E-08  0.399906E+00  0.523869E-09
  0.665850E-04  0.412106E-07  0.207932E-03
 2.5121
  0.379718E-04 -0.767955E-09  0.118578E-03
  0.552973E-09  0.504389E+00  0.168802E-07
  0.118594E-03 -0.526325E-08  0.370346E-03
 2.7131
  0.646398E-04  0.166336E-07  0.201857E-03
  0.814907E-08  0.623014E+00 -0.291038E-08
  0.201885E-03  0.441287E-07  0.630443E-03
 2.9141
  0.105856E-03 -0.717426E-08  0.330563E-03
 -0.640284E-08  0.755661E+00 -0.309665E-07
  0.330609E-03  0.122830E-07  0.103242E-02
 3.1152
  0.167492E-03 -0.746536E-08  0.523036E-03
 -0.698492E-08  0.902092E+00  0.199070E-07
  0.523108E-03  0.468340E-07  0.163354E-02
 3.3162
  0.257198E-03 -0.307652E-07  0.803165E-03
 -0.221771E-07  0.106175E+01 -0.311993E-07
  0.803276E-03 -0.134568E-06  0.250843E-02
 3.5172
  0.384754E-03  0.144873E-07  0.120148E-02
 -0.640284E-09  0.123407E+01 -0.209548E-08
  0.120165E-02  0.256405E-07  0.375244E-02
 3.7182
  0.562175E-03 -0.250959E-06  0.175552E-02
 -0.552973E-08  0.141816E+01 -0.372529E-07
  0.175576E-02 -0.744263E-06  0.548275E-02
 3.9192
  0.804108E-03 -0.406437E-06  0.251099E-02
  0.663567E-08  0.161285E+01 -0.372529E-08
  0.251134E-02 -0.119853E-05  0.784220E-02
 4.1202
  0.112823E-02 -0.727342E-06  0.352313E-02
 -0.130385E-07  0.181727E+01  0.782311E-07
  0.352361E-02 -0.220007E-05  0.110032E-01
 4.3212
  0.155574E-02  0.462831E-06  0.485808E-02
  0.179280E-07  0.203041E+01 -0.186265E-08
  0.485875E-02  0.148764E-05  0.151723E-01
 4.5222
  0.211144E-02  0.107984E-05  0.659333E-02
  0.367872E-07  0.225052E+01  0.931323E-09
  0.659423E-02  0.348591E-05  0.205916E-01
 4.7232
  0.282403E-02 -0.188076E-06  0.881845E-02
 -0.225846E-07  0.247679E+01 -0.135973E-06
  0.881968E-02 -0.512700E-06  0.275407E-01
 4.9242
  0.372633E-02 -0.900594E-06  0.116359E-01
 -0.410946E-07  0.270762E+01 -0.134576E-06
  0.116375E-01 -0.289850E-05  0.363397E-01
 5.1253
  0.485505E-02  0.308075E-06  0.151604E-01
  0.221189E-08  0.294147E+01 -0.828877E-07
  0.151625E-01  0.831584E-06  0.473466E-01
 5.3263
  0.625116E-02 -0.466182E-06  0.195198E-01
  0.277068E-07  0.317779E+01  0.230968E-06
  0.195225E-01 -0.163815E-05  0.609608E-01
 5.5273
  0.796063E-02 -0.145388E-06  0.248577E-01
  0.360887E-07  0.341521E+01 -0.153668E-07
  0.248611E-01 -0.319706E-06  0.776306E-01
 5.7283
  0.100341E-01  0.142660E-06  0.313320E-01
 -0.235159E-07  0.365236E+01 -0.113156E-06
  0.313364E-01  0.648142E-06  0.978497E-01
 5.9293
  0.125262E-01  0.439592E-06  0.391136E-01
 -0.521541E-07  0.388781E+01  0.125263E-06
  0.391191E-01  0.112079E-05  0.122151E+00
 6.1303
  0.154969E-01 -0.939748E-06  0.483891E-01
  0.544824E-07  0.412086E+01  0.605360E-07
  0.483959E-01 -0.297674E-05  0.151117E+00
 6.3313
  0.190015E-01  0.126558E-06  0.593320E-01
 -0.104774E-07  0.435072E+01 -0.521541E-07
  0.593402E-01  0.477507E-06  0.185289E+00
 6.5323
  0.231033E-01 -0.625441E-07  0.721393E-01
 -0.523869E-07  0.457645E+01 -0.156462E-06
  0.721494E-01 -0.243192E-06  0.225284E+00
 6.7333
  0.278543E-01  0.301399E-06  0.869736E-01
 -0.337604E-07  0.479800E+01  0.689179E-07
  0.869856E-01  0.908796E-06  0.271608E+00
 6.9343
  0.333234E-01  0.180851E-06  0.104050E+00
 -0.563450E-07  0.501335E+01  0.144355E-06
  0.104064E+00  0.113156E-05  0.324933E+00
 7.1354
  0.395748E-01 -0.342319E-06  0.123569E+00
  0.151340E-07  0.522351E+01 -0.129454E-06
  0.123586E+00 -0.543136E-06  0.385886E+00
 7.3364
  0.466719E-01 -0.229338E-07  0.145727E+00
 -0.302680E-08  0.542690E+01 -0.208616E-06
  0.145748E+00  0.572647E-06  0.455081E+00
 7.5374
  0.546750E-01 -0.327709E-07  0.170715E+00
 -0.474975E-07  0.562382E+01  0.209548E-06
  0.170739E+00 -0.616070E-06  0.533108E+00
 7.7384
  0.636478E-01 -0.126485E-06  0.198729E+00
 -0.237487E-07  0.581265E+01  0.763685E-07
  0.198758E+00  0.342610E-06  0.620586E+00
 7.9394
  0.735948E-01  0.121596E-06  0.229785E+00
  0.465661E-08  0.599295E+01 -0.122935E-06
  0.229817E+00  0.432483E-06  0.717559E+00
 8.1404
  0.845752E-01 -0.483240E-06  0.264067E+00
 -0.318978E-07  0.616618E+01 -0.202097E-06
  0.264104E+00 -0.156788E-05  0.824604E+00
 8.3414
  0.965639E-01  0.744767E-06  0.301496E+00
 -0.465661E-07  0.633228E+01 -0.287779E-06
  0.301538E+00  0.226987E-05  0.941477E+00
 8.5424
  0.109572E+00 -0.266766E-06  0.342107E+00
 -0.931323E-08  0.649051E+01 -0.326894E-06
  0.342155E+00  0.151806E-06  0.106828E+01
 8.7434
  0.123647E+00 -0.170898E-06  0.386050E+00
  0.372529E-08  0.664034E+01 -0.270084E-07
  0.386105E+00 -0.134041E-05  0.120549E+01
 8.9444
  0.138749E+00 -0.251806E-06  0.433196E+00
  0.139698E-07  0.678118E+01 -0.292435E-06
  0.433257E+00 -0.711530E-06  0.135270E+01
 9.1455
  0.154793E+00 -0.267406E-06  0.483286E+00
 -0.232831E-08  0.691247E+01 -0.819564E-07
  0.483356E+00 -0.838190E-06  0.150910E+01
 9.3465
  0.171757E+00  0.115950E-06  0.536245E+00
 -0.628643E-07  0.703703E+01 -0.208616E-06
  0.536322E+00  0.656582E-07  0.167446E+01
 9.5475
  0.189565E+00 -0.244589E-06  0.591839E+00
 -0.377186E-07  0.715432E+01 -0.218861E-06
  0.591924E+00 -0.178348E-06  0.184804E+01
 9.7485
  0.208099E+00  0.293832E-06  0.649697E+00
 -0.423752E-07  0.726405E+01  0.192784E-06
  0.649790E+00  0.969507E-06  0.202868E+01
 9.9495
  0.227330E+00  0.291038E-07  0.709731E+00
 -0.372529E-08  0.736598E+01  0.160187E-06
  0.709832E+00  0.165775E-06  0.221612E+01
10.1505
  0.247134E+00  0.430737E-08  0.771554E+00
  0.144355E-06  0.746158E+01 -0.800937E-07
  0.771666E+00  0.539701E-06  0.240914E+01
10.3515
  0.267381E+00 -0.208267E-06  0.834758E+00
  0.114087E-06  0.754896E+01  0.214204E-07
  0.834878E+00 -0.320375E-06  0.260647E+01
10.5525
  0.288027E+00 -0.247965E-06  0.899205E+00
 -0.521541E-07  0.762843E+01 -0.199303E-06
  0.899335E+00 -0.142027E-06  0.280767E+01
10.7535
  0.308867E+00 -0.290805E-06  0.964258E+00
  0.288710E-07  0.770255E+01 -0.214204E-06
  0.964397E+00 -0.409782E-06  0.301077E+01
10.9545
  0.329837E+00  0.166008E-06  0.102971E+01
  0.127126E-06  0.777149E+01  0.428408E-06
  0.102987E+01 -0.319444E-06  0.321512E+01
11.1556
  0.350800E+00 -0.210479E-06  0.109515E+01
  0.838190E-08  0.783402E+01 -0.224449E-06
  0.109531E+01 -0.119116E-05  0.341940E+01
11.3566
  0.371694E+00 -0.219559E-06  0.116037E+01
  0.107102E-07  0.789004E+01 -0.232831E-07
  0.116054E+01 -0.963919E-06  0.362301E+01
11.5576
  0.392446E+00 -0.622356E-06  0.122514E+01
  0.162981E-07  0.794028E+01  0.164844E-06
  0.122532E+01 -0.709668E-06  0.382521E+01
11.7586
  0.412889E+00  0.261934E-06  0.128894E+01
  0.772998E-07  0.798505E+01  0.102445E-06
  0.128914E+01  0.168476E-05  0.402440E+01
11.9596
  0.432886E+00 -0.244472E-07  0.135136E+01
  0.977889E-07  0.802369E+01  0.736676E-06
  0.135156E+01  0.113621E-06  0.421923E+01
12.1606
  0.452367E+00  0.111293E-06  0.141216E+01
 -0.139698E-07  0.805604E+01  0.243075E-06
  0.141237E+01  0.951812E-06  0.440901E+01
12.3616
  0.471453E+00 -0.218162E-06  0.147173E+01
  0.121072E-07  0.808400E+01 -0.232831E-07
  0.147195E+01 -0.416301E-06  0.459494E+01
12.5626
  0.489988E+00  0.861473E-07  0.152957E+01
  0.165310E-06  0.810801E+01 -0.218861E-06
  0.152980E+01  0.370666E-06  0.477550E+01
12.7636
  0.507839E+00 -0.122702E-06  0.158528E+01
  0.842847E-07  0.812745E+01 -0.372529E-07
  0.158552E+01  0.444241E-06  0.494939E+01
12.9647
  0.524983E+00 -0.154367E-06  0.163878E+01
 -0.114553E-06  0.814218E+01 -0.461936E-06
  0.163903E+01  0.106171E-06  0.511640E+01
13.1657
  0.541469E+00 -0.672881E-07  0.169023E+01
 -0.113621E-06  0.815272E+01 -0.145286E-06
  0.169049E+01  0.144355E-06  0.527696E+01
13.3667
  0.557347E+00  0.264263E-06  0.173978E+01
  0.363216E-07  0.815938E+01  0.199303E-06
  0.174004E+01  0.813976E-06  0.543160E+01
13.5677
  0.572453E+00 -0.335276E-06  0.178691E+01
 -0.838190E-08  0.816226E+01 -0.838190E-08
  0.178719E+01 -0.749715E-06  0.557871E+01
13.7687
  0.586813E+00  0.220723E-06  0.183172E+01
  0.131782E-06  0.816081E+01  0.334345E-06
  0.183200E+01  0.144821E-05  0.571855E+01
13.9697
  0.600425E+00 -0.605360E-08  0.187419E+01
  0.270084E-06  0.815507E+01  0.455417E-06
  0.187449E+01  0.515021E-06  0.585110E+01
14.1707
  0.613339E+00 -0.148546E-06  0.191448E+01
 -0.166241E-06  0.814553E+01 -0.275671E-06
  0.191478E+01 -0.224449E-06  0.597682E+01
14.3717
  0.625524E+00 -0.201166E-06  0.195250E+01
  0.316650E-07  0.813371E+01  0.199303E-06
  0.195281E+01 -0.768341E-06  0.609546E+01
14.5727
  0.636966E+00 -0.425149E-06  0.198819E+01
  0.232831E-08  0.811833E+01  0.206754E-06
  0.198851E+01 -0.201073E-05  0.620682E+01
14.7737
  0.647717E+00  0.493601E-07  0.202174E+01
  0.280328E-06  0.809934E+01  0.710599E-06
  0.202206E+01  0.617467E-06  0.631149E+01
14.9747
  0.657779E+00  0.545988E-06  0.205312E+01
  0.253320E-06  0.807706E+01  0.480562E-06
  0.205345E+01  0.119023E-05  0.640941E+01
15.1758
  0.667096E+00 -0.630971E-07  0.208218E+01
 -0.124099E-06  0.805131E+01 -0.179745E-06
  0.208252E+01  0.542961E-06  0.650008E+01
15.3768
  0.675817E+00 -0.296161E-06  0.210939E+01
  0.114087E-07  0.802226E+01 -0.409782E-07
  0.210972E+01 -0.935979E-06  0.658495E+01
15.5778
  0.683999E+00 -0.589062E-07  0.213490E+01
  0.345288E-06  0.799035E+01  0.717118E-06
  0.213525E+01 -0.270084E-07  0.666454E+01
15.7788
  0.691541E+00  0.113389E-06  0.215842E+01
  0.332948E-06  0.795614E+01  0.694767E-06
  0.215877E+01  0.214204E-07  0.673790E+01
15.9798
  0.698476E+00 -0.183936E-06  0.218004E+01
 -0.484288E-07  0.791949E+01 -0.167638E-07
  0.218039E+01  0.663102E-06  0.680533E+01
16.1808
  0.704787E+00  0.176020E-06  0.219972E+01
 -0.628643E-08  0.788018E+01 -0.204891E-07
  0.220007E+01  0.711530E-06  0.686669E+01
16.3818
  0.710612E+00 -0.357628E-06  0.221788E+01
 -0.457279E-06  0.783892E+01 -0.128150E-05
  0.221824E+01 -0.956468E-06  0.692330E+01
16.5828
  0.715985E+00 -0.700820E-07  0.223462E+01
  0.417698E-06  0.779409E+01  0.748783E-06
  0.223499E+01  0.382774E-06  0.697551E+01
16.7838
  0.720823E+00  0.224682E-06  0.224970E+01
 -0.181142E-06  0.774588E+01 -0.448897E-06
  0.225007E+01  0.377186E-06  0.702252E+01
16.9848
  0.725179E+00 -0.512227E-08  0.226328E+01
  0.145519E-06  0.769417E+01  0.169501E-06
  0.226365E+01  0.167638E-07  0.706484E+01
17.1859
  0.729082E+00 -0.517117E-06  0.227543E+01
  0.284286E-06  0.763908E+01  0.816770E-06
  0.227582E+01 -0.139978E-05  0.710273E+01
17.3869
  0.732492E+00 -0.246102E-06  0.228606E+01
 -0.244239E-06  0.758051E+01 -0.626780E-06
  0.228644E+01 -0.676140E-06  0.713583E+01
17.5879
  0.735443E+00 -0.973232E-07  0.229525E+01
 -0.138301E-06  0.751841E+01 -0.290573E-06
  0.229563E+01 -0.465661E-06  0.716445E+01
17.7889
  0.738058E+00  0.151573E-06  0.230339E+01
  0.612345E-07  0.745109E+01 -0.493601E-07
  0.230378E+01  0.473112E-06  0.718980E+01
17.9899
  0.740300E+00 -0.125729E-07  0.231036E+01
  0.127824E-06  0.737883E+01  0.685453E-06
  0.231075E+01 -0.450760E-06  0.721151E+01
18.1909
  0.742201E+00 -0.224914E-06  0.231627E+01
 -0.637490E-06  0.730735E+01 -0.164006E-05
  0.231667E+01 -0.276603E-06  0.722988E+01
18.3919
  0.743765E+00 -0.158325E-07  0.232113E+01
  0.335509E-06  0.723423E+01  0.690110E-06
  0.232152E+01 -0.209548E-06  0.724496E+01
18.5929
  0.744936E+00 -0.182772E-06  0.232476E+01
 -0.339467E-06  0.716042E+01 -0.119489E-05
  0.232515E+01 -0.262633E-06  0.725620E+01
18.7939
  0.745805E+00  0.287779E-06  0.232744E+01
 -0.193249E-06  0.708546E+01 -0.887550E-06
  0.232784E+01  0.107754E-05  0.726451E+01
18.9949
  0.746442E+00 -0.598375E-07  0.232941E+01
  0.691507E-07  0.700554E+01  0.102445E-06
  0.232980E+01 -0.160187E-06  0.727056E+01
19.1960
  0.746692E+00 -0.135042E-07  0.233016E+01
  0.544125E-06  0.690808E+01  0.168197E-05
  0.233056E+01 -0.894070E-07  0.727286E+01
19.3970
  0.746616E+00  0.614673E-07  0.232990E+01
 -0.175321E-06  0.680023E+01 -0.573695E-06
  0.233030E+01  0.932254E-06  0.727198E+01
19.5980
  0.746197E+00 -0.502914E-07  0.232857E+01
  0.646804E-06  0.668327E+01  0.195857E-05
  0.232897E+01  0.486150E-06  0.726775E+01
19.7990
  0.745445E+00  0.593718E-07  0.232620E+01
  0.931323E-09  0.655516E+01  0.241213E-06
  0.232660E+01  0.283122E-06  0.726029E+01
20.0000
  0.744368E+00  0.143424E-06  0.232282E+01
  0.122702E-06  0.640821E+01  0.364147E-06
  0.232322E+01 -0.651926E-08  0.724967E+01
