  2   1
     1  0.2091546E+01  0.1882425E+00 -0.2500000E+00
     2  0.2390338E+01  0.2151343E+00  0.0000000E+00
     3  0.2100000E+01  0.0000000E+00 -0.2500000E+00
     4  0.2400000E+01  0.0000000E+00  0.0000000E+00
     5  0.2066252E+01  0.3749695E+00 -0.2500000E+00
     6  0.2361431E+01  0.4285365E+00  0.0000000E+00
     7  0.2091546E+01  0.1882425E+00 -0.2500000E+00
     8  0.2390338E+01  0.2151343E+00  0.0000000E+00
     9  0.2024322E+01  0.5586774E+00 -0.2500000E+00
    10  0.2313511E+01  0.6384884E+00  0.0000000E+00
    11  0.2066252E+01  0.3749695E+00 -0.2500000E+00
    12  0.2361431E+01  0.4285365E+00  0.0000000E+00
    13  0.1966093E+01  0.7378871E+00 -0.2500000E+00
    14  0.2246964E+01  0.8432996E+00  0.0000000E+00
    15  0.2024322E+01  0.5586774E+00 -0.2500000E+00
    16  0.2313511E+01  0.6384884E+00  0.0000000E+00
    17  0.1892035E+01  0.9111559E+00 -0.2500000E+00
    18  0.2162325E+01  0.1041321E+01  0.0000000E+00
    19  0.1966093E+01  0.7378871E+00 -0.2500000E+00
    20  0.2246964E+01  0.8432996E+00  0.0000000E+00
    21  0.1802742E+01  0.1077088E+01 -0.2500000E+00
    22  0.2060277E+01  0.1230958E+01  0.0000000E+00
    23  0.1892035E+01  0.9111559E+00 -0.2500000E+00
    24  0.2162325E+01  0.1041321E+01  0.0000000E+00
    25  0.1698936E+01  0.1234349E+01 -0.2500000E+00
    26  0.1941641E+01  0.1410685E+01  0.0000000E+00
    27  0.1802742E+01  0.1077088E+01 -0.2500000E+00
    28  0.2060277E+01  0.1230958E+01  0.0000000E+00
    29  0.1581450E+01  0.1381671E+01 -0.2500000E+00
    30  0.1807372E+01  0.1579053E+01  0.0000000E+00
    31  0.1698936E+01  0.1234349E+01 -0.2500000E+00
    32  0.1941641E+01  0.1410685E+01  0.0000000E+00
    33  0.1451232E+01  0.1517869E+01 -0.2500000E+00
    34  0.1658550E+01  0.1734708E+01  0.0000000E+00
    35  0.1581450E+01  0.1381671E+01 -0.2500000E+00
    36  0.1807372E+01  0.1579053E+01  0.0000000E+00
    37  0.1309329E+01  0.1641846E+01 -0.2500000E+00
    38  0.1496376E+01  0.1876396E+01  0.0000000E+00
    39  0.1451232E+01  0.1517869E+01 -0.2500000E+00
    40  0.1658550E+01  0.1734708E+01  0.0000000E+00
    41  0.1156884E+01  0.1752604E+01 -0.2500000E+00
    42  0.1322153E+01  0.2002976E+01  0.0000000E+00
    43  0.1309329E+01  0.1641846E+01 -0.2500000E+00
    44  0.1496376E+01  0.1876396E+01  0.0000000E+00
    45  0.9951242E+00  0.1849251E+01 -0.2500000E+00
    46  0.1137285E+01  0.2113429E+01  0.0000000E+00
    47  0.1156884E+01  0.1752604E+01 -0.2500000E+00
    48  0.1322153E+01  0.2002976E+01  0.0000000E+00
    49  0.8253526E+00  0.1931008E+01 -0.2500000E+00
    50  0.9432601E+00  0.2206867E+01  0.0000000E+00
    51  0.9951242E+00  0.1849251E+01 -0.2500000E+00
    52  0.1137285E+01  0.2113429E+01  0.0000000E+00
    53  0.6489357E+00  0.1997219E+01 -0.2500000E+00
    54  0.7416408E+00  0.2282536E+01  0.0000000E+00
    55  0.8253526E+00  0.1931008E+01 -0.2500000E+00
    56  0.9432601E+00  0.2206867E+01  0.0000000E+00
    57  0.4672940E+00  0.2047349E+01 -0.2500000E+00
    58  0.5340502E+00  0.2339827E+01  0.0000000E+00
    59  0.6489357E+00  0.1997219E+01 -0.2500000E+00
    60  0.7416408E+00  0.2282536E+01  0.0000000E+00
    61  0.2818899E+00  0.2080994E+01 -0.2500000E+00
    62  0.3221598E+00  0.2378279E+01  0.0000000E+00
    63  0.4672940E+00  0.2047349E+01 -0.2500000E+00
    64  0.5340502E+00  0.2339827E+01  0.0000000E+00
    65  0.9421610E-01  0.2097885E+01 -0.2500000E+00
    66  0.1076756E+00  0.2397583E+01  0.0000000E+00
    67  0.2818899E+00  0.2080994E+01 -0.2500000E+00
    68  0.3221598E+00  0.2378279E+01  0.0000000E+00
    69 -0.9421610E-01  0.2097885E+01 -0.2500000E+00
    70 -0.1076756E+00  0.2397583E+01  0.0000000E+00
    71  0.9421610E-01  0.2097885E+01 -0.2500000E+00
    72  0.1076756E+00  0.2397583E+01  0.0000000E+00
    73 -0.2818899E+00  0.2080994E+01 -0.2500000E+00
    74 -0.3221598E+00  0.2378279E+01  0.0000000E+00
    75 -0.9421610E-01  0.2097885E+01 -0.2500000E+00
    76 -0.1076756E+00  0.2397583E+01  0.0000000E+00
    77 -0.4672940E+00  0.2047349E+01 -0.2500000E+00
    78 -0.5340502E+00  0.2339827E+01  0.0000000E+00
    79 -0.2818899E+00  0.2080994E+01 -0.2500000E+00
    80 -0.3221598E+00  0.2378279E+01  0.0000000E+00
    81 -0.6489357E+00  0.1997219E+01 -0.2500000E+00
    82 -0.7416408E+00  0.2282536E+01  0.0000000E+00
    83 -0.4672940E+00  0.2047349E+01 -0.2500000E+00
    84 -0.5340502E+00  0.2339827E+01  0.0000000E+00
    85 -0.8253526E+00  0.1931008E+01 -0.2500000E+00
    86 -0.9432601E+00  0.2206867E+01  0.0000000E+00
    87 -0.6489357E+00  0.1997219E+01 -0.2500000E+00
    88 -0.7416408E+00  0.2282536E+01  0.0000000E+00
    89 -0.9951242E+00  0.1849251E+01 -0.2500000E+00
    90 -0.1137285E+01  0.2113429E+01  0.0000000E+00
    91 -0.8253526E+00  0.1931008E+01 -0.2500000E+00
    92 -0.9432601E+00  0.2206867E+01  0.0000000E+00
    93 -0.1156884E+01  0.1752604E+01 -0.2500000E+00
    94 -0.1322153E+01  0.2002976E+01  0.0000000E+00
    95 -0.9951242E+00  0.1849251E+01 -0.2500000E+00
    96 -0.1137285E+01  0.2113429E+01  0.0000000E+00
    97 -0.1309329E+01  0.1641846E+01 -0.2500000E+00
    98 -0.1496376E+01  0.1876396E+01  0.0000000E+00
    99 -0.1156884E+01  0.1752604E+01 -0.2500000E+00
   100 -0.1322153E+01  0.2002976E+01  0.0000000E+00
   101 -0.1451232E+01  0.1517869E+01 -0.2500000E+00
   102 -0.1658550E+01  0.1734708E+01  0.0000000E+00
   103 -0.1309329E+01  0.1641846E+01 -0.2500000E+00
   104 -0.1496376E+01  0.1876396E+01  0.0000000E+00
   105 -0.1581450E+01  0.1381671E+01 -0.2500000E+00
   106 -0.1807372E+01  0.1579053E+01  0.0000000E+00
   107 -0.1451232E+01  0.1517869E+01 -0.2500000E+00
   108 -0.1658550E+01  0.1734708E+01  0.0000000E+00
   109 -0.1698936E+01  0.1234349E+01 -0.2500000E+00
   110 -0.1941641E+01  0.1410685E+01  0.0000000E+00
   111 -0.1581450E+01  0.1381671E+01 -0.2500000E+00
   112 -0.1807372E+01  0.1579053E+01  0.0000000E+00
   113 -0.1802742E+01  0.1077088E+01 -0.2500000E+00
   114 -0.2060277E+01  0.1230958E+01  0.0000000E+00
   115 -0.1698936E+01  0.1234349E+01 -0.2500000E+00
   116 -0.1941641E+01  0.1410685E+01  0.0000000E+00
   117 -0.1892035E+01  0.9111559E+00 -0.2500000E+00
   118 -0.2162325E+01  0.1041321E+01  0.0000000E+00
   119 -0.1802742E+01  0.1077088E+01 -0.2500000E+00
   120 -0.2060277E+01  0.1230958E+01  0.0000000E+00
   121 -0.1966093E+01  0.7378871E+00 -0.2500000E+00
   122 -0.2246964E+01  0.8432996E+00  0.0000000E+00
   123 -0.1892035E+01  0.9111559E+00 -0.2500000E+00
   124 -0.2162325E+01  0.1041321E+01  0.0000000E+00
   125 -0.2024322E+01  0.5586774E+00 -0.2500000E+00
   126 -0.2313511E+01  0.6384884E+00  0.0000000E+00
   127 -0.1966093E+01  0.7378871E+00 -0.2500000E+00
   128 -0.2246964E+01  0.8432996E+00  0.0000000E+00
   129 -0.2066252E+01  0.3749695E+00 -0.2500000E+00
   130 -0.2361431E+01  0.4285365E+00  0.0000000E+00
   131 -0.2024322E+01  0.5586774E+00 -0.2500000E+00
   132 -0.2313511E+01  0.6384884E+00  0.0000000E+00
   133 -0.2091546E+01  0.1882425E+00 -0.2500000E+00
   134 -0.2390338E+01  0.2151343E+00  0.0000000E+00
   135 -0.2066252E+01  0.3749695E+00 -0.2500000E+00
   136 -0.2361431E+01  0.4285365E+00  0.0000000E+00
   137 -0.2100000E+01  0.0000000E+00 -0.2500000E+00
   138 -0.2400000E+01  0.0000000E+00  0.0000000E+00
   139 -0.2091546E+01  0.1882425E+00 -0.2500000E+00
   140 -0.2390338E+01  0.2151343E+00  0.0000000E+00
   141  0.1792754E+01  0.1613508E+00 -0.5000000E+00
   142  0.2091546E+01  0.1882425E+00 -0.2500000E+00
   143  0.1800000E+01  0.0000000E+00 -0.5000000E+00
   144  0.2100000E+01  0.0000000E+00 -0.2500000E+00
   145  0.1771073E+01  0.3214024E+00 -0.5000000E+00
   146  0.2066252E+01  0.3749695E+00 -0.2500000E+00
   147  0.1792754E+01  0.1613508E+00 -0.5000000E+00
   148  0.2091546E+01  0.1882425E+00 -0.2500000E+00
   149  0.1735133E+01  0.4788663E+00 -0.5000000E+00
   150  0.2024322E+01  0.5586774E+00 -0.2500000E+00
   151  0.1771073E+01  0.3214024E+00 -0.5000000E+00
   152  0.2066252E+01  0.3749695E+00 -0.2500000E+00
   153  0.1685223E+01  0.6324747E+00 -0.5000000E+00
   154  0.1966093E+01  0.7378871E+00 -0.2500000E+00
   155  0.1735133E+01  0.4788663E+00 -0.5000000E+00
   156  0.2024322E+01  0.5586774E+00 -0.2500000E+00
   157  0.1621744E+01  0.7809907E+00 -0.5000000E+00
   158  0.1892035E+01  0.9111559E+00 -0.2500000E+00
   159  0.1685223E+01  0.6324747E+00 -0.5000000E+00
   160  0.1966093E+01  0.7378871E+00 -0.2500000E+00
   161  0.1545208E+01  0.9232187E+00 -0.5000000E+00
   162  0.1802742E+01  0.1077088E+01 -0.2500000E+00
   163  0.1621744E+01  0.7809907E+00 -0.5000000E+00
   164  0.1892035E+01  0.9111559E+00 -0.2500000E+00
   165  0.1456231E+01  0.1058013E+01 -0.5000000E+00
   166  0.1698936E+01  0.1234349E+01 -0.2500000E+00
   167  0.1545208E+01  0.9232187E+00 -0.5000000E+00
   168  0.1802742E+01  0.1077088E+01 -0.2500000E+00
   169  0.1355529E+01  0.1184290E+01 -0.5000000E+00
   170  0.1581450E+01  0.1381671E+01 -0.2500000E+00
   171  0.1456231E+01  0.1058013E+01 -0.5000000E+00
   172  0.1698936E+01  0.1234349E+01 -0.2500000E+00
   173  0.1243913E+01  0.1301031E+01 -0.5000000E+00
   174  0.1451232E+01  0.1517869E+01 -0.2500000E+00
   175  0.1355529E+01  0.1184290E+01 -0.5000000E+00
   176  0.1581450E+01  0.1381671E+01 -0.2500000E+00
   177  0.1122282E+01  0.1407297E+01 -0.5000000E+00
   178  0.1309329E+01  0.1641846E+01 -0.2500000E+00
   179  0.1243913E+01  0.1301031E+01 -0.5000000E+00
   180  0.1451232E+01  0.1517869E+01 -0.2500000E+00
   181  0.9916146E+00  0.1502232E+01 -0.5000000E+00
   182  0.1156884E+01  0.1752604E+01 -0.2500000E+00
   183  0.1122282E+01  0.1407297E+01 -0.5000000E+00
   184  0.1309329E+01  0.1641846E+01 -0.2500000E+00
   185  0.8529636E+00  0.1585072E+01 -0.5000000E+00
   186  0.9951242E+00  0.1849251E+01 -0.2500000E+00
   187  0.9916146E+00  0.1502232E+01 -0.5000000E+00
   188  0.1156884E+01  0.1752604E+01 -0.2500000E+00
   189  0.7074451E+00  0.1655150E+01 -0.5000000E+00
   190  0.8253526E+00  0.1931008E+01 -0.2500000E+00
   191  0.8529636E+00  0.1585072E+01 -0.5000000E+00
   192  0.9951242E+00  0.1849251E+01 -0.2500000E+00
   193  0.5562306E+00  0.1711902E+01 -0.5000000E+00
   194  0.6489357E+00  0.1997219E+01 -0.2500000E+00
   195  0.7074451E+00  0.1655150E+01 -0.5000000E+00
   196  0.8253526E+00  0.1931008E+01 -0.2500000E+00
   197  0.4005377E+00  0.1754870E+01 -0.5000000E+00
   198  0.4672940E+00  0.2047349E+01 -0.2500000E+00
   199  0.5562306E+00  0.1711902E+01 -0.5000000E+00
   200  0.6489357E+00  0.1997219E+01 -0.2500000E+00
   201  0.2416199E+00  0.1783710E+01 -0.5000000E+00
   202  0.2818899E+00  0.2080994E+01 -0.2500000E+00
   203  0.4005377E+00  0.1754870E+01 -0.5000000E+00
   204  0.4672940E+00  0.2047349E+01 -0.2500000E+00
   205  0.8075670E-01  0.1798188E+01 -0.5000000E+00
   206  0.9421610E-01  0.2097885E+01 -0.2500000E+00
   207  0.2416199E+00  0.1783710E+01 -0.5000000E+00
   208  0.2818899E+00  0.2080994E+01 -0.2500000E+00
   209 -0.8075670E-01  0.1798188E+01 -0.5000000E+00
   210 -0.9421610E-01  0.2097885E+01 -0.2500000E+00
   211  0.8075670E-01  0.1798188E+01 -0.5000000E+00
   212  0.9421610E-01  0.2097885E+01 -0.2500000E+00
   213 -0.2416199E+00  0.1783710E+01 -0.5000000E+00
   214 -0.2818899E+00  0.2080994E+01 -0.2500000E+00
   215 -0.8075670E-01  0.1798188E+01 -0.5000000E+00
   216 -0.9421610E-01  0.2097885E+01 -0.2500000E+00
   217 -0.4005377E+00  0.1754870E+01 -0.5000000E+00
   218 -0.4672940E+00  0.2047349E+01 -0.2500000E+00
   219 -0.2416199E+00  0.1783710E+01 -0.5000000E+00
   220 -0.2818899E+00  0.2080994E+01 -0.2500000E+00
   221 -0.5562306E+00  0.1711902E+01 -0.5000000E+00
   222 -0.6489357E+00  0.1997219E+01 -0.2500000E+00
   223 -0.4005377E+00  0.1754870E+01 -0.5000000E+00
   224 -0.4672940E+00  0.2047349E+01 -0.2500000E+00
   225 -0.7074451E+00  0.1655150E+01 -0.5000000E+00
   226 -0.8253526E+00  0.1931008E+01 -0.2500000E+00
   227 -0.5562306E+00  0.1711902E+01 -0.5000000E+00
   228 -0.6489357E+00  0.1997219E+01 -0.2500000E+00
   229 -0.8529636E+00  0.1585072E+01 -0.5000000E+00
   230 -0.9951242E+00  0.1849251E+01 -0.2500000E+00
   231 -0.7074451E+00  0.1655150E+01 -0.5000000E+00
   232 -0.8253526E+00  0.1931008E+01 -0.2500000E+00
   233 -0.9916146E+00  0.1502232E+01 -0.5000000E+00
   234 -0.1156884E+01  0.1752604E+01 -0.2500000E+00
   235 -0.8529636E+00  0.1585072E+01 -0.5000000E+00
   236 -0.9951242E+00  0.1849251E+01 -0.2500000E+00
   237 -0.1122282E+01  0.1407297E+01 -0.5000000E+00
   238 -0.1309329E+01  0.1641846E+01 -0.2500000E+00
   239 -0.9916146E+00  0.1502232E+01 -0.5000000E+00
   240 -0.1156884E+01  0.1752604E+01 -0.2500000E+00
   241 -0.1243913E+01  0.1301031E+01 -0.5000000E+00
   242 -0.1451232E+01  0.1517869E+01 -0.2500000E+00
   243 -0.1122282E+01  0.1407297E+01 -0.5000000E+00
   244 -0.1309329E+01  0.1641846E+01 -0.2500000E+00
   245 -0.1355529E+01  0.1184290E+01 -0.5000000E+00
   246 -0.1581450E+01  0.1381671E+01 -0.2500000E+00
   247 -0.1243913E+01  0.1301031E+01 -0.5000000E+00
   248 -0.1451232E+01  0.1517869E+01 -0.2500000E+00
   249 -0.1456231E+01  0.1058013E+01 -0.5000000E+00
   250 -0.1698936E+01  0.1234349E+01 -0.2500000E+00
   251 -0.1355529E+01  0.1184290E+01 -0.5000000E+00
   252 -0.1581450E+01  0.1381671E+01 -0.2500000E+00
   253 -0.1545208E+01  0.9232187E+00 -0.5000000E+00
   254 -0.1802742E+01  0.1077088E+01 -0.2500000E+00
   255 -0.1456231E+01  0.1058013E+01 -0.5000000E+00
   256 -0.1698936E+01  0.1234349E+01 -0.2500000E+00
   257 -0.1621744E+01  0.7809907E+00 -0.5000000E+00
   258 -0.1892035E+01  0.9111559E+00 -0.2500000E+00
   259 -0.1545208E+01  0.9232187E+00 -0.5000000E+00
   260 -0.1802742E+01  0.1077088E+01 -0.2500000E+00
   261 -0.1685223E+01  0.6324747E+00 -0.5000000E+00
   262 -0.1966093E+01  0.7378871E+00 -0.2500000E+00
   263 -0.1621744E+01  0.7809907E+00 -0.5000000E+00
   264 -0.1892035E+01  0.9111559E+00 -0.2500000E+00
   265 -0.1735133E+01  0.4788663E+00 -0.5000000E+00
   266 -0.2024322E+01  0.5586774E+00 -0.2500000E+00
   267 -0.1685223E+01  0.6324747E+00 -0.5000000E+00
   268 -0.1966093E+01  0.7378871E+00 -0.2500000E+00
   269 -0.1771073E+01  0.3214024E+00 -0.5000000E+00
   270 -0.2066252E+01  0.3749695E+00 -0.2500000E+00
   271 -0.1735133E+01  0.4788663E+00 -0.5000000E+00
   272 -0.2024322E+01  0.5586774E+00 -0.2500000E+00
   273 -0.1792754E+01  0.1613508E+00 -0.5000000E+00
   274 -0.2091546E+01  0.1882425E+00 -0.2500000E+00
   275 -0.1771073E+01  0.3214024E+00 -0.5000000E+00
   276 -0.2066252E+01  0.3749695E+00 -0.2500000E+00
   277 -0.1800000E+01  0.0000000E+00 -0.5000000E+00
   278 -0.2100000E+01  0.0000000E+00 -0.2500000E+00
   279 -0.1792754E+01  0.1613508E+00 -0.5000000E+00
   280 -0.2091546E+01  0.1882425E+00 -0.2500000E+00
   281  0.1493961E+01  0.1344590E+00 -0.7500000E+00
   282  0.1792754E+01  0.1613508E+00 -0.5000000E+00
   283  0.1500000E+01  0.0000000E+00 -0.7500000E+00
   284  0.1800000E+01  0.0000000E+00 -0.5000000E+00
   285  0.1475894E+01  0.2678353E+00 -0.7500000E+00
   286  0.1771073E+01  0.3214024E+00 -0.5000000E+00
   287  0.1493961E+01  0.1344590E+00 -0.7500000E+00
   288  0.1792754E+01  0.1613508E+00 -0.5000000E+00
   289  0.1445944E+01  0.3990553E+00 -0.7500000E+00
   290  0.1735133E+01  0.4788663E+00 -0.5000000E+00
   291  0.1475894E+01  0.2678353E+00 -0.7500000E+00
   292  0.1771073E+01  0.3214024E+00 -0.5000000E+00
   293  0.1404352E+01  0.5270622E+00 -0.7500000E+00
   294  0.1685223E+01  0.6324747E+00 -0.5000000E+00
   295  0.1445944E+01  0.3990553E+00 -0.7500000E+00
   296  0.1735133E+01  0.4788663E+00 -0.5000000E+00
   297  0.1351453E+01  0.6508256E+00 -0.7500000E+00
   298  0.1621744E+01  0.7809907E+00 -0.5000000E+00
   299  0.1404352E+01  0.5270622E+00 -0.7500000E+00
   300  0.1685223E+01  0.6324747E+00 -0.5000000E+00
   301  0.1287673E+01  0.7693489E+00 -0.7500000E+00
   302  0.1545208E+01  0.9232187E+00 -0.5000000E+00
   303  0.1351453E+01  0.6508256E+00 -0.7500000E+00
   304  0.1621744E+01  0.7809907E+00 -0.5000000E+00
   305  0.1213525E+01  0.8816779E+00 -0.7500000E+00
   306  0.1456231E+01  0.1058013E+01 -0.5000000E+00
   307  0.1287673E+01  0.7693489E+00 -0.7500000E+00
   308  0.1545208E+01  0.9232187E+00 -0.5000000E+00
   309  0.1129607E+01  0.9869081E+00 -0.7500000E+00
   310  0.1355529E+01  0.1184290E+01 -0.5000000E+00
   311  0.1213525E+01  0.8816779E+00 -0.7500000E+00
   312  0.1456231E+01  0.1058013E+01 -0.5000000E+00
   313  0.1036594E+01  0.1084192E+01 -0.7500000E+00
   314  0.1243913E+01  0.1301031E+01 -0.5000000E+00
   315  0.1129607E+01  0.9869081E+00 -0.7500000E+00
   316  0.1355529E+01  0.1184290E+01 -0.5000000E+00
   317  0.9352347E+00  0.1172747E+01 -0.7500000E+00
   318  0.1122282E+01  0.1407297E+01 -0.5000000E+00
   319  0.1036594E+01  0.1084192E+01 -0.7500000E+00
   320  0.1243913E+01  0.1301031E+01 -0.5000000E+00
   321  0.8263455E+00  0.1251860E+01 -0.7500000E+00
   322  0.9916146E+00  0.1502232E+01 -0.5000000E+00
   323  0.9352347E+00  0.1172747E+01 -0.7500000E+00
   324  0.1122282E+01  0.1407297E+01 -0.5000000E+00
   325  0.7108030E+00  0.1320893E+01 -0.7500000E+00
   326  0.8529636E+00  0.1585072E+01 -0.5000000E+00
   327  0.8263455E+00  0.1251860E+01 -0.7500000E+00
   328  0.9916146E+00  0.1502232E+01 -0.5000000E+00
   329  0.5895375E+00  0.1379292E+01 -0.7500000E+00
   330  0.7074451E+00  0.1655150E+01 -0.5000000E+00
   331  0.7108030E+00  0.1320893E+01 -0.7500000E+00
   332  0.8529636E+00  0.1585072E+01 -0.5000000E+00
   333  0.4635255E+00  0.1426585E+01 -0.7500000E+00
   334  0.5562306E+00  0.1711902E+01 -0.5000000E+00
   335  0.5895375E+00  0.1379292E+01 -0.7500000E+00
   336  0.7074451E+00  0.1655150E+01 -0.5000000E+00
   337  0.3337814E+00  0.1462392E+01 -0.7500000E+00
   338  0.4005377E+00  0.1754870E+01 -0.5000000E+00
   339  0.4635255E+00  0.1426585E+01 -0.7500000E+00
   340  0.5562306E+00  0.1711902E+01 -0.5000000E+00
   341  0.2013499E+00  0.1486425E+01 -0.7500000E+00
   342  0.2416199E+00  0.1783710E+01 -0.5000000E+00
   343  0.3337814E+00  0.1462392E+01 -0.7500000E+00
   344  0.4005377E+00  0.1754870E+01 -0.5000000E+00
   345  0.6729730E-01  0.1498490E+01 -0.7500000E+00
   346  0.8075670E-01  0.1798188E+01 -0.5000000E+00
   347  0.2013499E+00  0.1486425E+01 -0.7500000E+00
   348  0.2416199E+00  0.1783710E+01 -0.5000000E+00
   349 -0.6729730E-01  0.1498490E+01 -0.7500000E+00
   350 -0.8075670E-01  0.1798188E+01 -0.5000000E+00
   351  0.6729730E-01  0.1498490E+01 -0.7500000E+00
   352  0.8075670E-01  0.1798188E+01 -0.5000000E+00
   353 -0.2013499E+00  0.1486425E+01 -0.7500000E+00
   354 -0.2416199E+00  0.1783710E+01 -0.5000000E+00
   355 -0.6729730E-01  0.1498490E+01 -0.7500000E+00
   356 -0.8075670E-01  0.1798188E+01 -0.5000000E+00
   357 -0.3337814E+00  0.1462392E+01 -0.7500000E+00
   358 -0.4005377E+00  0.1754870E+01 -0.5000000E+00
   359 -0.2013499E+00  0.1486425E+01 -0.7500000E+00
   360 -0.2416199E+00  0.1783710E+01 -0.5000000E+00
   361 -0.4635255E+00  0.1426585E+01 -0.7500000E+00
   362 -0.5562306E+00  0.1711902E+01 -0.5000000E+00
   363 -0.3337814E+00  0.1462392E+01 -0.7500000E+00
   364 -0.4005377E+00  0.1754870E+01 -0.5000000E+00
   365 -0.5895375E+00  0.1379292E+01 -0.7500000E+00
   366 -0.7074451E+00  0.1655150E+01 -0.5000000E+00
   367 -0.4635255E+00  0.1426585E+01 -0.7500000E+00
   368 -0.5562306E+00  0.1711902E+01 -0.5000000E+00
   369 -0.7108030E+00  0.1320893E+01 -0.7500000E+00
   370 -0.8529636E+00  0.1585072E+01 -0.5000000E+00
   371 -0.5895375E+00  0.1379292E+01 -0.7500000E+00
   372 -0.7074451E+00  0.1655150E+01 -0.5000000E+00
   373 -0.8263455E+00  0.1251860E+01 -0.7500000E+00
   374 -0.9916146E+00  0.1502232E+01 -0.5000000E+00
   375 -0.7108030E+00  0.1320893E+01 -0.7500000E+00
   376 -0.8529636E+00  0.1585072E+01 -0.5000000E+00
   377 -0.9352347E+00  0.1172747E+01 -0.7500000E+00
   378 -0.1122282E+01  0.1407297E+01 -0.5000000E+00
   379 -0.8263455E+00  0.1251860E+01 -0.7500000E+00
   380 -0.9916146E+00  0.1502232E+01 -0.5000000E+00
   381 -0.1036594E+01  0.1084192E+01 -0.7500000E+00
   382 -0.1243913E+01  0.1301031E+01 -0.5000000E+00
   383 -0.9352347E+00  0.1172747E+01 -0.7500000E+00
   384 -0.1122282E+01  0.1407297E+01 -0.5000000E+00
   385 -0.1129607E+01  0.9869081E+00 -0.7500000E+00
   386 -0.1355529E+01  0.1184290E+01 -0.5000000E+00
   387 -0.1036594E+01  0.1084192E+01 -0.7500000E+00
   388 -0.1243913E+01  0.1301031E+01 -0.5000000E+00
   389 -0.1213525E+01  0.8816779E+00 -0.7500000E+00
   390 -0.1456231E+01  0.1058013E+01 -0.5000000E+00
   391 -0.1129607E+01  0.9869081E+00 -0.7500000E+00
   392 -0.1355529E+01  0.1184290E+01 -0.5000000E+00
   393 -0.1287673E+01  0.7693489E+00 -0.7500000E+00
   394 -0.1545208E+01  0.9232187E+00 -0.5000000E+00
   395 -0.1213525E+01  0.8816779E+00 -0.7500000E+00
   396 -0.1456231E+01  0.1058013E+01 -0.5000000E+00
   397 -0.1351453E+01  0.6508256E+00 -0.7500000E+00
   398 -0.1621744E+01  0.7809907E+00 -0.5000000E+00
   399 -0.1287673E+01  0.7693489E+00 -0.7500000E+00
   400 -0.1545208E+01  0.9232187E+00 -0.5000000E+00
   401 -0.1404352E+01  0.5270622E+00 -0.7500000E+00
   402 -0.1685223E+01  0.6324747E+00 -0.5000000E+00
   403 -0.1351453E+01  0.6508256E+00 -0.7500000E+00
   404 -0.1621744E+01  0.7809907E+00 -0.5000000E+00
   405 -0.1445944E+01  0.3990553E+00 -0.7500000E+00
   406 -0.1735133E+01  0.4788663E+00 -0.5000000E+00
   407 -0.1404352E+01  0.5270622E+00 -0.7500000E+00
   408 -0.1685223E+01  0.6324747E+00 -0.5000000E+00
   409 -0.1475894E+01  0.2678353E+00 -0.7500000E+00
   410 -0.1771073E+01  0.3214024E+00 -0.5000000E+00
   411 -0.1445944E+01  0.3990553E+00 -0.7500000E+00
   412 -0.1735133E+01  0.4788663E+00 -0.5000000E+00
   413 -0.1493961E+01  0.1344590E+00 -0.7500000E+00
   414 -0.1792754E+01  0.1613508E+00 -0.5000000E+00
   415 -0.1475894E+01  0.2678353E+00 -0.7500000E+00
   416 -0.1771073E+01  0.3214024E+00 -0.5000000E+00
   417 -0.1500000E+01  0.0000000E+00 -0.7500000E+00
   418 -0.1800000E+01  0.0000000E+00 -0.5000000E+00
   419 -0.1493961E+01  0.1344590E+00 -0.7500000E+00
   420 -0.1792754E+01  0.1613508E+00 -0.5000000E+00
   421  0.1195169E+01  0.1075672E+00 -0.1000000E+01
   422  0.1493961E+01  0.1344590E+00 -0.7500000E+00
   423  0.1200000E+01  0.0000000E+00 -0.1000000E+01
   424  0.1500000E+01  0.0000000E+00 -0.7500000E+00
   425  0.1180716E+01  0.2142683E+00 -0.1000000E+01
   426  0.1475894E+01  0.2678353E+00 -0.7500000E+00
   427  0.1195169E+01  0.1075672E+00 -0.1000000E+01
   428  0.1493961E+01  0.1344590E+00 -0.7500000E+00
   429  0.1156755E+01  0.3192442E+00 -0.1000000E+01
   430  0.1445944E+01  0.3990553E+00 -0.7500000E+00
   431  0.1180716E+01  0.2142683E+00 -0.1000000E+01
   432  0.1475894E+01  0.2678353E+00 -0.7500000E+00
   433  0.1123482E+01  0.4216498E+00 -0.1000000E+01
   434  0.1404352E+01  0.5270622E+00 -0.7500000E+00
   435  0.1156755E+01  0.3192442E+00 -0.1000000E+01
   436  0.1445944E+01  0.3990553E+00 -0.7500000E+00
   437  0.1081163E+01  0.5206605E+00 -0.1000000E+01
   438  0.1351453E+01  0.6508256E+00 -0.7500000E+00
   439  0.1123482E+01  0.4216498E+00 -0.1000000E+01
   440  0.1404352E+01  0.5270622E+00 -0.7500000E+00
   441  0.1030139E+01  0.6154791E+00 -0.1000000E+01
   442  0.1287673E+01  0.7693489E+00 -0.7500000E+00
   443  0.1081163E+01  0.5206605E+00 -0.1000000E+01
   444  0.1351453E+01  0.6508256E+00 -0.7500000E+00
   445  0.9708204E+00  0.7053423E+00 -0.1000000E+01
   446  0.1213525E+01  0.8816779E+00 -0.7500000E+00
   447  0.1030139E+01  0.6154791E+00 -0.1000000E+01
   448  0.1287673E+01  0.7693489E+00 -0.7500000E+00
   449  0.9036858E+00  0.7895265E+00 -0.1000000E+01
   450  0.1129607E+01  0.9869081E+00 -0.7500000E+00
   451  0.9708204E+00  0.7053423E+00 -0.1000000E+01
   452  0.1213525E+01  0.8816779E+00 -0.7500000E+00
   453  0.8292752E+00  0.8673538E+00 -0.1000000E+01
   454  0.1036594E+01  0.1084192E+01 -0.7500000E+00
   455  0.9036858E+00  0.7895265E+00 -0.1000000E+01
   456  0.1129607E+01  0.9869081E+00 -0.7500000E+00
   457  0.7481878E+00  0.9381978E+00 -0.1000000E+01
   458  0.9352347E+00  0.1172747E+01 -0.7500000E+00
   459  0.8292752E+00  0.8673538E+00 -0.1000000E+01
   460  0.1036594E+01  0.1084192E+01 -0.7500000E+00
   461  0.6610764E+00  0.1001488E+01 -0.1000000E+01
   462  0.8263455E+00  0.1251860E+01 -0.7500000E+00
   463  0.7481878E+00  0.9381978E+00 -0.1000000E+01
   464  0.9352347E+00  0.1172747E+01 -0.7500000E+00
   465  0.5686424E+00  0.1056715E+01 -0.1000000E+01
   466  0.7108030E+00  0.1320893E+01 -0.7500000E+00
   467  0.6610764E+00  0.1001488E+01 -0.1000000E+01
   468  0.8263455E+00  0.1251860E+01 -0.7500000E+00
   469  0.4716300E+00  0.1103433E+01 -0.1000000E+01
   470  0.5895375E+00  0.1379292E+01 -0.7500000E+00
   471  0.5686424E+00  0.1056715E+01 -0.1000000E+01
   472  0.7108030E+00  0.1320893E+01 -0.7500000E+00
   473  0.3708204E+00  0.1141268E+01 -0.1000000E+01
   474  0.4635255E+00  0.1426585E+01 -0.7500000E+00
   475  0.4716300E+00  0.1103433E+01 -0.1000000E+01
   476  0.5895375E+00  0.1379292E+01 -0.7500000E+00
   477  0.2670251E+00  0.1169913E+01 -0.1000000E+01
   478  0.3337814E+00  0.1462392E+01 -0.7500000E+00
   479  0.3708204E+00  0.1141268E+01 -0.1000000E+01
   480  0.4635255E+00  0.1426585E+01 -0.7500000E+00
   481  0.1610799E+00  0.1189140E+01 -0.1000000E+01
   482  0.2013499E+00  0.1486425E+01 -0.7500000E+00
   483  0.2670251E+00  0.1169913E+01 -0.1000000E+01
   484  0.3337814E+00  0.1462392E+01 -0.7500000E+00
   485  0.5383780E-01  0.1198792E+01 -0.1000000E+01
   486  0.6729730E-01  0.1498490E+01 -0.7500000E+00
   487  0.1610799E+00  0.1189140E+01 -0.1000000E+01
   488  0.2013499E+00  0.1486425E+01 -0.7500000E+00
   489 -0.5383780E-01  0.1198792E+01 -0.1000000E+01
   490 -0.6729730E-01  0.1498490E+01 -0.7500000E+00
   491  0.5383780E-01  0.1198792E+01 -0.1000000E+01
   492  0.6729730E-01  0.1498490E+01 -0.7500000E+00
   493 -0.1610799E+00  0.1189140E+01 -0.1000000E+01
   494 -0.2013499E+00  0.1486425E+01 -0.7500000E+00
   495 -0.5383780E-01  0.1198792E+01 -0.1000000E+01
   496 -0.6729730E-01  0.1498490E+01 -0.7500000E+00
   497 -0.2670251E+00  0.1169913E+01 -0.1000000E+01
   498 -0.3337814E+00  0.1462392E+01 -0.7500000E+00
   499 -0.1610799E+00  0.1189140E+01 -0.1000000E+01
   500 -0.2013499E+00  0.1486425E+01 -0.7500000E+00
   501 -0.3708204E+00  0.1141268E+01 -0.1000000E+01
   502 -0.4635255E+00  0.1426585E+01 -0.7500000E+00
   503 -0.2670251E+00  0.1169913E+01 -0.1000000E+01
   504 -0.3337814E+00  0.1462392E+01 -0.7500000E+00
   505 -0.4716300E+00  0.1103433E+01 -0.1000000E+01
   506 -0.5895375E+00  0.1379292E+01 -0.7500000E+00
   507 -0.3708204E+00  0.1141268E+01 -0.1000000E+01
   508 -0.4635255E+00  0.1426585E+01 -0.7500000E+00
   509 -0.5686424E+00  0.1056715E+01 -0.1000000E+01
   510 -0.7108030E+00  0.1320893E+01 -0.7500000E+00
   511 -0.4716300E+00  0.1103433E+01 -0.1000000E+01
   512 -0.5895375E+00  0.1379292E+01 -0.7500000E+00
   513 -0.6610764E+00  0.1001488E+01 -0.1000000E+01
   514 -0.8263455E+00  0.1251860E+01 -0.7500000E+00
   515 -0.5686424E+00  0.1056715E+01 -0.1000000E+01
   516 -0.7108030E+00  0.1320893E+01 -0.7500000E+00
   517 -0.7481878E+00  0.9381978E+00 -0.1000000E+01
   518 -0.9352347E+00  0.1172747E+01 -0.7500000E+00
   519 -0.6610764E+00  0.1001488E+01 -0.1000000E+01
   520 -0.8263455E+00  0.1251860E+01 -0.7500000E+00
   521 -0.8292752E+00  0.8673538E+00 -0.1000000E+01
   522 -0.1036594E+01  0.1084192E+01 -0.7500000E+00
   523 -0.7481878E+00  0.9381978E+00 -0.1000000E+01
   524 -0.9352347E+00  0.1172747E+01 -0.7500000E+00
   525 -0.9036858E+00  0.7895265E+00 -0.1000000E+01
   526 -0.1129607E+01  0.9869081E+00 -0.7500000E+00
   527 -0.8292752E+00  0.8673538E+00 -0.1000000E+01
   528 -0.1036594E+01  0.1084192E+01 -0.7500000E+00
   529 -0.9708204E+00  0.7053423E+00 -0.1000000E+01
   530 -0.1213525E+01  0.8816779E+00 -0.7500000E+00
   531 -0.9036858E+00  0.7895265E+00 -0.1000000E+01
   532 -0.1129607E+01  0.9869081E+00 -0.7500000E+00
   533 -0.1030139E+01  0.6154791E+00 -0.1000000E+01
   534 -0.1287673E+01  0.7693489E+00 -0.7500000E+00
   535 -0.9708204E+00  0.7053423E+00 -0.1000000E+01
   536 -0.1213525E+01  0.8816779E+00 -0.7500000E+00
   537 -0.1081163E+01  0.5206605E+00 -0.1000000E+01
   538 -0.1351453E+01  0.6508256E+00 -0.7500000E+00
   539 -0.1030139E+01  0.6154791E+00 -0.1000000E+01
   540 -0.1287673E+01  0.7693489E+00 -0.7500000E+00
   541 -0.1123482E+01  0.4216498E+00 -0.1000000E+01
   542 -0.1404352E+01  0.5270622E+00 -0.7500000E+00
   543 -0.1081163E+01  0.5206605E+00 -0.1000000E+01
   544 -0.1351453E+01  0.6508256E+00 -0.7500000E+00
   545 -0.1156755E+01  0.3192442E+00 -0.1000000E+01
   546 -0.1445944E+01  0.3990553E+00 -0.7500000E+00
   547 -0.1123482E+01  0.4216498E+00 -0.1000000E+01
   548 -0.1404352E+01  0.5270622E+00 -0.7500000E+00
   549 -0.1180716E+01  0.2142683E+00 -0.1000000E+01
   550 -0.1475894E+01  0.2678353E+00 -0.7500000E+00
   551 -0.1156755E+01  0.3192442E+00 -0.1000000E+01
   552 -0.1445944E+01  0.3990553E+00 -0.7500000E+00
   553 -0.1195169E+01  0.1075672E+00 -0.1000000E+01
   554 -0.1493961E+01  0.1344590E+00 -0.7500000E+00
   555 -0.1180716E+01  0.2142683E+00 -0.1000000E+01
   556 -0.1475894E+01  0.2678353E+00 -0.7500000E+00
   557 -0.1200000E+01  0.0000000E+00 -0.1000000E+01
   558 -0.1500000E+01  0.0000000E+00 -0.7500000E+00
   559 -0.1195169E+01  0.1075672E+00 -0.1000000E+01
   560 -0.1493961E+01  0.1344590E+00 -0.7500000E+00
   561  0.8963769E+00  0.8067540E-01 -0.1250000E+01
   562  0.1195169E+01  0.1075672E+00 -0.1000000E+01
   563  0.9000000E+00  0.0000000E+00 -0.1250000E+01
   564  0.1200000E+01  0.0000000E+00 -0.1000000E+01
   565  0.8855366E+00  0.1607012E+00 -0.1250000E+01
   566  0.1180716E+01  0.2142683E+00 -0.1000000E+01
   567  0.8963769E+00  0.8067540E-01 -0.1250000E+01
   568  0.1195169E+01  0.1075672E+00 -0.1000000E+01
   569  0.8675666E+00  0.2394332E+00 -0.1250000E+01
   570  0.1156755E+01  0.3192442E+00 -0.1000000E+01
   571  0.8855366E+00  0.1607012E+00 -0.1250000E+01
   572  0.1180716E+01  0.2142683E+00 -0.1000000E+01
   573  0.8426114E+00  0.3162373E+00 -0.1250000E+01
   574  0.1123482E+01  0.4216498E+00 -0.1000000E+01
   575  0.8675666E+00  0.2394332E+00 -0.1250000E+01
   576  0.1156755E+01  0.3192442E+00 -0.1000000E+01
   577  0.8108720E+00  0.3904954E+00 -0.1250000E+01
   578  0.1081163E+01  0.5206605E+00 -0.1000000E+01
   579  0.8426114E+00  0.3162373E+00 -0.1250000E+01
   580  0.1123482E+01  0.4216498E+00 -0.1000000E+01
   581  0.7726039E+00  0.4616093E+00 -0.1250000E+01
   582  0.1030139E+01  0.6154791E+00 -0.1000000E+01
   583  0.8108720E+00  0.3904954E+00 -0.1250000E+01
   584  0.1081163E+01  0.5206605E+00 -0.1000000E+01
   585  0.7281153E+00  0.5290067E+00 -0.1250000E+01
   586  0.9708204E+00  0.7053423E+00 -0.1000000E+01
   587  0.7726039E+00  0.4616093E+00 -0.1250000E+01
   588  0.1030139E+01  0.6154791E+00 -0.1000000E+01
   589  0.6777643E+00  0.5921449E+00 -0.1250000E+01
   590  0.9036858E+00  0.7895265E+00 -0.1000000E+01
   591  0.7281153E+00  0.5290067E+00 -0.1250000E+01
   592  0.9708204E+00  0.7053423E+00 -0.1000000E+01
   593  0.6219564E+00  0.6505154E+00 -0.1250000E+01
   594  0.8292752E+00  0.8673538E+00 -0.1000000E+01
   595  0.6777643E+00  0.5921449E+00 -0.1250000E+01
   596  0.9036858E+00  0.7895265E+00 -0.1000000E+01
   597  0.5611408E+00  0.7036483E+00 -0.1250000E+01
   598  0.7481878E+00  0.9381978E+00 -0.1000000E+01
   599  0.6219564E+00  0.6505154E+00 -0.1250000E+01
   600  0.8292752E+00  0.8673538E+00 -0.1000000E+01
   601  0.4958073E+00  0.7511159E+00 -0.1250000E+01
   602  0.6610764E+00  0.1001488E+01 -0.1000000E+01
   603  0.5611408E+00  0.7036483E+00 -0.1250000E+01
   604  0.7481878E+00  0.9381978E+00 -0.1000000E+01
   605  0.4264818E+00  0.7925360E+00 -0.1250000E+01
   606  0.5686424E+00  0.1056715E+01 -0.1000000E+01
   607  0.4958073E+00  0.7511159E+00 -0.1250000E+01
   608  0.6610764E+00  0.1001488E+01 -0.1000000E+01
   609  0.3537225E+00  0.8275750E+00 -0.1250000E+01
   610  0.4716300E+00  0.1103433E+01 -0.1000000E+01
   611  0.4264818E+00  0.7925360E+00 -0.1250000E+01
   612  0.5686424E+00  0.1056715E+01 -0.1000000E+01
   613  0.2781153E+00  0.8559509E+00 -0.1250000E+01
   614  0.3708204E+00  0.1141268E+01 -0.1000000E+01
   615  0.3537225E+00  0.8275750E+00 -0.1250000E+01
   616  0.4716300E+00  0.1103433E+01 -0.1000000E+01
   617  0.2002688E+00  0.8774351E+00 -0.1250000E+01
   618  0.2670251E+00  0.1169913E+01 -0.1000000E+01
   619  0.2781153E+00  0.8559509E+00 -0.1250000E+01
   620  0.3708204E+00  0.1141268E+01 -0.1000000E+01
   621  0.1208099E+00  0.8918548E+00 -0.1250000E+01
   622  0.1610799E+00  0.1189140E+01 -0.1000000E+01
   623  0.2002688E+00  0.8774351E+00 -0.1250000E+01
   624  0.2670251E+00  0.1169913E+01 -0.1000000E+01
   625  0.4037840E-01  0.8990938E+00 -0.1250000E+01
   626  0.5383780E-01  0.1198792E+01 -0.1000000E+01
   627  0.1208099E+00  0.8918548E+00 -0.1250000E+01
   628  0.1610799E+00  0.1189140E+01 -0.1000000E+01
   629 -0.4037840E-01  0.8990938E+00 -0.1250000E+01
   630 -0.5383780E-01  0.1198792E+01 -0.1000000E+01
   631  0.4037840E-01  0.8990938E+00 -0.1250000E+01
   632  0.5383780E-01  0.1198792E+01 -0.1000000E+01
   633 -0.1208099E+00  0.8918548E+00 -0.1250000E+01
   634 -0.1610799E+00  0.1189140E+01 -0.1000000E+01
   635 -0.4037830E-01  0.8990938E+00 -0.1250000E+01
   636 -0.5383780E-01  0.1198792E+01 -0.1000000E+01
   637 -0.2002688E+00  0.8774351E+00 -0.1250000E+01
   638 -0.2670251E+00  0.1169913E+01 -0.1000000E+01
   639 -0.1208099E+00  0.8918548E+00 -0.1250000E+01
   640 -0.1610799E+00  0.1189140E+01 -0.1000000E+01
   641 -0.2781153E+00  0.8559509E+00 -0.1250000E+01
   642 -0.3708204E+00  0.1141268E+01 -0.1000000E+01
   643 -0.2002688E+00  0.8774351E+00 -0.1250000E+01
   644 -0.2670251E+00  0.1169913E+01 -0.1000000E+01
   645 -0.3537225E+00  0.8275750E+00 -0.1250000E+01
   646 -0.4716300E+00  0.1103433E+01 -0.1000000E+01
   647 -0.2781153E+00  0.8559509E+00 -0.1250000E+01
   648 -0.3708204E+00  0.1141268E+01 -0.1000000E+01
   649 -0.4264818E+00  0.7925360E+00 -0.1250000E+01
   650 -0.5686424E+00  0.1056715E+01 -0.1000000E+01
   651 -0.3537225E+00  0.8275750E+00 -0.1250000E+01
   652 -0.4716300E+00  0.1103433E+01 -0.1000000E+01
   653 -0.4958073E+00  0.7511159E+00 -0.1250000E+01
   654 -0.6610764E+00  0.1001488E+01 -0.1000000E+01
   655 -0.4264818E+00  0.7925360E+00 -0.1250000E+01
   656 -0.5686424E+00  0.1056715E+01 -0.1000000E+01
   657 -0.5611408E+00  0.7036483E+00 -0.1250000E+01
   658 -0.7481878E+00  0.9381978E+00 -0.1000000E+01
   659 -0.4958073E+00  0.7511159E+00 -0.1250000E+01
   660 -0.6610764E+00  0.1001488E+01 -0.1000000E+01
   661 -0.6219564E+00  0.6505154E+00 -0.1250000E+01
   662 -0.8292752E+00  0.8673538E+00 -0.1000000E+01
   663 -0.5611408E+00  0.7036483E+00 -0.1250000E+01
   664 -0.7481878E+00  0.9381978E+00 -0.1000000E+01
   665 -0.6777643E+00  0.5921449E+00 -0.1250000E+01
   666 -0.9036858E+00  0.7895265E+00 -0.1000000E+01
   667 -0.6219564E+00  0.6505154E+00 -0.1250000E+01
   668 -0.8292752E+00  0.8673538E+00 -0.1000000E+01
   669 -0.7281153E+00  0.5290067E+00 -0.1250000E+01
   670 -0.9708204E+00  0.7053423E+00 -0.1000000E+01
   671 -0.6777643E+00  0.5921449E+00 -0.1250000E+01
   672 -0.9036858E+00  0.7895265E+00 -0.1000000E+01
   673 -0.7726039E+00  0.4616093E+00 -0.1250000E+01
   674 -0.1030139E+01  0.6154791E+00 -0.1000000E+01
   675 -0.7281153E+00  0.5290067E+00 -0.1250000E+01
   676 -0.9708204E+00  0.7053423E+00 -0.1000000E+01
   677 -0.8108720E+00  0.3904954E+00 -0.1250000E+01
   678 -0.1081163E+01  0.5206605E+00 -0.1000000E+01
   679 -0.7726039E+00  0.4616093E+00 -0.1250000E+01
   680 -0.1030139E+01  0.6154791E+00 -0.1000000E+01
   681 -0.8426114E+00  0.3162373E+00 -0.1250000E+01
   682 -0.1123482E+01  0.4216498E+00 -0.1000000E+01
   683 -0.8108720E+00  0.3904954E+00 -0.1250000E+01
   684 -0.1081163E+01  0.5206605E+00 -0.1000000E+01
   685 -0.8675666E+00  0.2394332E+00 -0.1250000E+01
   686 -0.1156755E+01  0.3192442E+00 -0.1000000E+01
   687 -0.8426114E+00  0.3162373E+00 -0.1250000E+01
   688 -0.1123482E+01  0.4216498E+00 -0.1000000E+01
   689 -0.8855366E+00  0.1607012E+00 -0.1250000E+01
   690 -0.1180716E+01  0.2142683E+00 -0.1000000E+01
   691 -0.8675666E+00  0.2394332E+00 -0.1250000E+01
   692 -0.1156755E+01  0.3192442E+00 -0.1000000E+01
   693 -0.8963769E+00  0.8067540E-01 -0.1250000E+01
   694 -0.1195169E+01  0.1075672E+00 -0.1000000E+01
   695 -0.8855366E+00  0.1607012E+00 -0.1250000E+01
   696 -0.1180716E+01  0.2142683E+00 -0.1000000E+01
   697 -0.9000000E+00  0.0000000E+00 -0.1250000E+01
   698 -0.1200000E+01  0.0000000E+00 -0.1000000E+01
   699 -0.8963769E+00  0.8067540E-01 -0.1250000E+01
   700 -0.1195169E+01  0.1075672E+00 -0.1000000E+01
   701  0.5975846E+00  0.5378360E-01 -0.1500000E+01
   702  0.8963769E+00  0.8067540E-01 -0.1250000E+01
   703  0.6000000E+00  0.0000000E+00 -0.1500000E+01
   704  0.9000000E+00  0.0000000E+00 -0.1250000E+01
   705  0.5903578E+00  0.1071341E+00 -0.1500000E+01
   706  0.8855366E+00  0.1607012E+00 -0.1250000E+01
   707  0.5975846E+00  0.5378360E-01 -0.1500000E+01
   708  0.8963769E+00  0.8067540E-01 -0.1250000E+01
   709  0.5783777E+00  0.1596221E+00 -0.1500000E+01
   710  0.8675666E+00  0.2394332E+00 -0.1250000E+01
   711  0.5903578E+00  0.1071341E+00 -0.1500000E+01
   712  0.8855366E+00  0.1607012E+00 -0.1250000E+01
   713  0.5617409E+00  0.2108249E+00 -0.1500000E+01
   714  0.8426114E+00  0.3162373E+00 -0.1250000E+01
   715  0.5783777E+00  0.1596221E+00 -0.1500000E+01
   716  0.8675666E+00  0.2394332E+00 -0.1250000E+01
   717  0.5405813E+00  0.2603302E+00 -0.1500000E+01
   718  0.8108720E+00  0.3904954E+00 -0.1250000E+01
   719  0.5617409E+00  0.2108249E+00 -0.1500000E+01
   720  0.8426114E+00  0.3162373E+00 -0.1250000E+01
   721  0.5150693E+00  0.3077396E+00 -0.1500000E+01
   722  0.7726039E+00  0.4616093E+00 -0.1250000E+01
   723  0.5405813E+00  0.2603302E+00 -0.1500000E+01
   724  0.8108720E+00  0.3904954E+00 -0.1250000E+01
   725  0.4854102E+00  0.3526712E+00 -0.1500000E+01
   726  0.7281153E+00  0.5290067E+00 -0.1250000E+01
   727  0.5150693E+00  0.3077396E+00 -0.1500000E+01
   728  0.7726039E+00  0.4616093E+00 -0.1250000E+01
   729  0.4518429E+00  0.3947632E+00 -0.1500000E+01
   730  0.6777643E+00  0.5921449E+00 -0.1250000E+01
   731  0.4854102E+00  0.3526712E+00 -0.1500000E+01
   732  0.7281153E+00  0.5290067E+00 -0.1250000E+01
   733  0.4146376E+00  0.4336769E+00 -0.1500000E+01
   734  0.6219564E+00  0.6505154E+00 -0.1250000E+01
   735  0.4518429E+00  0.3947632E+00 -0.1500000E+01
   736  0.6777643E+00  0.5921449E+00 -0.1250000E+01
   737  0.3740939E+00  0.4690989E+00 -0.1500000E+01
   738  0.5611408E+00  0.7036483E+00 -0.1250000E+01
   739  0.4146376E+00  0.4336769E+00 -0.1500000E+01
   740  0.6219564E+00  0.6505154E+00 -0.1250000E+01
   741  0.3305382E+00  0.5007440E+00 -0.1500000E+01
   742  0.4958073E+00  0.7511159E+00 -0.1250000E+01
   743  0.3740939E+00  0.4690989E+00 -0.1500000E+01
   744  0.5611408E+00  0.7036483E+00 -0.1250000E+01
   745  0.2843212E+00  0.5283573E+00 -0.1500000E+01
   746  0.4264818E+00  0.7925360E+00 -0.1250000E+01
   747  0.3305382E+00  0.5007440E+00 -0.1500000E+01
   748  0.4958073E+00  0.7511159E+00 -0.1250000E+01
   749  0.2358150E+00  0.5517167E+00 -0.1500000E+01
   750  0.3537225E+00  0.8275750E+00 -0.1250000E+01
   751  0.2843212E+00  0.5283573E+00 -0.1500000E+01
   752  0.4264818E+00  0.7925360E+00 -0.1250000E+01
   753  0.1854102E+00  0.5706339E+00 -0.1500000E+01
   754  0.2781153E+00  0.8559509E+00 -0.1250000E+01
   755  0.2358150E+00  0.5517167E+00 -0.1500000E+01
   756  0.3537225E+00  0.8275750E+00 -0.1250000E+01
   757  0.1335126E+00  0.5849567E+00 -0.1500000E+01
   758  0.2002688E+00  0.8774351E+00 -0.1250000E+01
   759  0.1854102E+00  0.5706339E+00 -0.1500000E+01
   760  0.2781153E+00  0.8559509E+00 -0.1250000E+01
   761  0.8054000E-01  0.5945699E+00 -0.1500000E+01
   762  0.1208099E+00  0.8918548E+00 -0.1250000E+01
   763  0.1335126E+00  0.5849567E+00 -0.1500000E+01
   764  0.2002688E+00  0.8774351E+00 -0.1250000E+01
   765  0.2691890E-01  0.5993958E+00 -0.1500000E+01
   766  0.4037840E-01  0.8990938E+00 -0.1250000E+01
   767  0.8054000E-01  0.5945699E+00 -0.1500000E+01
   768  0.1208099E+00  0.8918548E+00 -0.1250000E+01
   769 -0.2691890E-01  0.5993958E+00 -0.1500000E+01
   770 -0.4037840E-01  0.8990938E+00 -0.1250000E+01
   771  0.2691890E-01  0.5993958E+00 -0.1500000E+01
   772  0.4037840E-01  0.8990938E+00 -0.1250000E+01
   773 -0.8054000E-01  0.5945699E+00 -0.1500000E+01
   774 -0.1208099E+00  0.8918548E+00 -0.1250000E+01
   775 -0.2691890E-01  0.5993958E+00 -0.1500000E+01
   776 -0.4037830E-01  0.8990938E+00 -0.1250000E+01
   777 -0.1335126E+00  0.5849567E+00 -0.1500000E+01
   778 -0.2002688E+00  0.8774351E+00 -0.1250000E+01
   779 -0.8054000E-01  0.5945699E+00 -0.1500000E+01
   780 -0.1208099E+00  0.8918548E+00 -0.1250000E+01
   781 -0.1854102E+00  0.5706339E+00 -0.1500000E+01
   782 -0.2781153E+00  0.8559509E+00 -0.1250000E+01
   783 -0.1335126E+00  0.5849567E+00 -0.1500000E+01
   784 -0.2002688E+00  0.8774351E+00 -0.1250000E+01
   785 -0.2358150E+00  0.5517167E+00 -0.1500000E+01
   786 -0.3537225E+00  0.8275750E+00 -0.1250000E+01
   787 -0.1854102E+00  0.5706339E+00 -0.1500000E+01
   788 -0.2781153E+00  0.8559509E+00 -0.1250000E+01
   789 -0.2843212E+00  0.5283573E+00 -0.1500000E+01
   790 -0.4264818E+00  0.7925360E+00 -0.1250000E+01
   791 -0.2358150E+00  0.5517167E+00 -0.1500000E+01
   792 -0.3537225E+00  0.8275750E+00 -0.1250000E+01
   793 -0.3305382E+00  0.5007440E+00 -0.1500000E+01
   794 -0.4958073E+00  0.7511159E+00 -0.1250000E+01
   795 -0.2843212E+00  0.5283573E+00 -0.1500000E+01
   796 -0.4264818E+00  0.7925360E+00 -0.1250000E+01
   797 -0.3740939E+00  0.4690989E+00 -0.1500000E+01
   798 -0.5611408E+00  0.7036483E+00 -0.1250000E+01
   799 -0.3305382E+00  0.5007440E+00 -0.1500000E+01
   800 -0.4958073E+00  0.7511159E+00 -0.1250000E+01
   801 -0.4146376E+00  0.4336769E+00 -0.1500000E+01
   802 -0.6219564E+00  0.6505154E+00 -0.1250000E+01
   803 -0.3740939E+00  0.4690989E+00 -0.1500000E+01
   804 -0.5611408E+00  0.7036483E+00 -0.1250000E+01
   805 -0.4518429E+00  0.3947632E+00 -0.1500000E+01
   806 -0.6777643E+00  0.5921449E+00 -0.1250000E+01
   807 -0.4146376E+00  0.4336769E+00 -0.1500000E+01
   808 -0.6219564E+00  0.6505154E+00 -0.1250000E+01
   809 -0.4854102E+00  0.3526712E+00 -0.1500000E+01
   810 -0.7281153E+00  0.5290067E+00 -0.1250000E+01
   811 -0.4518429E+00  0.3947632E+00 -0.1500000E+01
   812 -0.6777643E+00  0.5921449E+00 -0.1250000E+01
   813 -0.5150693E+00  0.3077396E+00 -0.1500000E+01
   814 -0.7726039E+00  0.4616093E+00 -0.1250000E+01
   815 -0.4854102E+00  0.3526712E+00 -0.1500000E+01
   816 -0.7281153E+00  0.5290067E+00 -0.1250000E+01
   817 -0.5405813E+00  0.2603302E+00 -0.1500000E+01
   818 -0.8108720E+00  0.3904954E+00 -0.1250000E+01
   819 -0.5150693E+00  0.3077396E+00 -0.1500000E+01
   820 -0.7726039E+00  0.4616093E+00 -0.1250000E+01
   821 -0.5617409E+00  0.2108249E+00 -0.1500000E+01
   822 -0.8426114E+00  0.3162373E+00 -0.1250000E+01
   823 -0.5405813E+00  0.2603302E+00 -0.1500000E+01
   824 -0.8108720E+00  0.3904954E+00 -0.1250000E+01
   825 -0.5783777E+00  0.1596221E+00 -0.1500000E+01
   826 -0.8675666E+00  0.2394332E+00 -0.1250000E+01
   827 -0.5617409E+00  0.2108249E+00 -0.1500000E+01
   828 -0.8426114E+00  0.3162373E+00 -0.1250000E+01
   829 -0.5903578E+00  0.1071341E+00 -0.1500000E+01
   830 -0.8855366E+00  0.1607012E+00 -0.1250000E+01
   831 -0.5783777E+00  0.1596221E+00 -0.1500000E+01
   832 -0.8675666E+00  0.2394332E+00 -0.1250000E+01
   833 -0.5975846E+00  0.5378360E-01 -0.1500000E+01
   834 -0.8963769E+00  0.8067540E-01 -0.1250000E+01
   835 -0.5903578E+00  0.1071341E+00 -0.1500000E+01
   836 -0.8855366E+00  0.1607012E+00 -0.1250000E+01
   837 -0.6000000E+00  0.0000000E+00 -0.1500000E+01
   838 -0.9000000E+00  0.0000000E+00 -0.1250000E+01
   839 -0.5975846E+00  0.5378360E-01 -0.1500000E+01
   840 -0.8963769E+00  0.8067540E-01 -0.1250000E+01
   841  0.2987923E+00  0.2689180E-01 -0.1750000E+01
   842  0.5975846E+00  0.5378360E-01 -0.1500000E+01
   843  0.3000000E+00  0.0000000E+00 -0.1750000E+01
   844  0.6000000E+00  0.0000000E+00 -0.1500000E+01
   845  0.2951789E+00  0.5356710E-01 -0.1750000E+01
   846  0.5903578E+00  0.1071341E+00 -0.1500000E+01
   847  0.2987923E+00  0.2689180E-01 -0.1750000E+01
   848  0.5975846E+00  0.5378360E-01 -0.1500000E+01
   849  0.2891889E+00  0.7981110E-01 -0.1750000E+01
   850  0.5783777E+00  0.1596221E+00 -0.1500000E+01
   851  0.2951789E+00  0.5356710E-01 -0.1750000E+01
   852  0.5903578E+00  0.1071341E+00 -0.1500000E+01
   853  0.2808705E+00  0.1054124E+00 -0.1750000E+01
   854  0.5617409E+00  0.2108249E+00 -0.1500000E+01
   855  0.2891889E+00  0.7981110E-01 -0.1750000E+01
   856  0.5783777E+00  0.1596221E+00 -0.1500000E+01
   857  0.2702907E+00  0.1301651E+00 -0.1750000E+01
   858  0.5405813E+00  0.2603302E+00 -0.1500000E+01
   859  0.2808705E+00  0.1054124E+00 -0.1750000E+01
   860  0.5617409E+00  0.2108249E+00 -0.1500000E+01
   861  0.2575346E+00  0.1538698E+00 -0.1750000E+01
   862  0.5150693E+00  0.3077396E+00 -0.1500000E+01
   863  0.2702907E+00  0.1301651E+00 -0.1750000E+01
   864  0.5405813E+00  0.2603302E+00 -0.1500000E+01
   865  0.2427051E+00  0.1763356E+00 -0.1750000E+01
   866  0.4854102E+00  0.3526712E+00 -0.1500000E+01
   867  0.2575346E+00  0.1538698E+00 -0.1750000E+01
   868  0.5150693E+00  0.3077396E+00 -0.1500000E+01
   869  0.2259214E+00  0.1973816E+00 -0.1750000E+01
   870  0.4518429E+00  0.3947632E+00 -0.1500000E+01
   871  0.2427051E+00  0.1763356E+00 -0.1750000E+01
   872  0.4854102E+00  0.3526712E+00 -0.1500000E+01
   873  0.2073188E+00  0.2168385E+00 -0.1750000E+01
   874  0.4146376E+00  0.4336769E+00 -0.1500000E+01
   875  0.2259214E+00  0.1973816E+00 -0.1750000E+01
   876  0.4518429E+00  0.3947632E+00 -0.1500000E+01
   877  0.1870469E+00  0.2345494E+00 -0.1750000E+01
   878  0.3740939E+00  0.4690989E+00 -0.1500000E+01
   879  0.2073188E+00  0.2168385E+00 -0.1750000E+01
   880  0.4146376E+00  0.4336769E+00 -0.1500000E+01
   881  0.1652691E+00  0.2503720E+00 -0.1750000E+01
   882  0.3305382E+00  0.5007440E+00 -0.1500000E+01
   883  0.1870469E+00  0.2345494E+00 -0.1750000E+01
   884  0.3740939E+00  0.4690989E+00 -0.1500000E+01
   885  0.1421606E+00  0.2641787E+00 -0.1750000E+01
   886  0.2843212E+00  0.5283573E+00 -0.1500000E+01
   887  0.1652691E+00  0.2503720E+00 -0.1750000E+01
   888  0.3305382E+00  0.5007440E+00 -0.1500000E+01
   889  0.1179075E+00  0.2758583E+00 -0.1750000E+01
   890  0.2358150E+00  0.5517167E+00 -0.1500000E+01
   891  0.1421606E+00  0.2641787E+00 -0.1750000E+01
   892  0.2843212E+00  0.5283573E+00 -0.1500000E+01
   893  0.9270510E-01  0.2853170E+00 -0.1750000E+01
   894  0.1854102E+00  0.5706339E+00 -0.1500000E+01
   895  0.1179075E+00  0.2758583E+00 -0.1750000E+01
   896  0.2358150E+00  0.5517167E+00 -0.1500000E+01
   897  0.6675630E-01  0.2924784E+00 -0.1750000E+01
   898  0.1335126E+00  0.5849567E+00 -0.1500000E+01
   899  0.9270510E-01  0.2853170E+00 -0.1750000E+01
   900  0.1854102E+00  0.5706339E+00 -0.1500000E+01
   901  0.4027000E-01  0.2972849E+00 -0.1750000E+01
   902  0.8054000E-01  0.5945699E+00 -0.1500000E+01
   903  0.6675630E-01  0.2924784E+00 -0.1750000E+01
   904  0.1335126E+00  0.5849567E+00 -0.1500000E+01
   905  0.1345940E-01  0.2996979E+00 -0.1750000E+01
   906  0.2691890E-01  0.5993958E+00 -0.1500000E+01
   907  0.4027000E-01  0.2972849E+00 -0.1750000E+01
   908  0.8054000E-01  0.5945699E+00 -0.1500000E+01
   909 -0.1345940E-01  0.2996979E+00 -0.1750000E+01
   910 -0.2691890E-01  0.5993958E+00 -0.1500000E+01
   911  0.1345940E-01  0.2996979E+00 -0.1750000E+01
   912  0.2691890E-01  0.5993958E+00 -0.1500000E+01
   913 -0.4027000E-01  0.2972849E+00 -0.1750000E+01
   914 -0.8054000E-01  0.5945699E+00 -0.1500000E+01
   915 -0.1345940E-01  0.2996979E+00 -0.1750000E+01
   916 -0.2691890E-01  0.5993958E+00 -0.1500000E+01
   917 -0.6675630E-01  0.2924784E+00 -0.1750000E+01
   918 -0.1335126E+00  0.5849567E+00 -0.1500000E+01
   919 -0.4027000E-01  0.2972849E+00 -0.1750000E+01
   920 -0.8054000E-01  0.5945699E+00 -0.1500000E+01
   921 -0.9270510E-01  0.2853170E+00 -0.1750000E+01
   922 -0.1854102E+00  0.5706339E+00 -0.1500000E+01
   923 -0.6675630E-01  0.2924784E+00 -0.1750000E+01
   924 -0.1335126E+00  0.5849567E+00 -0.1500000E+01
   925 -0.1179075E+00  0.2758583E+00 -0.1750000E+01
   926 -0.2358150E+00  0.5517167E+00 -0.1500000E+01
   927 -0.9270510E-01  0.2853170E+00 -0.1750000E+01
   928 -0.1854102E+00  0.5706339E+00 -0.1500000E+01
   929 -0.1421606E+00  0.2641787E+00 -0.1750000E+01
   930 -0.2843212E+00  0.5283573E+00 -0.1500000E+01
   931 -0.1179075E+00  0.2758583E+00 -0.1750000E+01
   932 -0.2358150E+00  0.5517167E+00 -0.1500000E+01
   933 -0.1652691E+00  0.2503720E+00 -0.1750000E+01
   934 -0.3305382E+00  0.5007440E+00 -0.1500000E+01
   935 -0.1421606E+00  0.2641787E+00 -0.1750000E+01
   936 -0.2843212E+00  0.5283573E+00 -0.1500000E+01
   937 -0.1870469E+00  0.2345494E+00 -0.1750000E+01
   938 -0.3740939E+00  0.4690989E+00 -0.1500000E+01
   939 -0.1652691E+00  0.2503720E+00 -0.1750000E+01
   940 -0.3305382E+00  0.5007440E+00 -0.1500000E+01
   941 -0.2073188E+00  0.2168385E+00 -0.1750000E+01
   942 -0.4146376E+00  0.4336769E+00 -0.1500000E+01
   943 -0.1870469E+00  0.2345494E+00 -0.1750000E+01
   944 -0.3740939E+00  0.4690989E+00 -0.1500000E+01
   945 -0.2259214E+00  0.1973816E+00 -0.1750000E+01
   946 -0.4518429E+00  0.3947632E+00 -0.1500000E+01
   947 -0.2073188E+00  0.2168385E+00 -0.1750000E+01
   948 -0.4146376E+00  0.4336769E+00 -0.1500000E+01
   949 -0.2427051E+00  0.1763356E+00 -0.1750000E+01
   950 -0.4854102E+00  0.3526712E+00 -0.1500000E+01
   951 -0.2259214E+00  0.1973816E+00 -0.1750000E+01
   952 -0.4518429E+00  0.3947632E+00 -0.1500000E+01
   953 -0.2575346E+00  0.1538698E+00 -0.1750000E+01
   954 -0.5150693E+00  0.3077396E+00 -0.1500000E+01
   955 -0.2427051E+00  0.1763356E+00 -0.1750000E+01
   956 -0.4854102E+00  0.3526712E+00 -0.1500000E+01
   957 -0.2702907E+00  0.1301651E+00 -0.1750000E+01
   958 -0.5405813E+00  0.2603302E+00 -0.1500000E+01
   959 -0.2575346E+00  0.1538698E+00 -0.1750000E+01
   960 -0.5150693E+00  0.3077396E+00 -0.1500000E+01
   961 -0.2808705E+00  0.1054124E+00 -0.1750000E+01
   962 -0.5617409E+00  0.2108249E+00 -0.1500000E+01
   963 -0.2702907E+00  0.1301651E+00 -0.1750000E+01
   964 -0.5405813E+00  0.2603302E+00 -0.1500000E+01
   965 -0.2891889E+00  0.7981110E-01 -0.1750000E+01
   966 -0.5783777E+00  0.1596221E+00 -0.1500000E+01
   967 -0.2808705E+00  0.1054124E+00 -0.1750000E+01
   968 -0.5617409E+00  0.2108249E+00 -0.1500000E+01
   969 -0.2951789E+00  0.5356710E-01 -0.1750000E+01
   970 -0.5903578E+00  0.1071341E+00 -0.1500000E+01
   971 -0.2891889E+00  0.7981110E-01 -0.1750000E+01
   972 -0.5783777E+00  0.1596221E+00 -0.1500000E+01
   973 -0.2987923E+00  0.2689180E-01 -0.1750000E+01
   974 -0.5975846E+00  0.5378360E-01 -0.1500000E+01
   975 -0.2951789E+00  0.5356710E-01 -0.1750000E+01
   976 -0.5903578E+00  0.1071341E+00 -0.1500000E+01
   977 -0.3000000E+00  0.0000000E+00 -0.1750000E+01
   978 -0.6000000E+00  0.0000000E+00 -0.1500000E+01
   979 -0.2987923E+00  0.2689180E-01 -0.1750000E+01
   980 -0.5975846E+00  0.5378360E-01 -0.1500000E+01
   981  0.0000000E+00  0.0000000E+00 -0.2000000E+01
   982  0.2987923E+00  0.2689180E-01 -0.1750000E+01
   983  0.0000000E+00  0.0000000E+00 -0.2000000E+01
   984  0.3000000E+00  0.0000000E+00 -0.1750000E+01
   985  0.0000000E+00  0.0000000E+00 -0.2000000E+01
   986  0.2951789E+00  0.5356710E-01 -0.1750000E+01
   987  0.0000000E+00  0.0000000E+00 -0.2000000E+01
   988  0.2987923E+00  0.2689180E-01 -0.1750000E+01
   989  0.0000000E+00  0.0000000E+00 -0.2000000E+01
   990  0.2891889E+00  0.7981110E-01 -0.1750000E+01
   991  0.0000000E+00  0.0000000E+00 -0.2000000E+01
   992  0.2951789E+00  0.5356710E-01 -0.1750000E+01
   993  0.0000000E+00  0.0000000E+00 -0.2000000E+01
   994  0.2808705E+00  0.1054124E+00 -0.1750000E+01
   995  0.0000000E+00  0.0000000E+00 -0.2000000E+01
   996  0.2891889E+00  0.7981110E-01 -0.1750000E+01
   997  0.0000000E+00  0.0000000E+00 -0.2000000E+01
   998  0.2702907E+00  0.1301651E+00 -0.1750000E+01
   999  0.0000000E+00  0.0000000E+00 -0.2000000E+01
  1000  0.2808705E+00  0.1054124E+00 -0.1750000E+01
  1001  0.0000000E+00  0.0000000E+00 -0.2000000E+01
  1002  0.2575346E+00  0.1538698E+00 -0.1750000E+01
  1003  0.0000000E+00  0.0000000E+00 -0.2000000E+01
  1004  0.2702907E+00  0.1301651E+00 -0.1750000E+01
  1005  0.0000000E+00  0.0000000E+00 -0.2000000E+01
  1006  0.2427051E+00  0.1763356E+00 -0.1750000E+01
  1007  0.0000000E+00  0.0000000E+00 -0.2000000E+01
  1008  0.2575346E+00  0.1538698E+00 -0.1750000E+01
  1009  0.0000000E+00  0.0000000E+00 -0.2000000E+01
  1010  0.2259214E+00  0.1973816E+00 -0.1750000E+01
  1011  0.0000000E+00  0.0000000E+00 -0.2000000E+01
  1012  0.2427051E+00  0.1763356E+00 -0.1750000E+01
  1013  0.0000000E+00  0.0000000E+00 -0.2000000E+01
  1014  0.2073188E+00  0.2168385E+00 -0.1750000E+01
  1015  0.0000000E+00  0.0000000E+00 -0.2000000E+01
  1016  0.2259214E+00  0.1973816E+00 -0.1750000E+01
  1017  0.0000000E+00  0.0000000E+00 -0.2000000E+01
  1018  0.1870469E+00  0.2345494E+00 -0.1750000E+01
  1019  0.0000000E+00  0.0000000E+00 -0.2000000E+01
  1020  0.2073188E+00  0.2168385E+00 -0.1750000E+01
  1021  0.0000000E+00  0.0000000E+00 -0.2000000E+01
  1022  0.1652691E+00  0.2503720E+00 -0.1750000E+01
  1023  0.0000000E+00  0.0000000E+00 -0.2000000E+01
  1024  0.1870469E+00  0.2345494E+00 -0.1750000E+01
  1025  0.0000000E+00  0.0000000E+00 -0.2000000E+01
  1026  0.1421606E+00  0.2641787E+00 -0.1750000E+01
  1027  0.0000000E+00  0.0000000E+00 -0.2000000E+01
  1028  0.1652691E+00  0.2503720E+00 -0.1750000E+01
  1029  0.0000000E+00  0.0000000E+00 -0.2000000E+01
  1030  0.1179075E+00  0.2758583E+00 -0.1750000E+01
  1031  0.0000000E+00  0.0000000E+00 -0.2000000E+01
  1032  0.1421606E+00  0.2641787E+00 -0.1750000E+01
  1033  0.0000000E+00  0.0000000E+00 -0.2000000E+01
  1034  0.9270510E-01  0.2853170E+00 -0.1750000E+01
  1035  0.0000000E+00  0.0000000E+00 -0.2000000E+01
  1036  0.1179075E+00  0.2758583E+00 -0.1750000E+01
  1037  0.0000000E+00  0.0000000E+00 -0.2000000E+01
  1038  0.6675630E-01  0.2924784E+00 -0.1750000E+01
  1039  0.0000000E+00  0.0000000E+00 -0.2000000E+01
  1040  0.9270510E-01  0.2853170E+00 -0.1750000E+01
  1041  0.0000000E+00  0.0000000E+00 -0.2000000E+01
  1042  0.4027000E-01  0.2972849E+00 -0.1750000E+01
  1043  0.0000000E+00  0.0000000E+00 -0.2000000E+01
  1044  0.6675630E-01  0.2924784E+00 -0.1750000E+01
  1045  0.0000000E+00  0.0000000E+00 -0.2000000E+01
  1046  0.1345940E-01  0.2996979E+00 -0.1750000E+01
  1047  0.0000000E+00  0.0000000E+00 -0.2000000E+01
  1048  0.4027000E-01  0.2972849E+00 -0.1750000E+01
  1049  0.0000000E+00  0.0000000E+00 -0.2000000E+01
  1050 -0.1345940E-01  0.2996979E+00 -0.1750000E+01
  1051  0.0000000E+00  0.0000000E+00 -0.2000000E+01
  1052  0.1345940E-01  0.2996979E+00 -0.1750000E+01
  1053  0.0000000E+00  0.0000000E+00 -0.2000000E+01
  1054 -0.4027000E-01  0.2972849E+00 -0.1750000E+01
  1055  0.0000000E+00  0.0000000E+00 -0.2000000E+01
  1056 -0.1345940E-01  0.2996979E+00 -0.1750000E+01
  1057  0.0000000E+00  0.0000000E+00 -0.2000000E+01
  1058 -0.6675630E-01  0.2924784E+00 -0.1750000E+01
  1059  0.0000000E+00  0.0000000E+00 -0.2000000E+01
  1060 -0.4027000E-01  0.2972849E+00 -0.1750000E+01
  1061  0.0000000E+00  0.0000000E+00 -0.2000000E+01
  1062 -0.9270510E-01  0.2853170E+00 -0.1750000E+01
  1063  0.0000000E+00  0.0000000E+00 -0.2000000E+01
  1064 -0.6675630E-01  0.2924784E+00 -0.1750000E+01
  1065  0.0000000E+00  0.0000000E+00 -0.2000000E+01
  1066 -0.1179075E+00  0.2758583E+00 -0.1750000E+01
  1067  0.0000000E+00  0.0000000E+00 -0.2000000E+01
  1068 -0.9270510E-01  0.2853170E+00 -0.1750000E+01
  1069  0.0000000E+00  0.0000000E+00 -0.2000000E+01
  1070 -0.1421606E+00  0.2641787E+00 -0.1750000E+01
  1071  0.0000000E+00  0.0000000E+00 -0.2000000E+01
  1072 -0.1179075E+00  0.2758583E+00 -0.1750000E+01
  1073  0.0000000E+00  0.0000000E+00 -0.2000000E+01
  1074 -0.1652691E+00  0.2503720E+00 -0.1750000E+01
  1075  0.0000000E+00  0.0000000E+00 -0.2000000E+01
  1076 -0.1421606E+00  0.2641787E+00 -0.1750000E+01
  1077  0.0000000E+00  0.0000000E+00 -0.2000000E+01
  1078 -0.1870469E+00  0.2345494E+00 -0.1750000E+01
  1079  0.0000000E+00  0.0000000E+00 -0.2000000E+01
  1080 -0.1652691E+00  0.2503720E+00 -0.1750000E+01
  1081  0.0000000E+00  0.0000000E+00 -0.2000000E+01
  1082 -0.2073188E+00  0.2168385E+00 -0.1750000E+01
  1083  0.0000000E+00  0.0000000E+00 -0.2000000E+01
  1084 -0.1870469E+00  0.2345494E+00 -0.1750000E+01
  1085  0.0000000E+00  0.0000000E+00 -0.2000000E+01
  1086 -0.2259214E+00  0.1973816E+00 -0.1750000E+01
  1087  0.0000000E+00  0.0000000E+00 -0.2000000E+01
  1088 -0.2073188E+00  0.2168385E+00 -0.1750000E+01
  1089  0.0000000E+00  0.0000000E+00 -0.2000000E+01
  1090 -0.2427051E+00  0.1763356E+00 -0.1750000E+01
  1091  0.0000000E+00  0.0000000E+00 -0.2000000E+01
  1092 -0.2259214E+00  0.1973816E+00 -0.1750000E+01
  1093  0.0000000E+00  0.0000000E+00 -0.2000000E+01
  1094 -0.2575346E+00  0.1538698E+00 -0.1750000E+01
  1095  0.0000000E+00  0.0000000E+00 -0.2000000E+01
  1096 -0.2427051E+00  0.1763356E+00 -0.1750000E+01
  1097  0.0000000E+00  0.0000000E+00 -0.2000000E+01
  1098 -0.2702907E+00  0.1301651E+00 -0.1750000E+01
  1099  0.0000000E+00  0.0000000E+00 -0.2000000E+01
  1100 -0.2575346E+00  0.1538698E+00 -0.1750000E+01
  1101  0.0000000E+00  0.0000000E+00 -0.2000000E+01
  1102 -0.2808705E+00  0.1054124E+00 -0.1750000E+01
  1103  0.0000000E+00  0.0000000E+00 -0.2000000E+01
  1104 -0.2702907E+00  0.1301651E+00 -0.1750000E+01
  1105  0.0000000E+00  0.0000000E+00 -0.2000000E+01
  1106 -0.2891889E+00  0.7981110E-01 -0.1750000E+01
  1107  0.0000000E+00  0.0000000E+00 -0.2000000E+01
  1108 -0.2808705E+00  0.1054124E+00 -0.1750000E+01
  1109  0.0000000E+00  0.0000000E+00 -0.2000000E+01
  1110 -0.2951789E+00  0.5356710E-01 -0.1750000E+01
  1111  0.0000000E+00  0.0000000E+00 -0.2000000E+01
  1112 -0.2891889E+00  0.7981110E-01 -0.1750000E+01
  1113  0.0000000E+00  0.0000000E+00 -0.2000000E+01
  1114 -0.2987923E+00  0.2689180E-01 -0.1750000E+01
  1115  0.0000000E+00  0.0000000E+00 -0.2000000E+01
  1116 -0.2951789E+00  0.5356710E-01 -0.1750000E+01
  1117  0.0000000E+00  0.0000000E+00 -0.2000000E+01
  1118 -0.3000000E+00  0.0000000E+00 -0.1750000E+01
  1119  0.0000000E+00  0.0000000E+00 -0.2000000E+01
  1120 -0.2987923E+00  0.2689180E-01 -0.1750000E+01
     0  0.0000000E+00  0.0000000E+00  0.0000000E+00
      1      2      4      3
      5      6      8      7
      9     10     12     11
     13     14     16     15
     17     18     20     19
     21     22     24     23
     25     26     28     27
     29     30     32     31
     33     34     36     35
     37     38     40     39
     41     42     44     43
     45     46     48     47
     49     50     52     51
     53     54     56     55
     57     58     60     59
     61     62     64     63
     65     66     68     67
     69     70     72     71
     73     74     76     75
     77     78     80     79
     81     82     84     83
     85     86     88     87
     89     90     92     91
     93     94     96     95
     97     98    100     99
    101    102    104    103
    105    106    108    107
    109    110    112    111
    113    114    116    115
    117    118    120    119
    121    122    124    123
    125    126    128    127
    129    130    132    131
    133    134    136    135
    137    138    140    139
    141    142    144    143
    145    146    148    147
    149    150    152    151
    153    154    156    155
    157    158    160    159
    161    162    164    163
    165    166    168    167
    169    170    172    171
    173    174    176    175
    177    178    180    179
    181    182    184    183
    185    186    188    187
    189    190    192    191
    193    194    196    195
    197    198    200    199
    201    202    204    203
    205    206    208    207
    209    210    212    211
    213    214    216    215
    217    218    220    219
    221    222    224    223
    225    226    228    227
    229    230    232    231
    233    234    236    235
    237    238    240    239
    241    242    244    243
    245    246    248    247
    249    250    252    251
    253    254    256    255
    257    258    260    259
    261    262    264    263
    265    266    268    267
    269    270    272    271
    273    274    276    275
    277    278    280    279
    281    282    284    283
    285    286    288    287
    289    290    292    291
    293    294    296    295
    297    298    300    299
    301    302    304    303
    305    306    308    307
    309    310    312    311
    313    314    316    315
    317    318    320    319
    321    322    324    323
    325    326    328    327
    329    330    332    331
    333    334    336    335
    337    338    340    339
    341    342    344    343
    345    346    348    347
    349    350    352    351
    353    354    356    355
    357    358    360    359
    361    362    364    363
    365    366    368    367
    369    370    372    371
    373    374    376    375
    377    378    380    379
    381    382    384    383
    385    386    388    387
    389    390    392    391
    393    394    396    395
    397    398    400    399
    401    402    404    403
    405    406    408    407
    409    410    412    411
    413    414    416    415
    417    418    420    419
    421    422    424    423
    425    426    428    427
    429    430    432    431
    433    434    436    435
    437    438    440    439
    441    442    444    443
    445    446    448    447
    449    450    452    451
    453    454    456    455
    457    458    460    459
    461    462    464    463
    465    466    468    467
    469    470    472    471
    473    474    476    475
    477    478    480    479
    481    482    484    483
    485    486    488    487
    489    490    492    491
    493    494    496    495
    497    498    500    499
    501    502    504    503
    505    506    508    507
    509    510    512    511
    513    514    516    515
    517    518    520    519
    521    522    524    523
    525    526    528    527
    529    530    532    531
    533    534    536    535
    537    538    540    539
    541    542    544    543
    545    546    548    547
    549    550    552    551
    553    554    556    555
    557    558    560    559
    561    562    564    563
    565    566    568    567
    569    570    572    571
    573    574    576    575
    577    578    580    579
    581    582    584    583
    585    586    588    587
    589    590    592    591
    593    594    596    595
    597    598    600    599
    601    602    604    603
    605    606    608    607
    609    610    612    611
    613    614    616    615
    617    618    620    619
    621    622    624    623
    625    626    628    627
    629    630    632    631
    633    634    636    635
    637    638    640    639
    641    642    644    643
    645    646    648    647
    649    650    652    651
    653    654    656    655
    657    658    660    659
    661    662    664    663
    665    666    668    667
    669    670    672    671
    673    674    676    675
    677    678    680    679
    681    682    684    683
    685    686    688    687
    689    690    692    691
    693    694    696    695
    697    698    700    699
    701    702    704    703
    705    706    708    707
    709    710    712    711
    713    714    716    715
    717    718    720    719
    721    722    724    723
    725    726    728    727
    729    730    732    731
    733    734    736    735
    737    738    740    739
    741    742    744    743
    745    746    748    747
    749    750    752    751
    753    754    756    755
    757    758    760    759
    761    762    764    763
    765    766    768    767
    769    770    772    771
    773    774    776    775
    777    778    780    779
    781    782    784    783
    785    786    788    787
    789    790    792    791
    793    794    796    795
    797    798    800    799
    801    802    804    803
    805    806    808    807
    809    810    812    811
    813    814    816    815
    817    818    820    819
    821    822    824    823
    825    826    828    827
    829    830    832    831
    833    834    836    835
    837    838    840    839
    841    842    844    843
    845    846    848    847
    849    850    852    851
    853    854    856    855
    857    858    860    859
    861    862    864    863
    865    866    868    867
    869    870    872    871
    873    874    876    875
    877    878    880    879
    881    882    884    883
    885    886    888    887
    889    890    892    891
    893    894    896    895
    897    898    900    899
    901    902    904    903
    905    906    908    907
    909    910    912    911
    913    914    916    915
    917    918    920    919
    921    922    924    923
    925    926    928    927
    929    930    932    931
    933    934    936    935
    937    938    940    939
    941    942    944    943
    945    946    948    947
    949    950    952    951
    953    954    956    955
    957    958    960    959
    961    962    964    963
    965    966    968    967
    969    970    972    971
    973    974    976    975
    977    978    980    979
    981    982    984    983
    985    986    988    987
    989    990    992    991
    993    994    996    995
    997    998   1000    999
   1001   1002   1004   1003
   1005   1006   1008   1007
   1009   1010   1012   1011
   1013   1014   1016   1015
   1017   1018   1020   1019
   1021   1022   1024   1023
   1025   1026   1028   1027
   1029   1030   1032   1031
   1033   1034   1036   1035
   1037   1038   1040   1039
   1041   1042   1044   1043
   1045   1046   1048   1047
   1049   1050   1052   1051
   1053   1054   1056   1055
   1057   1058   1060   1059
   1061   1062   1064   1063
   1065   1066   1068   1067
   1069   1070   1072   1071
   1073   1074   1076   1075
   1077   1078   1080   1079
   1081   1082   1084   1083
   1085   1086   1088   1087
   1089   1090   1092   1091
   1093   1094   1096   1095
   1097   1098   1100   1099
   1101   1102   1104   1103
   1105   1106   1108   1107
   1109   1110   1112   1111
   1113   1114   1116   1115
   1117   1118   1120   1119
      0      0      0      0
