   47.70950      -1.570796       4783.633      6.7744381E-06 -5.8114529E-05
  1.4924444E-07   20824.94      3.1045740E-05   189.6385      -1.570795    
   4791.778      9.5980969E-04  4.0829182E-04 -1.6223639E-06   20860.54    
  4.3767747E-03   423.1365      -1.570785       4816.398      1.6272152E-02
  8.4122020E-04  1.4521182E-05   20964.17      7.4127421E-02   740.5365    
  -1.570734       4833.220      0.1202468      3.6060810E-04 -1.4454126E-05
   21042.75      0.5481239       1133.977      -1.570565       4857.461    
  0.5632703      6.1988831E-06  3.2395124E-05   21156.07       2.569372    
   1592.488      -1.570124       4889.350       1.974121      1.9907948E-04
  2.8431416E-05   21307.15       9.013033       2101.522      -1.569161    
   4927.228       5.654579      3.3719200E-05 -6.7830086E-05   21490.49    
   25.84290       2646.931      -1.567305       4977.086       13.95784    
 -2.4271009E-03 -7.7962875E-05   21717.99       63.86925       3209.512    
  -1.564070       5039.115       30.69361      7.7989366E-04  2.3484230E-05
   22018.86       140.6279       3764.475      -1.558860       5109.940    
   61.54079      3.3092499E-03  2.1743774E-04   22344.30       282.3906    
   4281.579      -1.551032       5188.019       114.2086     -2.2363663E-03
  1.7166138E-04   22718.19       524.8412       4734.495      -1.540013    
   5280.277       198.5737     -2.2474923E-03 -1.2731552E-04   23151.89    
   914.1708       5067.462      -1.525265       5366.774       325.9346    
 -1.5108403E-03 -1.6212463E-05   23559.97       1503.158       5242.111    
  -1.506740       5455.087       507.6393      1.0272434E-03  3.1971931E-04
   23987.86       2345.248       5204.327      -1.484807       5535.687    
   754.3604     -1.5131633E-04  2.4247169E-04   24374.63       3492.628    
   4888.237      -1.460546       5589.159       1073.155     -1.8417835E-03
 -2.3722649E-04   24634.11       4979.794       4245.317      -1.437188    
   5612.734       1463.834      1.3155096E-03  1.3113022E-04   24760.94    
   6807.392       3236.982      -1.423664       5603.356       1918.992    
  1.1041430E-03  7.0333481E-05   24737.49       8944.311       1842.638    
  -1.460171       5556.096       2423.601     -7.5315178E-04 -5.3262711E-04
   24536.08       11322.63       324.1911      -2.802152       5471.281    
   2956.014     -2.1791458E-04  1.8596649E-04   24159.72       13842.32    
   2216.678       2.088779       5351.283       3492.722      4.1552954E-05
  7.3504448E-04   23614.39       16395.56       4750.864       2.050763    
   5201.820       4011.264      3.8797203E-05  7.1358681E-04   22928.71    
   18875.16       7591.442       2.063470       5031.854       4491.865    
 -3.8395758E-04 -5.3191185E-04   22144.02       21187.27       10665.04    
   2.086796       4850.342       4921.271      8.7817505E-05  1.5878677E-04
   21300.60       23270.05       13894.08       2.112155       4663.710    
   5293.561      4.8332213E-04  1.4879704E-03   20429.25       25090.44    
   17200.92       2.136618       4480.340       5604.786     -1.9165187E-04
 -1.7428398E-04   19568.13       26630.97       20504.47       2.158662    
   4303.843       5855.479      1.7978526E-04  7.1239471E-04   18736.65    
   27889.60       23722.50       2.178095       4138.461       6051.627    
 -6.1954773E-04 -1.9338131E-03   17952.58       28895.05       26770.07    
   2.194612       3984.094       6199.098      6.4537441E-04  1.1761189E-03
   17218.36       29670.32       29571.12       2.207922       3843.684    
   6301.642      5.3962070E-04  9.2744827E-04   16547.04       30234.28    
   32041.35       2.217973       3715.855       6365.012     -2.3934149E-04
  1.7955303E-03   15933.89       30609.72       34114.56       2.225066    
   3601.685       6396.117      5.3048134E-04  3.0779839E-03   15382.57    
   30834.08    
   288.8240      -3.135714     -1.4372170E-04 -2.9026314E-08   28882.78    
   16.97346      1.6148388E-03  7.3772094E-07   1174.588      -3.118790    
  1.0893494E-03  5.0888730E-06   29360.75       133.9115      1.6751885E-03
  1.4229670E-05   2687.490      -3.092316      3.7997958E-04  3.7625905E-06
   29834.33       441.3145      9.9619222E-04  1.7581409E-05   4851.233    
  -3.058175      1.6339123E-04 -1.9451154E-06   30233.06       1010.792    
 -2.9903650E-03 -6.8160582E-05   7657.456      -3.018120     -2.8302073E-03
 -2.0529194E-04   30429.34       1887.129     -1.4508247E-02 -9.7066478E-04
   11074.08      -2.973888     -1.1279184E-03 -1.1819719E-04   30384.33    
   3083.541     -7.3188534E-03 -7.8498601E-04   15059.04      -2.927356    
 -1.3188805E-03 -3.7741300E-04   30114.75       4580.398     -1.0263069E-02
 -2.1361420E-03   19520.57      -2.879735     -9.4531467E-03 -2.4827644E-03
   29586.12       6331.473     -5.0711926E-02 -1.3477487E-02   24364.06    
  -2.832206     -1.0648039E-03 -3.7384382E-04   28831.44       8271.748    
  8.3870359E-04  1.6086828E-04   29498.07      -2.786015      4.3068528E-03
  1.8641958E-03   27901.73       10323.42      2.3767233E-02  9.9042468E-03
   34806.58      -2.741649     -4.4398415E-03 -2.4581961E-03   26832.70    
   12414.04     -2.2234049E-02 -1.2207311E-02   40182.82      -2.699631    
 -5.7773786E-03 -4.2315740E-03   25666.90       14475.79     -2.3591716E-02
 -1.8151589E-02   45557.31      -2.660921     -5.3736800E-03 -4.0127020E-03
   24470.96       16443.83     -2.0573873E-02 -1.7283052E-02   50809.59    
  -2.624899      2.0373720E-03  1.9386858E-03   23258.16       18289.03    
  6.9069862E-03  6.9385022E-03   55868.34      -2.592113     -1.8350284E-04
 -3.7105381E-04   22065.62       19974.45     -8.8262558E-04 -2.0304322E-04
   60669.49      -2.563079     -3.3489615E-03 -4.3938756E-03   20925.77    
   21470.40     -1.1674017E-02 -1.7300457E-02   65134.76      -2.537395    
  1.4556856E-03  2.6306584E-03   19849.28       22776.26      7.9261549E-03
  1.3915122E-02   69193.29      -2.514922      5.3068006E-04  9.7288191E-04
   18842.46       23893.26      2.5182301E-03  1.0560751E-03   72780.15    
  -2.495345     -8.6508301E-04 -2.4923831E-03   17907.69       24833.13    
 -6.0146735E-03 -1.8964112E-02   75837.23      -2.478781     -2.4241209E-04
 -4.8232079E-04   17048.67       25598.82     -8.7332726E-04 -2.0402074E-03
   78313.44      -2.464890      1.3385501E-04  3.7536025E-05   16264.85    
   26208.64     -8.0154059E-05 -7.8648329E-03   80158.83      -2.453702    
  1.8883834E-04 -7.5098872E-04   15554.26       26674.04      5.3145667E-04
  5.6794882E-03   81322.91      -2.445262      3.3249025E-04  1.9438863E-03
   14913.68       27003.99     -7.5174414E-04  2.5758743E-03   81771.12    
  -2.439460      6.9359934E-04  2.6442111E-03   14339.66       27214.40    
  4.2152405E-03  2.0210743E-03   81470.62      -2.436244      3.0555725E-04
  1.9293427E-03   13826.91       27322.48      1.0223388E-04  7.3002577E-03
   80394.45      -2.435776      2.2007870E-04 -3.2395124E-05   13372.10    
   27333.70      1.5377998E-03 -9.7341537E-03   78515.09      -2.438211    
 -9.1835300E-06 -1.0448396E-03   12967.96       27257.01     -1.6018196E-03
 -1.2347698E-02   75844.52      -2.443688     -8.2339560E-05 -1.8402040E-03
   12612.90       27105.84     -3.0125890E-04 -1.6687036E-02   72396.20    
  -2.452438      7.2734104E-04  2.7698874E-03   12301.72       26897.76    
  2.6864018E-03  1.3229847E-02   68175.45      -2.465161      7.4982643E-04
  1.6599298E-03   12029.12       26621.85      4.9449601E-03  2.3090839E-04
   63222.74      -2.482498     -1.0747295E-03 -9.4774365E-04   11789.62    
   26287.35     -3.6008898E-03 -3.8051605E-03   57612.25      -2.505765    
 -5.3994358E-04  1.9944310E-03   11582.97       25891.99     -5.9545040E-04
  8.5297823E-03
   208.1660      -1.570796       20872.44      3.0834326E-05 -1.9878149E-03
  6.2771142E-07   93565.95      1.4151086E-04   827.3672      -1.570795    
   20907.93      4.3902672E-03  2.8461218E-03 -7.9721212E-07   93727.30    
  2.0015480E-02   1845.563      -1.570785       21012.16      7.4360833E-02
  2.3937225E-03  3.1590462E-05   94175.66      0.3387495       3229.974    
  -1.570731       21090.05      0.5498338      4.5537949E-04 -7.1257353E-05
   94542.52       2.506308       4946.457      -1.570553       21203.85    
   2.577348     -4.1184425E-03  1.1086464E-04   95074.81       11.75655    
   6947.873      -1.570091       21356.02       9.041039      2.0503995E-04
 -1.1622906E-04   95794.00       41.27766       9170.023      -1.569078    
   21536.71       25.92387     -3.8855418E-03 -6.0141087E-04   96678.35    
   118.4787       11548.14      -1.567123       21767.66       64.06343    
 -1.3478993E-02 -1.0955334E-04   97724.13       293.1461       14005.73    
  -1.563712       22066.66       141.0697      1.0093054E-03 -4.8482418E-04
   99180.99       646.3339       16419.08      -1.558200       22395.58    
   283.2402      1.2757301E-02 -7.0238113E-04   100685.0       1299.699    
   18664.86      -1.549897       22768.31       526.4609     -8.4855342E-03
  7.9655647E-04   102477.8       2419.323       20617.87      -1.538156    
   23205.68       916.9142     -1.2903213E-02  8.9168549E-05   104526.5    
   4221.204       22019.45      -1.522327       23614.35       1507.599    
 -9.0921847E-03 -1.6870499E-03   106457.6       6952.771       22705.23    
  -1.502256       24041.96       2352.403      2.7843884E-03  1.1026859E-03
   108532.9       10867.78       22415.85      -1.478079       24431.70    
   3502.764     -3.8569767E-03  8.1634521E-04   110396.9       16217.80    
   20841.87      -1.450435       24692.29       4993.466     -1.0758042E-02
 -3.0798912E-03   111657.6       23171.85       17760.24      -1.421771    
   24818.50       6825.899      5.5562747E-03  9.5701218E-04   112329.9    
   31743.61       12983.52      -1.399150       24793.41       8968.185    
  4.9159261E-03  1.0852814E-03   112312.1       41800.61       6394.982    
  -1.421229       24591.43       11352.07     -3.3290763E-03 -2.2592545E-03
   111460.1       53034.63       2297.996       2.245148       24213.36    
   13877.77      8.4781647E-04  2.3155212E-03   109789.9       64985.66    
   12484.65       1.997247       23666.12       16435.79     -6.3124159E-04
  3.7546158E-03   107307.6       77151.98       24430.87       2.008101    
   22979.00       18920.48     -1.2497468E-03  2.2668839E-03   104159.8    
   89029.47       37800.86       2.036524       22192.30       21237.86    
 -1.9367882E-03 -1.2893677E-03   100533.0       100172.9       52275.75    
   2.068075       21346.36       23324.03     -8.3724654E-04  1.6927719E-04
   96606.25       110283.7       67504.74       2.098816       20473.21    
   25148.68      1.2538910E-03  8.5921288E-03   92533.64       119195.9    
   83118.45       2.127376       19610.23       26691.37     -3.8033267E-03
 -3.9410591E-03   88484.80       126818.2       98737.84       2.152804    
   18776.85       27952.45     -4.0372211E-04  2.3236275E-03   84562.19    
   133130.5       113962.8       2.175256       17990.88       28957.67    
 -2.9475349E-03 -1.1822462E-02   80840.38       138258.0       128391.1    
   2.194551       17256.21       29734.69      1.6738628E-03  7.6780319E-03
   77348.09       142306.3       141644.0       2.210532       16583.81    
   30297.84      2.3597081E-03  1.1947155E-03   74136.49       145350.8    
   153315.0       2.223184       15969.41       30674.23     -1.1736347E-03
  5.8531761E-03   71192.91       147497.6       163064.8       2.232932    
   15416.85       30895.80      1.9988418E-03  1.1154413E-02   68528.73    
   148920.5    
