1332 
1260 
0.000000E+00 0.000000E+00 5.500000E+00 
3.000000E-01 0.000000E+00 5.250000E+00 
6.000000E-01 0.000000E+00 5.000000E+00 
9.000000E-01 0.000000E+00 4.750000E+00 
1.200000E+00 0.000000E+00 4.500000E+00 
1.500000E+00 0.000000E+00 4.250000E+00 
1.800000E+00 0.000000E+00 4.000000E+00 
2.100000E+00 0.000000E+00 3.750000E+00 
2.400000E+00 0.000000E+00 3.500000E+00 
2.700000E+00 0.000000E+00 3.250000E+00 
3.000000E+00 0.000000E+00 3.000000E+00 
3.175000E+00 0.000000E+00 2.750000E+00 
3.350000E+00 0.000000E+00 2.500000E+00 
3.525000E+00 0.000000E+00 2.250000E+00 
3.700000E+00 0.000000E+00 2.000000E+00 
3.775000E+00 0.000000E+00 1.750000E+00 
3.850000E+00 0.000000E+00 1.500000E+00 
3.925000E+00 0.000000E+00 1.250000E+00 
4.000000E+00 0.000000E+00 1.000000E+00 
3.925000E+00 0.000000E+00 7.500000E-01 
3.850000E+00 0.000000E+00 5.000000E-01 
3.775000E+00 0.000000E+00 2.500000E-01 
3.700000E+00 0.000000E+00 0.000000E+00 
3.525000E+00 0.000000E+00 -2.500000E-01 
3.350000E+00 0.000000E+00 -5.000000E-01 
3.175000E+00 0.000000E+00 -7.500000E-01 
3.000000E+00 0.000000E+00 -1.000000E+00 
2.700000E+00 0.000000E+00 -1.250000E+00 
2.400000E+00 0.000000E+00 -1.500000E+00 
2.100000E+00 0.000000E+00 -1.750000E+00 
1.800000E+00 0.000000E+00 -2.000000E+00 
1.500000E+00 0.000000E+00 -2.250000E+00 
1.200000E+00 0.000000E+00 -2.500000E+00 
9.000000E-01 0.000000E+00 -2.750000E+00 
6.000000E-01 0.000000E+00 -3.000000E+00 
3.000000E-01 0.000000E+00 -3.250000E+00 
0.000000E+00 0.000000E+00 -3.500000E+00 
0.000000E+00 0.000000E+00 5.500000E+00 
2.987923E-01 2.689179E-02 5.250000E+00 
5.975846E-01 5.378359E-02 5.000000E+00 
8.963769E-01 8.067538E-02 4.750000E+00 
1.195169E+00 1.075672E-01 4.500000E+00 
1.493961E+00 1.344590E-01 4.250000E+00 
1.792754E+00 1.613508E-01 4.000000E+00 
2.091546E+00 1.882425E-01 3.750000E+00 
2.390338E+00 2.151343E-01 3.500000E+00 
2.689131E+00 2.420261E-01 3.250000E+00 
2.987923E+00 2.689179E-01 3.000000E+00 
3.162218E+00 2.846048E-01 2.750000E+00 
3.336514E+00 3.002917E-01 2.500000E+00 
3.510809E+00 3.159786E-01 2.250000E+00 
3.685105E+00 3.316654E-01 2.000000E+00 
3.759803E+00 3.383884E-01 1.750000E+00 
3.834501E+00 3.451113E-01 1.500000E+00 
3.909199E+00 3.518343E-01 1.250000E+00 
3.983897E+00 3.585572E-01 1.000000E+00 
3.909199E+00 3.518343E-01 7.500000E-01 
3.834501E+00 3.451113E-01 5.000000E-01 
3.759803E+00 3.383884E-01 2.500000E-01 
3.685105E+00 3.316654E-01 0.000000E+00 
3.510809E+00 3.159786E-01 -2.500000E-01 
3.336514E+00 3.002917E-01 -5.000000E-01 
3.162218E+00 2.846048E-01 -7.500000E-01 
2.987923E+00 2.689179E-01 -1.000000E+00 
2.689131E+00 2.420261E-01 -1.250000E+00 
2.390338E+00 2.151343E-01 -1.500000E+00 
2.091546E+00 1.882425E-01 -1.750000E+00 
1.792754E+00 1.613508E-01 -2.000000E+00 
1.493961E+00 1.344590E-01 -2.250000E+00 
1.195169E+00 1.075672E-01 -2.500000E+00 
8.963769E-01 8.067538E-02 -2.750000E+00 
5.975846E-01 5.378359E-02 -3.000000E+00 
2.987923E-01 2.689179E-02 -3.250000E+00 
0.000000E+00 0.000000E+00 -3.500000E+00 
0.000000E+00 0.000000E+00 5.500000E+00 
2.951789E-01 5.356707E-02 5.250000E+00 
5.903578E-01 1.071341E-01 5.000000E+00 
8.855366E-01 1.607012E-01 4.750000E+00 
1.180716E+00 2.142683E-01 4.500000E+00 
1.475894E+00 2.678353E-01 4.250000E+00 
1.771073E+00 3.214024E-01 4.000000E+00 
2.066252E+00 3.749695E-01 3.750000E+00 
2.361431E+00 4.285365E-01 3.500000E+00 
2.656610E+00 4.821036E-01 3.250000E+00 
2.951789E+00 5.356707E-01 3.000000E+00 
3.123976E+00 5.669181E-01 2.750000E+00 
3.296164E+00 5.981656E-01 2.500000E+00 
3.468352E+00 6.294131E-01 2.250000E+00 
3.640539E+00 6.606605E-01 2.000000E+00 
3.714334E+00 6.740523E-01 1.750000E+00 
3.788129E+00 6.874440E-01 1.500000E+00 
3.861924E+00 7.008358E-01 1.250000E+00 
3.935718E+00 7.142276E-01 1.000000E+00 
3.861924E+00 7.008358E-01 7.500000E-01 
3.788129E+00 6.874440E-01 5.000000E-01 
3.714334E+00 6.740523E-01 2.500000E-01 
3.640539E+00 6.606605E-01 0.000000E+00 
3.468352E+00 6.294131E-01 -2.500000E-01 
3.296164E+00 5.981656E-01 -5.000000E-01 
3.123976E+00 5.669181E-01 -7.500000E-01 
2.951789E+00 5.356707E-01 -1.000000E+00 
2.656610E+00 4.821036E-01 -1.250000E+00 
2.361431E+00 4.285365E-01 -1.500000E+00 
2.066252E+00 3.749695E-01 -1.750000E+00 
1.771073E+00 3.214024E-01 -2.000000E+00 
1.475894E+00 2.678353E-01 -2.250000E+00 
1.180716E+00 2.142683E-01 -2.500000E+00 
8.855366E-01 1.607012E-01 -2.750000E+00 
5.903578E-01 1.071341E-01 -3.000000E+00 
2.951789E-01 5.356707E-02 -3.250000E+00 
0.000000E+00 0.000000E+00 -3.500000E+00 
0.000000E+00 0.000000E+00 5.500000E+00 
2.891889E-01 7.981105E-02 5.250000E+00 
5.783777E-01 1.596221E-01 5.000000E+00 
8.675666E-01 2.394332E-01 4.750000E+00 
1.156755E+00 3.192442E-01 4.500000E+00 
1.445944E+00 3.990553E-01 4.250000E+00 
1.735133E+00 4.788663E-01 4.000000E+00 
2.024322E+00 5.586774E-01 3.750000E+00 
2.313511E+00 6.384884E-01 3.500000E+00 
2.602700E+00 7.182995E-01 3.250000E+00 
2.891889E+00 7.981105E-01 3.000000E+00 
3.060582E+00 8.446670E-01 2.750000E+00 
3.229276E+00 8.912234E-01 2.500000E+00 
3.397969E+00 9.377799E-01 2.250000E+00 
3.566663E+00 9.843363E-01 2.000000E+00 
3.638960E+00 1.004289E+00 1.750000E+00 
3.711257E+00 1.024242E+00 1.500000E+00 
3.783554E+00 1.044195E+00 1.250000E+00 
3.855851E+00 1.064147E+00 1.000000E+00 
3.783554E+00 1.044195E+00 7.500000E-01 
3.711257E+00 1.024242E+00 5.000000E-01 
3.638960E+00 1.004289E+00 2.500000E-01 
3.566663E+00 9.843363E-01 0.000000E+00 
3.397969E+00 9.377799E-01 -2.500000E-01 
3.229276E+00 8.912234E-01 -5.000000E-01 
3.060582E+00 8.446670E-01 -7.500000E-01 
2.891889E+00 7.981105E-01 -1.000000E+00 
2.602700E+00 7.182995E-01 -1.250000E+00 
2.313511E+00 6.384884E-01 -1.500000E+00 
2.024322E+00 5.586774E-01 -1.750000E+00 
1.735133E+00 4.788663E-01 -2.000000E+00 
1.445944E+00 3.990553E-01 -2.250000E+00 
1.156755E+00 3.192442E-01 -2.500000E+00 
8.675666E-01 2.394332E-01 -2.750000E+00 
5.783777E-01 1.596221E-01 -3.000000E+00 
2.891889E-01 7.981105E-02 -3.250000E+00 
0.000000E+00 0.000000E+00 -3.500000E+00 
0.000000E+00 0.000000E+00 5.500000E+00 
2.808705E-01 1.054124E-01 5.250000E+00 
5.617409E-01 2.108249E-01 5.000000E+00 
8.426114E-01 3.162373E-01 4.750000E+00 
1.123482E+00 4.216498E-01 4.500000E+00 
1.404352E+00 5.270622E-01 4.250000E+00 
1.685223E+00 6.324747E-01 4.000000E+00 
1.966093E+00 7.378871E-01 3.750000E+00 
2.246964E+00 8.432996E-01 3.500000E+00 
2.527834E+00 9.487120E-01 3.250000E+00 
2.808705E+00 1.054124E+00 3.000000E+00 
2.972546E+00 1.115615E+00 2.750000E+00 
3.136387E+00 1.177106E+00 2.500000E+00 
3.300228E+00 1.238596E+00 2.250000E+00 
3.464069E+00 1.300087E+00 2.000000E+00 
3.534287E+00 1.326440E+00 1.750000E+00 
3.604504E+00 1.352793E+00 1.500000E+00 
3.674722E+00 1.379146E+00 1.250000E+00 
3.744939E+00 1.405499E+00 1.000000E+00 
3.674722E+00 1.379146E+00 7.500000E-01 
3.604504E+00 1.352793E+00 5.000000E-01 
3.534287E+00 1.326440E+00 2.500000E-01 
3.464069E+00 1.300087E+00 0.000000E+00 
3.300228E+00 1.238596E+00 -2.500000E-01 
3.136387E+00 1.177106E+00 -5.000000E-01 
2.972546E+00 1.115615E+00 -7.500000E-01 
2.808705E+00 1.054124E+00 -1.000000E+00 
2.527834E+00 9.487120E-01 -1.250000E+00 
2.246964E+00 8.432996E-01 -1.500000E+00 
1.966093E+00 7.378871E-01 -1.750000E+00 
1.685223E+00 6.324747E-01 -2.000000E+00 
1.404352E+00 5.270622E-01 -2.250000E+00 
1.123482E+00 4.216498E-01 -2.500000E+00 
8.426114E-01 3.162373E-01 -2.750000E+00 
5.617409E-01 2.108249E-01 -3.000000E+00 
2.808705E-01 1.054124E-01 -3.250000E+00 
0.000000E+00 0.000000E+00 -3.500000E+00 
0.000000E+00 0.000000E+00 5.500000E+00 
2.702907E-01 1.301651E-01 5.250000E+00 
5.405813E-01 2.603302E-01 5.000000E+00 
8.108720E-01 3.904954E-01 4.750000E+00 
1.081163E+00 5.206605E-01 4.500000E+00 
1.351453E+00 6.508256E-01 4.250000E+00 
1.621744E+00 7.809907E-01 4.000000E+00 
1.892035E+00 9.111559E-01 3.750000E+00 
2.162325E+00 1.041321E+00 3.500000E+00 
2.432616E+00 1.171486E+00 3.250000E+00 
2.702907E+00 1.301651E+00 3.000000E+00 
2.860576E+00 1.377581E+00 2.750000E+00 
3.018246E+00 1.453511E+00 2.500000E+00 
3.175915E+00 1.529440E+00 2.250000E+00 
3.333585E+00 1.605370E+00 2.000000E+00 
3.401157E+00 1.637911E+00 1.750000E+00 
3.468730E+00 1.670452E+00 1.500000E+00 
3.536303E+00 1.702994E+00 1.250000E+00 
3.603875E+00 1.735535E+00 1.000000E+00 
3.536303E+00 1.702994E+00 7.500000E-01 
3.468730E+00 1.670452E+00 5.000000E-01 
3.401157E+00 1.637911E+00 2.500000E-01 
3.333585E+00 1.605370E+00 0.000000E+00 
3.175915E+00 1.529440E+00 -2.500000E-01 
3.018246E+00 1.453511E+00 -5.000000E-01 
2.860576E+00 1.377581E+00 -7.500000E-01 
2.702907E+00 1.301651E+00 -1.000000E+00 
2.432616E+00 1.171486E+00 -1.250000E+00 
2.162325E+00 1.041321E+00 -1.500000E+00 
1.892035E+00 9.111559E-01 -1.750000E+00 
1.621744E+00 7.809907E-01 -2.000000E+00 
1.351453E+00 6.508256E-01 -2.250000E+00 
1.081163E+00 5.206605E-01 -2.500000E+00 
8.108720E-01 3.904954E-01 -2.750000E+00 
5.405813E-01 2.603302E-01 -3.000000E+00 
2.702907E-01 1.301651E-01 -3.250000E+00 
0.000000E+00 0.000000E+00 -3.500000E+00 
0.000000E+00 0.000000E+00 5.500000E+00 
2.575346E-01 1.538698E-01 5.250000E+00 
5.150693E-01 3.077396E-01 5.000000E+00 
7.726039E-01 4.616093E-01 4.750000E+00 
1.030139E+00 6.154791E-01 4.500000E+00 
1.287673E+00 7.693489E-01 4.250000E+00 
1.545208E+00 9.232187E-01 4.000000E+00 
1.802742E+00 1.077088E+00 3.750000E+00 
2.060277E+00 1.230958E+00 3.500000E+00 
2.317812E+00 1.384828E+00 3.250000E+00 
2.575346E+00 1.538698E+00 3.000000E+00 
2.725575E+00 1.628455E+00 2.750000E+00 
2.875803E+00 1.718213E+00 2.500000E+00 
3.026032E+00 1.807970E+00 2.250000E+00 
3.176261E+00 1.897727E+00 2.000000E+00 
3.240644E+00 1.936195E+00 1.750000E+00 
3.305028E+00 1.974662E+00 1.500000E+00 
3.369412E+00 2.013130E+00 1.250000E+00 
3.433795E+00 2.051597E+00 1.000000E+00 
3.369412E+00 2.013130E+00 7.500000E-01 
3.305028E+00 1.974662E+00 5.000000E-01 
3.240644E+00 1.936195E+00 2.500000E-01 
3.176261E+00 1.897727E+00 0.000000E+00 
3.026032E+00 1.807970E+00 -2.500000E-01 
2.875803E+00 1.718213E+00 -5.000000E-01 
2.725575E+00 1.628455E+00 -7.500000E-01 
2.575346E+00 1.538698E+00 -1.000000E+00 
2.317812E+00 1.384828E+00 -1.250000E+00 
2.060277E+00 1.230958E+00 -1.500000E+00 
1.802742E+00 1.077088E+00 -1.750000E+00 
1.545208E+00 9.232187E-01 -2.000000E+00 
1.287673E+00 7.693489E-01 -2.250000E+00 
1.030139E+00 6.154791E-01 -2.500000E+00 
7.726039E-01 4.616093E-01 -2.750000E+00 
5.150693E-01 3.077396E-01 -3.000000E+00 
2.575346E-01 1.538698E-01 -3.250000E+00 
0.000000E+00 0.000000E+00 -3.500000E+00 
0.000000E+00 0.000000E+00 5.500000E+00 
2.427051E-01 1.763356E-01 5.250000E+00 
4.854102E-01 3.526712E-01 5.000000E+00 
7.281153E-01 5.290067E-01 4.750000E+00 
9.708204E-01 7.053423E-01 4.500000E+00 
1.213525E+00 8.816779E-01 4.250000E+00 
1.456231E+00 1.058013E+00 4.000000E+00 
1.698936E+00 1.234349E+00 3.750000E+00 
1.941641E+00 1.410685E+00 3.500000E+00 
2.184346E+00 1.587020E+00 3.250000E+00 
2.427051E+00 1.763356E+00 3.000000E+00 
2.568629E+00 1.866218E+00 2.750000E+00 
2.710207E+00 1.969081E+00 2.500000E+00 
2.851785E+00 2.071943E+00 2.250000E+00 
2.993363E+00 2.174805E+00 2.000000E+00 
3.054039E+00 2.218889E+00 1.750000E+00 
3.114715E+00 2.262973E+00 1.500000E+00 
3.175392E+00 2.307057E+00 1.250000E+00 
3.236068E+00 2.351141E+00 1.000000E+00 
3.175392E+00 2.307057E+00 7.500000E-01 
3.114715E+00 2.262973E+00 5.000000E-01 
3.054039E+00 2.218889E+00 2.500000E-01 
2.993363E+00 2.174805E+00 0.000000E+00 
2.851785E+00 2.071943E+00 -2.500000E-01 
2.710207E+00 1.969081E+00 -5.000000E-01 
2.568629E+00 1.866218E+00 -7.500000E-01 
2.427051E+00 1.763356E+00 -1.000000E+00 
2.184346E+00 1.587020E+00 -1.250000E+00 
1.941641E+00 1.410685E+00 -1.500000E+00 
1.698936E+00 1.234349E+00 -1.750000E+00 
1.456231E+00 1.058013E+00 -2.000000E+00 
1.213525E+00 8.816779E-01 -2.250000E+00 
9.708204E-01 7.053423E-01 -2.500000E+00 
7.281153E-01 5.290067E-01 -2.750000E+00 
4.854102E-01 3.526712E-01 -3.000000E+00 
2.427051E-01 1.763356E-01 -3.250000E+00 
0.000000E+00 0.000000E+00 -3.500000E+00 
0.000000E+00 0.000000E+00 5.500000E+00 
2.259214E-01 1.973816E-01 5.250000E+00 
4.518429E-01 3.947632E-01 5.000000E+00 
6.777643E-01 5.921449E-01 4.750000E+00 
9.036858E-01 7.895265E-01 4.500000E+00 
1.129607E+00 9.869081E-01 4.250000E+00 
1.355529E+00 1.184290E+00 4.000000E+00 
1.581450E+00 1.381671E+00 3.750000E+00 
1.807372E+00 1.579053E+00 3.500000E+00 
2.033293E+00 1.776435E+00 3.250000E+00 
2.259214E+00 1.973816E+00 3.000000E+00 
2.391002E+00 2.088955E+00 2.750000E+00 
2.522789E+00 2.204095E+00 2.500000E+00 
2.654577E+00 2.319234E+00 2.250000E+00 
2.786364E+00 2.434373E+00 2.000000E+00 
2.842845E+00 2.483719E+00 1.750000E+00 
2.899325E+00 2.533064E+00 1.500000E+00 
2.955806E+00 2.582409E+00 1.250000E+00 
3.012286E+00 2.631755E+00 1.000000E+00 
2.955806E+00 2.582409E+00 7.500000E-01 
2.899325E+00 2.533064E+00 5.000000E-01 
2.842845E+00 2.483719E+00 2.500000E-01 
2.786364E+00 2.434373E+00 0.000000E+00 
2.654577E+00 2.319234E+00 -2.500000E-01 
2.522789E+00 2.204095E+00 -5.000000E-01 
2.391002E+00 2.088955E+00 -7.500000E-01 
2.259214E+00 1.973816E+00 -1.000000E+00 
2.033293E+00 1.776435E+00 -1.250000E+00 
1.807372E+00 1.579053E+00 -1.500000E+00 
1.581450E+00 1.381671E+00 -1.750000E+00 
1.355529E+00 1.184290E+00 -2.000000E+00 
1.129607E+00 9.869081E-01 -2.250000E+00 
9.036858E-01 7.895265E-01 -2.500000E+00 
6.777643E-01 5.921449E-01 -2.750000E+00 
4.518429E-01 3.947632E-01 -3.000000E+00 
2.259214E-01 1.973816E-01 -3.250000E+00 
0.000000E+00 0.000000E+00 -3.500000E+00 
0.000000E+00 0.000000E+00 5.500000E+00 
2.073188E-01 2.168385E-01 5.250000E+00 
4.146376E-01 4.336769E-01 5.000000E+00 
6.219564E-01 6.505154E-01 4.750000E+00 
8.292752E-01 8.673538E-01 4.500000E+00 
1.036594E+00 1.084192E+00 4.250000E+00 
1.243913E+00 1.301031E+00 4.000000E+00 
1.451232E+00 1.517869E+00 3.750000E+00 
1.658550E+00 1.734708E+00 3.500000E+00 
1.865869E+00 1.951546E+00 3.250000E+00 
2.073188E+00 2.168385E+00 3.000000E+00 
2.194124E+00 2.294874E+00 2.750000E+00 
2.315060E+00 2.421363E+00 2.500000E+00 
2.435996E+00 2.547852E+00 2.250000E+00 
2.556932E+00 2.674341E+00 2.000000E+00 
2.608761E+00 2.728551E+00 1.750000E+00 
2.660591E+00 2.782760E+00 1.500000E+00 
2.712421E+00 2.836970E+00 1.250000E+00 
2.764251E+00 2.891179E+00 1.000000E+00 
2.712421E+00 2.836970E+00 7.500000E-01 
2.660591E+00 2.782760E+00 5.000000E-01 
2.608761E+00 2.728551E+00 2.500000E-01 
2.556932E+00 2.674341E+00 0.000000E+00 
2.435996E+00 2.547852E+00 -2.500000E-01 
2.315060E+00 2.421363E+00 -5.000000E-01 
2.194124E+00 2.294874E+00 -7.500000E-01 
2.073188E+00 2.168385E+00 -1.000000E+00 
1.865869E+00 1.951546E+00 -1.250000E+00 
1.658550E+00 1.734708E+00 -1.500000E+00 
1.451232E+00 1.517869E+00 -1.750000E+00 
1.243913E+00 1.301031E+00 -2.000000E+00 
1.036594E+00 1.084192E+00 -2.250000E+00 
8.292752E-01 8.673538E-01 -2.500000E+00 
6.219564E-01 6.505154E-01 -2.750000E+00 
4.146376E-01 4.336769E-01 -3.000000E+00 
2.073188E-01 2.168385E-01 -3.250000E+00 
0.000000E+00 0.000000E+00 -3.500000E+00 
0.000000E+00 0.000000E+00 5.500000E+00 
1.870469E-01 2.345494E-01 5.250000E+00 
3.740939E-01 4.690989E-01 5.000000E+00 
5.611408E-01 7.036483E-01 4.750000E+00 
7.481878E-01 9.381978E-01 4.500000E+00 
9.352347E-01 1.172747E+00 4.250000E+00 
1.122282E+00 1.407297E+00 4.000000E+00 
1.309329E+00 1.641846E+00 3.750000E+00 
1.496376E+00 1.876396E+00 3.500000E+00 
1.683422E+00 2.110945E+00 3.250000E+00 
1.870469E+00 2.345494E+00 3.000000E+00 
1.979580E+00 2.482315E+00 2.750000E+00 
2.088691E+00 2.619135E+00 2.500000E+00 
2.197802E+00 2.755956E+00 2.250000E+00 
2.306912E+00 2.892776E+00 2.000000E+00 
2.353674E+00 2.951414E+00 1.750000E+00 
2.400436E+00 3.010051E+00 1.500000E+00 
2.447197E+00 3.068689E+00 1.250000E+00 
2.493959E+00 3.127326E+00 1.000000E+00 
2.447197E+00 3.068689E+00 7.500000E-01 
2.400436E+00 3.010051E+00 5.000000E-01 
2.353674E+00 2.951414E+00 2.500000E-01 
2.306912E+00 2.892776E+00 0.000000E+00 
2.197802E+00 2.755956E+00 -2.500000E-01 
2.088691E+00 2.619135E+00 -5.000000E-01 
1.979580E+00 2.482315E+00 -7.500000E-01 
1.870469E+00 2.345494E+00 -1.000000E+00 
1.683422E+00 2.110945E+00 -1.250000E+00 
1.496376E+00 1.876396E+00 -1.500000E+00 
1.309329E+00 1.641846E+00 -1.750000E+00 
1.122282E+00 1.407297E+00 -2.000000E+00 
9.352347E-01 1.172747E+00 -2.250000E+00 
7.481878E-01 9.381978E-01 -2.500000E+00 
5.611408E-01 7.036483E-01 -2.750000E+00 
3.740939E-01 4.690989E-01 -3.000000E+00 
1.870469E-01 2.345494E-01 -3.250000E+00 
0.000000E+00 0.000000E+00 -3.500000E+00 
0.000000E+00 0.000000E+00 5.500000E+00 
1.652691E-01 2.503720E-01 5.250000E+00 
3.305382E-01 5.007440E-01 5.000000E+00 
4.958073E-01 7.511159E-01 4.750000E+00 
6.610764E-01 1.001488E+00 4.500000E+00 
8.263455E-01 1.251860E+00 4.250000E+00 
9.916146E-01 1.502232E+00 4.000000E+00 
1.156884E+00 1.752604E+00 3.750000E+00 
1.322153E+00 2.002976E+00 3.500000E+00 
1.487422E+00 2.253348E+00 3.250000E+00 
1.652691E+00 2.503720E+00 3.000000E+00 
1.749098E+00 2.649770E+00 2.750000E+00 
1.845505E+00 2.795820E+00 2.500000E+00 
1.941912E+00 2.941871E+00 2.250000E+00 
2.038319E+00 3.087921E+00 2.000000E+00 
2.079636E+00 3.150514E+00 1.750000E+00 
2.120953E+00 3.213107E+00 1.500000E+00 
2.162271E+00 3.275700E+00 1.250000E+00 
2.203588E+00 3.338293E+00 1.000000E+00 
2.162271E+00 3.275700E+00 7.500000E-01 
2.120953E+00 3.213107E+00 5.000000E-01 
2.079636E+00 3.150514E+00 2.500000E-01 
2.038319E+00 3.087921E+00 0.000000E+00 
1.941912E+00 2.941871E+00 -2.500000E-01 
1.845505E+00 2.795820E+00 -5.000000E-01 
1.749098E+00 2.649770E+00 -7.500000E-01 
1.652691E+00 2.503720E+00 -1.000000E+00 
1.487422E+00 2.253348E+00 -1.250000E+00 
1.322153E+00 2.002976E+00 -1.500000E+00 
1.156884E+00 1.752604E+00 -1.750000E+00 
9.916146E-01 1.502232E+00 -2.000000E+00 
8.263455E-01 1.251860E+00 -2.250000E+00 
6.610764E-01 1.001488E+00 -2.500000E+00 
4.958073E-01 7.511159E-01 -2.750000E+00 
3.305382E-01 5.007440E-01 -3.000000E+00 
1.652691E-01 2.503720E-01 -3.250000E+00 
0.000000E+00 0.000000E+00 -3.500000E+00 
0.000000E+00 0.000000E+00 5.500000E+00 
1.421606E-01 2.641787E-01 5.250000E+00 
2.843212E-01 5.283573E-01 5.000000E+00 
4.264818E-01 7.925360E-01 4.750000E+00 
5.686424E-01 1.056715E+00 4.500000E+00 
7.108030E-01 1.320893E+00 4.250000E+00 
8.529636E-01 1.585072E+00 4.000000E+00 
9.951242E-01 1.849251E+00 3.750000E+00 
1.137285E+00 2.113429E+00 3.500000E+00 
1.279445E+00 2.377608E+00 3.250000E+00 
1.421606E+00 2.641787E+00 3.000000E+00 
1.504533E+00 2.795891E+00 2.750000E+00 
1.587460E+00 2.949995E+00 2.500000E+00 
1.670387E+00 3.104099E+00 2.250000E+00 
1.753314E+00 3.258203E+00 2.000000E+00 
1.788854E+00 3.324248E+00 1.750000E+00 
1.824394E+00 3.390293E+00 1.500000E+00 
1.859935E+00 3.456337E+00 1.250000E+00 
1.895475E+00 3.522382E+00 1.000000E+00 
1.859935E+00 3.456337E+00 7.500000E-01 
1.824394E+00 3.390293E+00 5.000000E-01 
1.788854E+00 3.324248E+00 2.500000E-01 
1.753314E+00 3.258203E+00 0.000000E+00 
1.670387E+00 3.104099E+00 -2.500000E-01 
1.587460E+00 2.949995E+00 -5.000000E-01 
1.504533E+00 2.795891E+00 -7.500000E-01 
1.421606E+00 2.641787E+00 -1.000000E+00 
1.279445E+00 2.377608E+00 -1.250000E+00 
1.137285E+00 2.113429E+00 -1.500000E+00 
9.951242E-01 1.849251E+00 -1.750000E+00 
8.529636E-01 1.585072E+00 -2.000000E+00 
7.108030E-01 1.320893E+00 -2.250000E+00 
5.686424E-01 1.056715E+00 -2.500000E+00 
4.264818E-01 7.925360E-01 -2.750000E+00 
2.843212E-01 5.283573E-01 -3.000000E+00 
1.421606E-01 2.641787E-01 -3.250000E+00 
0.000000E+00 0.000000E+00 -3.500000E+00 
0.000000E+00 0.000000E+00 5.500000E+00 
1.179075E-01 2.758583E-01 5.250000E+00 
2.358150E-01 5.517167E-01 5.000000E+00 
3.537225E-01 8.275750E-01 4.750000E+00 
4.716300E-01 1.103433E+00 4.500000E+00 
5.895375E-01 1.379292E+00 4.250000E+00 
7.074451E-01 1.655150E+00 4.000000E+00 
8.253526E-01 1.931008E+00 3.750000E+00 
9.432601E-01 2.206867E+00 3.500000E+00 
1.061168E+00 2.482725E+00 3.250000E+00 
1.179075E+00 2.758583E+00 3.000000E+00 
1.247854E+00 2.919501E+00 2.750000E+00 
1.316634E+00 3.080418E+00 2.500000E+00 
1.385413E+00 3.241335E+00 2.250000E+00 
1.454193E+00 3.402253E+00 2.000000E+00 
1.483669E+00 3.471217E+00 1.750000E+00 
1.513146E+00 3.540182E+00 1.500000E+00 
1.542623E+00 3.609147E+00 1.250000E+00 
1.572100E+00 3.678111E+00 1.000000E+00 
1.542623E+00 3.609147E+00 7.500000E-01 
1.513146E+00 3.540182E+00 5.000000E-01 
1.483669E+00 3.471217E+00 2.500000E-01 
1.454193E+00 3.402253E+00 0.000000E+00 
1.385413E+00 3.241335E+00 -2.500000E-01 
1.316634E+00 3.080418E+00 -5.000000E-01 
1.247854E+00 2.919501E+00 -7.500000E-01 
1.179075E+00 2.758583E+00 -1.000000E+00 
1.061168E+00 2.482725E+00 -1.250000E+00 
9.432601E-01 2.206867E+00 -1.500000E+00 
8.253526E-01 1.931008E+00 -1.750000E+00 
7.074451E-01 1.655150E+00 -2.000000E+00 
5.895375E-01 1.379292E+00 -2.250000E+00 
4.716300E-01 1.103433E+00 -2.500000E+00 
3.537225E-01 8.275750E-01 -2.750000E+00 
2.358150E-01 5.517167E-01 -3.000000E+00 
1.179075E-01 2.758583E-01 -3.250000E+00 
0.000000E+00 0.000000E+00 -3.500000E+00 
0.000000E+00 0.000000E+00 5.500000E+00 
9.270510E-02 2.853170E-01 5.250000E+00 
1.854102E-01 5.706339E-01 5.000000E+00 
2.781153E-01 8.559509E-01 4.750000E+00 
3.708204E-01 1.141268E+00 4.500000E+00 
4.635255E-01 1.426585E+00 4.250000E+00 
5.562306E-01 1.711902E+00 4.000000E+00 
6.489357E-01 1.997219E+00 3.750000E+00 
7.416408E-01 2.282536E+00 3.500000E+00 
8.343459E-01 2.567853E+00 3.250000E+00 
9.270510E-01 2.853170E+00 3.000000E+00 
9.811290E-01 3.019604E+00 2.750000E+00 
1.035207E+00 3.186039E+00 2.500000E+00 
1.089285E+00 3.352474E+00 2.250000E+00 
1.143363E+00 3.518909E+00 2.000000E+00 
1.166539E+00 3.590238E+00 1.750000E+00 
1.189715E+00 3.661568E+00 1.500000E+00 
1.212892E+00 3.732897E+00 1.250000E+00 
1.236068E+00 3.804226E+00 1.000000E+00 
1.212892E+00 3.732897E+00 7.500000E-01 
1.189715E+00 3.661568E+00 5.000000E-01 
1.166539E+00 3.590238E+00 2.500000E-01 
1.143363E+00 3.518909E+00 0.000000E+00 
1.089285E+00 3.352474E+00 -2.500000E-01 
1.035207E+00 3.186039E+00 -5.000000E-01 
9.811290E-01 3.019604E+00 -7.500000E-01 
9.270510E-01 2.853170E+00 -1.000000E+00 
8.343459E-01 2.567853E+00 -1.250000E+00 
7.416408E-01 2.282536E+00 -1.500000E+00 
6.489357E-01 1.997219E+00 -1.750000E+00 
5.562306E-01 1.711902E+00 -2.000000E+00 
4.635255E-01 1.426585E+00 -2.250000E+00 
3.708204E-01 1.141268E+00 -2.500000E+00 
2.781153E-01 8.559509E-01 -2.750000E+00 
1.854102E-01 5.706339E-01 -3.000000E+00 
9.270510E-02 2.853170E-01 -3.250000E+00 
0.000000E+00 0.000000E+00 -3.500000E+00 
0.000000E+00 0.000000E+00 5.500000E+00 
6.675628E-02 2.924784E-01 5.250000E+00 
1.335126E-01 5.849567E-01 5.000000E+00 
2.002688E-01 8.774351E-01 4.750000E+00 
2.670251E-01 1.169913E+00 4.500000E+00 
3.337814E-01 1.462392E+00 4.250000E+00 
4.005377E-01 1.754870E+00 4.000000E+00 
4.672940E-01 2.047349E+00 3.750000E+00 
5.340502E-01 2.339827E+00 3.500000E+00 
6.008065E-01 2.632305E+00 3.250000E+00 
6.675628E-01 2.924784E+00 3.000000E+00 
7.065040E-01 3.095396E+00 2.750000E+00 
7.454451E-01 3.266009E+00 2.500000E+00 
7.843863E-01 3.436621E+00 2.250000E+00 
8.233275E-01 3.607233E+00 2.000000E+00 
8.400165E-01 3.680353E+00 1.750000E+00 
8.567056E-01 3.753472E+00 1.500000E+00 
8.733947E-01 3.826592E+00 1.250000E+00 
8.900837E-01 3.899712E+00 1.000000E+00 
8.733947E-01 3.826592E+00 7.500000E-01 
8.567056E-01 3.753472E+00 5.000000E-01 
8.400165E-01 3.680353E+00 2.500000E-01 
8.233275E-01 3.607233E+00 0.000000E+00 
7.843863E-01 3.436621E+00 -2.500000E-01 
7.454451E-01 3.266009E+00 -5.000000E-01 
7.065040E-01 3.095396E+00 -7.500000E-01 
6.675628E-01 2.924784E+00 -1.000000E+00 
6.008065E-01 2.632305E+00 -1.250000E+00 
5.340502E-01 2.339827E+00 -1.500000E+00 
4.672940E-01 2.047349E+00 -1.750000E+00 
4.005377E-01 1.754870E+00 -2.000000E+00 
3.337814E-01 1.462392E+00 -2.250000E+00 
2.670251E-01 1.169913E+00 -2.500000E+00 
2.002688E-01 8.774351E-01 -2.750000E+00 
1.335126E-01 5.849567E-01 -3.000000E+00 
6.675628E-02 2.924784E-01 -3.250000E+00 
0.000000E+00 0.000000E+00 -3.500000E+00 
0.000000E+00 0.000000E+00 5.500000E+00 
4.026998E-02 2.972849E-01 5.250000E+00 
8.053996E-02 5.945699E-01 5.000000E+00 
1.208099E-01 8.918548E-01 4.750000E+00 
1.610799E-01 1.189140E+00 4.500000E+00 
2.013499E-01 1.486425E+00 4.250000E+00 
2.416199E-01 1.783710E+00 4.000000E+00 
2.818899E-01 2.080994E+00 3.750000E+00 
3.221598E-01 2.378279E+00 3.500000E+00 
3.624298E-01 2.675564E+00 3.250000E+00 
4.026998E-01 2.972849E+00 3.000000E+00 
4.261906E-01 3.146265E+00 2.750000E+00 
4.496814E-01 3.319682E+00 2.500000E+00 
4.731723E-01 3.493098E+00 2.250000E+00 
4.966631E-01 3.666514E+00 2.000000E+00 
5.067306E-01 3.740835E+00 1.750000E+00 
5.167981E-01 3.815157E+00 1.500000E+00 
5.268656E-01 3.889478E+00 1.250000E+00 
5.369331E-01 3.963799E+00 1.000000E+00 
5.268656E-01 3.889478E+00 7.500000E-01 
5.167981E-01 3.815157E+00 5.000000E-01 
5.067306E-01 3.740835E+00 2.500000E-01 
4.966631E-01 3.666514E+00 0.000000E+00 
4.731723E-01 3.493098E+00 -2.500000E-01 
4.496814E-01 3.319682E+00 -5.000000E-01 
4.261906E-01 3.146265E+00 -7.500000E-01 
4.026998E-01 2.972849E+00 -1.000000E+00 
3.624298E-01 2.675564E+00 -1.250000E+00 
3.221598E-01 2.378279E+00 -1.500000E+00 
2.818899E-01 2.080994E+00 -1.750000E+00 
2.416199E-01 1.783710E+00 -2.000000E+00 
2.013499E-01 1.486425E+00 -2.250000E+00 
1.610799E-01 1.189140E+00 -2.500000E+00 
1.208099E-01 8.918548E-01 -2.750000E+00 
8.053996E-02 5.945699E-01 -3.000000E+00 
4.026998E-02 2.972849E-01 -3.250000E+00 
0.000000E+00 0.000000E+00 -3.500000E+00 
0.000000E+00 0.000000E+00 5.500000E+00 
1.345945E-02 2.996979E-01 5.250000E+00 
2.691890E-02 5.993958E-01 5.000000E+00 
4.037835E-02 8.990938E-01 4.750000E+00 
5.383780E-02 1.198792E+00 4.500000E+00 
6.729725E-02 1.498490E+00 4.250000E+00 
8.075669E-02 1.798188E+00 4.000000E+00 
9.421614E-02 2.097885E+00 3.750000E+00 
1.076756E-01 2.397583E+00 3.500000E+00 
1.211350E-01 2.697281E+00 3.250000E+00 
1.345945E-01 2.996979E+00 3.000000E+00 
1.424458E-01 3.171803E+00 2.750000E+00 
1.502972E-01 3.346627E+00 2.500000E+00 
1.581485E-01 3.521451E+00 2.250000E+00 
1.659999E-01 3.696274E+00 2.000000E+00 
1.693647E-01 3.771199E+00 1.750000E+00 
1.727296E-01 3.846123E+00 1.500000E+00 
1.760945E-01 3.921048E+00 1.250000E+00 
1.794593E-01 3.995972E+00 1.000000E+00 
1.760945E-01 3.921048E+00 7.500000E-01 
1.727296E-01 3.846123E+00 5.000000E-01 
1.693647E-01 3.771199E+00 2.500000E-01 
1.659999E-01 3.696274E+00 0.000000E+00 
1.581485E-01 3.521451E+00 -2.500000E-01 
1.502972E-01 3.346627E+00 -5.000000E-01 
1.424458E-01 3.171803E+00 -7.500000E-01 
1.345945E-01 2.996979E+00 -1.000000E+00 
1.211350E-01 2.697281E+00 -1.250000E+00 
1.076756E-01 2.397583E+00 -1.500000E+00 
9.421614E-02 2.097885E+00 -1.750000E+00 
8.075669E-02 1.798188E+00 -2.000000E+00 
6.729725E-02 1.498490E+00 -2.250000E+00 
5.383780E-02 1.198792E+00 -2.500000E+00 
4.037835E-02 8.990938E-01 -2.750000E+00 
2.691890E-02 5.993958E-01 -3.000000E+00 
1.345945E-02 2.996979E-01 -3.250000E+00 
0.000000E+00 0.000000E+00 -3.500000E+00 
-0.000000E+00 0.000000E+00 5.500000E+00 
-1.345945E-02 2.996979E-01 5.250000E+00 
-2.691890E-02 5.993958E-01 5.000000E+00 
-4.037835E-02 8.990938E-01 4.750000E+00 
-5.383780E-02 1.198792E+00 4.500000E+00 
-6.729725E-02 1.498490E+00 4.250000E+00 
-8.075669E-02 1.798188E+00 4.000000E+00 
-9.421614E-02 2.097885E+00 3.750000E+00 
-1.076756E-01 2.397583E+00 3.500000E+00 
-1.211350E-01 2.697281E+00 3.250000E+00 
-1.345945E-01 2.996979E+00 3.000000E+00 
-1.424458E-01 3.171803E+00 2.750000E+00 
-1.502972E-01 3.346627E+00 2.500000E+00 
-1.581485E-01 3.521451E+00 2.250000E+00 
-1.659999E-01 3.696274E+00 2.000000E+00 
-1.693647E-01 3.771199E+00 1.750000E+00 
-1.727296E-01 3.846123E+00 1.500000E+00 
-1.760945E-01 3.921048E+00 1.250000E+00 
-1.794593E-01 3.995972E+00 1.000000E+00 
-1.760945E-01 3.921048E+00 7.500000E-01 
-1.727296E-01 3.846123E+00 5.000000E-01 
-1.693647E-01 3.771199E+00 2.500000E-01 
-1.659999E-01 3.696274E+00 0.000000E+00 
-1.581485E-01 3.521451E+00 -2.500000E-01 
-1.502972E-01 3.346627E+00 -5.000000E-01 
-1.424458E-01 3.171803E+00 -7.500000E-01 
-1.345945E-01 2.996979E+00 -1.000000E+00 
-1.211350E-01 2.697281E+00 -1.250000E+00 
-1.076756E-01 2.397583E+00 -1.500000E+00 
-9.421614E-02 2.097885E+00 -1.750000E+00 
-8.075669E-02 1.798188E+00 -2.000000E+00 
-6.729725E-02 1.498490E+00 -2.250000E+00 
-5.383780E-02 1.198792E+00 -2.500000E+00 
-4.037835E-02 8.990938E-01 -2.750000E+00 
-2.691890E-02 5.993958E-01 -3.000000E+00 
-1.345945E-02 2.996979E-01 -3.250000E+00 
-0.000000E+00 0.000000E+00 -3.500000E+00 
-0.000000E+00 0.000000E+00 5.500000E+00 
-4.026998E-02 2.972849E-01 5.250000E+00 
-8.053996E-02 5.945699E-01 5.000000E+00 
-1.208099E-01 8.918548E-01 4.750000E+00 
-1.610799E-01 1.189140E+00 4.500000E+00 
-2.013499E-01 1.486425E+00 4.250000E+00 
-2.416199E-01 1.783710E+00 4.000000E+00 
-2.818899E-01 2.080994E+00 3.750000E+00 
-3.221598E-01 2.378279E+00 3.500000E+00 
-3.624298E-01 2.675564E+00 3.250000E+00 
-4.026998E-01 2.972849E+00 3.000000E+00 
-4.261906E-01 3.146265E+00 2.750000E+00 
-4.496814E-01 3.319682E+00 2.500000E+00 
-4.731723E-01 3.493098E+00 2.250000E+00 
-4.966631E-01 3.666514E+00 2.000000E+00 
-5.067306E-01 3.740835E+00 1.750000E+00 
-5.167981E-01 3.815157E+00 1.500000E+00 
-5.268656E-01 3.889478E+00 1.250000E+00 
-5.369331E-01 3.963799E+00 1.000000E+00 
-5.268656E-01 3.889478E+00 7.500000E-01 
-5.167981E-01 3.815157E+00 5.000000E-01 
-5.067306E-01 3.740835E+00 2.500000E-01 
-4.966631E-01 3.666514E+00 0.000000E+00 
-4.731723E-01 3.493098E+00 -2.500000E-01 
-4.496814E-01 3.319682E+00 -5.000000E-01 
-4.261906E-01 3.146265E+00 -7.500000E-01 
-4.026998E-01 2.972849E+00 -1.000000E+00 
-3.624298E-01 2.675564E+00 -1.250000E+00 
-3.221598E-01 2.378279E+00 -1.500000E+00 
-2.818899E-01 2.080994E+00 -1.750000E+00 
-2.416199E-01 1.783710E+00 -2.000000E+00 
-2.013499E-01 1.486425E+00 -2.250000E+00 
-1.610799E-01 1.189140E+00 -2.500000E+00 
-1.208099E-01 8.918548E-01 -2.750000E+00 
-8.053996E-02 5.945699E-01 -3.000000E+00 
-4.026998E-02 2.972849E-01 -3.250000E+00 
-0.000000E+00 0.000000E+00 -3.500000E+00 
-0.000000E+00 0.000000E+00 5.500000E+00 
-6.675628E-02 2.924784E-01 5.250000E+00 
-1.335126E-01 5.849567E-01 5.000000E+00 
-2.002688E-01 8.774351E-01 4.750000E+00 
-2.670251E-01 1.169913E+00 4.500000E+00 
-3.337814E-01 1.462392E+00 4.250000E+00 
-4.005377E-01 1.754870E+00 4.000000E+00 
-4.672940E-01 2.047349E+00 3.750000E+00 
-5.340502E-01 2.339827E+00 3.500000E+00 
-6.008065E-01 2.632305E+00 3.250000E+00 
-6.675628E-01 2.924784E+00 3.000000E+00 
-7.065040E-01 3.095396E+00 2.750000E+00 
-7.454451E-01 3.266009E+00 2.500000E+00 
-7.843863E-01 3.436621E+00 2.250000E+00 
-8.233275E-01 3.607233E+00 2.000000E+00 
-8.400165E-01 3.680353E+00 1.750000E+00 
-8.567056E-01 3.753472E+00 1.500000E+00 
-8.733947E-01 3.826592E+00 1.250000E+00 
-8.900837E-01 3.899712E+00 1.000000E+00 
-8.733947E-01 3.826592E+00 7.500000E-01 
-8.567056E-01 3.753472E+00 5.000000E-01 
-8.400165E-01 3.680353E+00 2.500000E-01 
-8.233275E-01 3.607233E+00 0.000000E+00 
-7.843863E-01 3.436621E+00 -2.500000E-01 
-7.454451E-01 3.266009E+00 -5.000000E-01 
-7.065040E-01 3.095396E+00 -7.500000E-01 
-6.675628E-01 2.924784E+00 -1.000000E+00 
-6.008065E-01 2.632305E+00 -1.250000E+00 
-5.340502E-01 2.339827E+00 -1.500000E+00 
-4.672940E-01 2.047349E+00 -1.750000E+00 
-4.005377E-01 1.754870E+00 -2.000000E+00 
-3.337814E-01 1.462392E+00 -2.250000E+00 
-2.670251E-01 1.169913E+00 -2.500000E+00 
-2.002688E-01 8.774351E-01 -2.750000E+00 
-1.335126E-01 5.849567E-01 -3.000000E+00 
-6.675628E-02 2.924784E-01 -3.250000E+00 
-0.000000E+00 0.000000E+00 -3.500000E+00 
-0.000000E+00 0.000000E+00 5.500000E+00 
-9.270510E-02 2.853170E-01 5.250000E+00 
-1.854102E-01 5.706339E-01 5.000000E+00 
-2.781153E-01 8.559509E-01 4.750000E+00 
-3.708204E-01 1.141268E+00 4.500000E+00 
-4.635255E-01 1.426585E+00 4.250000E+00 
-5.562306E-01 1.711902E+00 4.000000E+00 
-6.489357E-01 1.997219E+00 3.750000E+00 
-7.416408E-01 2.282536E+00 3.500000E+00 
-8.343459E-01 2.567853E+00 3.250000E+00 
-9.270510E-01 2.853170E+00 3.000000E+00 
-9.811290E-01 3.019604E+00 2.750000E+00 
-1.035207E+00 3.186039E+00 2.500000E+00 
-1.089285E+00 3.352474E+00 2.250000E+00 
-1.143363E+00 3.518909E+00 2.000000E+00 
-1.166539E+00 3.590238E+00 1.750000E+00 
-1.189715E+00 3.661568E+00 1.500000E+00 
-1.212892E+00 3.732897E+00 1.250000E+00 
-1.236068E+00 3.804226E+00 1.000000E+00 
-1.212892E+00 3.732897E+00 7.500000E-01 
-1.189715E+00 3.661568E+00 5.000000E-01 
-1.166539E+00 3.590238E+00 2.500000E-01 
-1.143363E+00 3.518909E+00 0.000000E+00 
-1.089285E+00 3.352474E+00 -2.500000E-01 
-1.035207E+00 3.186039E+00 -5.000000E-01 
-9.811290E-01 3.019604E+00 -7.500000E-01 
-9.270510E-01 2.853170E+00 -1.000000E+00 
-8.343459E-01 2.567853E+00 -1.250000E+00 
-7.416408E-01 2.282536E+00 -1.500000E+00 
-6.489357E-01 1.997219E+00 -1.750000E+00 
-5.562306E-01 1.711902E+00 -2.000000E+00 
-4.635255E-01 1.426585E+00 -2.250000E+00 
-3.708204E-01 1.141268E+00 -2.500000E+00 
-2.781153E-01 8.559509E-01 -2.750000E+00 
-1.854102E-01 5.706339E-01 -3.000000E+00 
-9.270510E-02 2.853170E-01 -3.250000E+00 
-0.000000E+00 0.000000E+00 -3.500000E+00 
-0.000000E+00 0.000000E+00 5.500000E+00 
-1.179075E-01 2.758583E-01 5.250000E+00 
-2.358150E-01 5.517167E-01 5.000000E+00 
-3.537225E-01 8.275750E-01 4.750000E+00 
-4.716300E-01 1.103433E+00 4.500000E+00 
-5.895375E-01 1.379292E+00 4.250000E+00 
-7.074451E-01 1.655150E+00 4.000000E+00 
-8.253526E-01 1.931008E+00 3.750000E+00 
-9.432601E-01 2.206867E+00 3.500000E+00 
-1.061168E+00 2.482725E+00 3.250000E+00 
-1.179075E+00 2.758583E+00 3.000000E+00 
-1.247854E+00 2.919501E+00 2.750000E+00 
-1.316634E+00 3.080418E+00 2.500000E+00 
-1.385413E+00 3.241335E+00 2.250000E+00 
-1.454193E+00 3.402253E+00 2.000000E+00 
-1.483669E+00 3.471217E+00 1.750000E+00 
-1.513146E+00 3.540182E+00 1.500000E+00 
-1.542623E+00 3.609147E+00 1.250000E+00 
-1.572100E+00 3.678111E+00 1.000000E+00 
-1.542623E+00 3.609147E+00 7.500000E-01 
-1.513146E+00 3.540182E+00 5.000000E-01 
-1.483669E+00 3.471217E+00 2.500000E-01 
-1.454193E+00 3.402253E+00 0.000000E+00 
-1.385413E+00 3.241335E+00 -2.500000E-01 
-1.316634E+00 3.080418E+00 -5.000000E-01 
-1.247854E+00 2.919501E+00 -7.500000E-01 
-1.179075E+00 2.758583E+00 -1.000000E+00 
-1.061168E+00 2.482725E+00 -1.250000E+00 
-9.432601E-01 2.206867E+00 -1.500000E+00 
-8.253526E-01 1.931008E+00 -1.750000E+00 
-7.074451E-01 1.655150E+00 -2.000000E+00 
-5.895375E-01 1.379292E+00 -2.250000E+00 
-4.716300E-01 1.103433E+00 -2.500000E+00 
-3.537225E-01 8.275750E-01 -2.750000E+00 
-2.358150E-01 5.517167E-01 -3.000000E+00 
-1.179075E-01 2.758583E-01 -3.250000E+00 
-0.000000E+00 0.000000E+00 -3.500000E+00 
-0.000000E+00 0.000000E+00 5.500000E+00 
-1.421606E-01 2.641787E-01 5.250000E+00 
-2.843212E-01 5.283573E-01 5.000000E+00 
-4.264818E-01 7.925360E-01 4.750000E+00 
-5.686424E-01 1.056715E+00 4.500000E+00 
-7.108030E-01 1.320893E+00 4.250000E+00 
-8.529636E-01 1.585072E+00 4.000000E+00 
-9.951242E-01 1.849251E+00 3.750000E+00 
-1.137285E+00 2.113429E+00 3.500000E+00 
-1.279445E+00 2.377608E+00 3.250000E+00 
-1.421606E+00 2.641787E+00 3.000000E+00 
-1.504533E+00 2.795891E+00 2.750000E+00 
-1.587460E+00 2.949995E+00 2.500000E+00 
-1.670387E+00 3.104099E+00 2.250000E+00 
-1.753314E+00 3.258203E+00 2.000000E+00 
-1.788854E+00 3.324248E+00 1.750000E+00 
-1.824394E+00 3.390293E+00 1.500000E+00 
-1.859935E+00 3.456337E+00 1.250000E+00 
-1.895475E+00 3.522382E+00 1.000000E+00 
-1.859935E+00 3.456337E+00 7.500000E-01 
-1.824394E+00 3.390293E+00 5.000000E-01 
-1.788854E+00 3.324248E+00 2.500000E-01 
-1.753314E+00 3.258203E+00 0.000000E+00 
-1.670387E+00 3.104099E+00 -2.500000E-01 
-1.587460E+00 2.949995E+00 -5.000000E-01 
-1.504533E+00 2.795891E+00 -7.500000E-01 
-1.421606E+00 2.641787E+00 -1.000000E+00 
-1.279445E+00 2.377608E+00 -1.250000E+00 
-1.137285E+00 2.113429E+00 -1.500000E+00 
-9.951242E-01 1.849251E+00 -1.750000E+00 
-8.529636E-01 1.585072E+00 -2.000000E+00 
-7.108030E-01 1.320893E+00 -2.250000E+00 
-5.686424E-01 1.056715E+00 -2.500000E+00 
-4.264818E-01 7.925360E-01 -2.750000E+00 
-2.843212E-01 5.283573E-01 -3.000000E+00 
-1.421606E-01 2.641787E-01 -3.250000E+00 
-0.000000E+00 0.000000E+00 -3.500000E+00 
-0.000000E+00 0.000000E+00 5.500000E+00 
-1.652691E-01 2.503720E-01 5.250000E+00 
-3.305382E-01 5.007440E-01 5.000000E+00 
-4.958073E-01 7.511159E-01 4.750000E+00 
-6.610764E-01 1.001488E+00 4.500000E+00 
-8.263455E-01 1.251860E+00 4.250000E+00 
-9.916146E-01 1.502232E+00 4.000000E+00 
-1.156884E+00 1.752604E+00 3.750000E+00 
-1.322153E+00 2.002976E+00 3.500000E+00 
-1.487422E+00 2.253348E+00 3.250000E+00 
-1.652691E+00 2.503720E+00 3.000000E+00 
-1.749098E+00 2.649770E+00 2.750000E+00 
-1.845505E+00 2.795820E+00 2.500000E+00 
-1.941912E+00 2.941871E+00 2.250000E+00 
-2.038319E+00 3.087921E+00 2.000000E+00 
-2.079636E+00 3.150514E+00 1.750000E+00 
-2.120953E+00 3.213107E+00 1.500000E+00 
-2.162271E+00 3.275700E+00 1.250000E+00 
-2.203588E+00 3.338293E+00 1.000000E+00 
-2.162271E+00 3.275700E+00 7.500000E-01 
-2.120953E+00 3.213107E+00 5.000000E-01 
-2.079636E+00 3.150514E+00 2.500000E-01 
-2.038319E+00 3.087921E+00 0.000000E+00 
-1.941912E+00 2.941871E+00 -2.500000E-01 
-1.845505E+00 2.795820E+00 -5.000000E-01 
-1.749098E+00 2.649770E+00 -7.500000E-01 
-1.652691E+00 2.503720E+00 -1.000000E+00 
-1.487422E+00 2.253348E+00 -1.250000E+00 
-1.322153E+00 2.002976E+00 -1.500000E+00 
-1.156884E+00 1.752604E+00 -1.750000E+00 
-9.916146E-01 1.502232E+00 -2.000000E+00 
-8.263455E-01 1.251860E+00 -2.250000E+00 
-6.610764E-01 1.001488E+00 -2.500000E+00 
-4.958073E-01 7.511159E-01 -2.750000E+00 
-3.305382E-01 5.007440E-01 -3.000000E+00 
-1.652691E-01 2.503720E-01 -3.250000E+00 
-0.000000E+00 0.000000E+00 -3.500000E+00 
-0.000000E+00 0.000000E+00 5.500000E+00 
-1.870469E-01 2.345494E-01 5.250000E+00 
-3.740939E-01 4.690989E-01 5.000000E+00 
-5.611408E-01 7.036483E-01 4.750000E+00 
-7.481878E-01 9.381978E-01 4.500000E+00 
-9.352347E-01 1.172747E+00 4.250000E+00 
-1.122282E+00 1.407297E+00 4.000000E+00 
-1.309329E+00 1.641846E+00 3.750000E+00 
-1.496376E+00 1.876396E+00 3.500000E+00 
-1.683422E+00 2.110945E+00 3.250000E+00 
-1.870469E+00 2.345494E+00 3.000000E+00 
-1.979580E+00 2.482315E+00 2.750000E+00 
-2.088691E+00 2.619135E+00 2.500000E+00 
-2.197802E+00 2.755956E+00 2.250000E+00 
-2.306912E+00 2.892776E+00 2.000000E+00 
-2.353674E+00 2.951414E+00 1.750000E+00 
-2.400436E+00 3.010051E+00 1.500000E+00 
-2.447197E+00 3.068689E+00 1.250000E+00 
-2.493959E+00 3.127326E+00 1.000000E+00 
-2.447197E+00 3.068689E+00 7.500000E-01 
-2.400436E+00 3.010051E+00 5.000000E-01 
-2.353674E+00 2.951414E+00 2.500000E-01 
-2.306912E+00 2.892776E+00 0.000000E+00 
-2.197802E+00 2.755956E+00 -2.500000E-01 
-2.088691E+00 2.619135E+00 -5.000000E-01 
-1.979580E+00 2.482315E+00 -7.500000E-01 
-1.870469E+00 2.345494E+00 -1.000000E+00 
-1.683422E+00 2.110945E+00 -1.250000E+00 
-1.496376E+00 1.876396E+00 -1.500000E+00 
-1.309329E+00 1.641846E+00 -1.750000E+00 
-1.122282E+00 1.407297E+00 -2.000000E+00 
-9.352347E-01 1.172747E+00 -2.250000E+00 
-7.481878E-01 9.381978E-01 -2.500000E+00 
-5.611408E-01 7.036483E-01 -2.750000E+00 
-3.740939E-01 4.690989E-01 -3.000000E+00 
-1.870469E-01 2.345494E-01 -3.250000E+00 
-0.000000E+00 0.000000E+00 -3.500000E+00 
-0.000000E+00 0.000000E+00 5.500000E+00 
-2.073188E-01 2.168385E-01 5.250000E+00 
-4.146376E-01 4.336769E-01 5.000000E+00 
-6.219564E-01 6.505154E-01 4.750000E+00 
-8.292752E-01 8.673538E-01 4.500000E+00 
-1.036594E+00 1.084192E+00 4.250000E+00 
-1.243913E+00 1.301031E+00 4.000000E+00 
-1.451232E+00 1.517869E+00 3.750000E+00 
-1.658550E+00 1.734708E+00 3.500000E+00 
-1.865869E+00 1.951546E+00 3.250000E+00 
-2.073188E+00 2.168385E+00 3.000000E+00 
-2.194124E+00 2.294874E+00 2.750000E+00 
-2.315060E+00 2.421363E+00 2.500000E+00 
-2.435996E+00 2.547852E+00 2.250000E+00 
-2.556932E+00 2.674341E+00 2.000000E+00 
-2.608761E+00 2.728551E+00 1.750000E+00 
-2.660591E+00 2.782760E+00 1.500000E+00 
-2.712421E+00 2.836970E+00 1.250000E+00 
-2.764251E+00 2.891179E+00 1.000000E+00 
-2.712421E+00 2.836970E+00 7.500000E-01 
-2.660591E+00 2.782760E+00 5.000000E-01 
-2.608761E+00 2.728551E+00 2.500000E-01 
-2.556932E+00 2.674341E+00 0.000000E+00 
-2.435996E+00 2.547852E+00 -2.500000E-01 
-2.315060E+00 2.421363E+00 -5.000000E-01 
-2.194124E+00 2.294874E+00 -7.500000E-01 
-2.073188E+00 2.168385E+00 -1.000000E+00 
-1.865869E+00 1.951546E+00 -1.250000E+00 
-1.658550E+00 1.734708E+00 -1.500000E+00 
-1.451232E+00 1.517869E+00 -1.750000E+00 
-1.243913E+00 1.301031E+00 -2.000000E+00 
-1.036594E+00 1.084192E+00 -2.250000E+00 
-8.292752E-01 8.673538E-01 -2.500000E+00 
-6.219564E-01 6.505154E-01 -2.750000E+00 
-4.146376E-01 4.336769E-01 -3.000000E+00 
-2.073188E-01 2.168385E-01 -3.250000E+00 
-0.000000E+00 0.000000E+00 -3.500000E+00 
-0.000000E+00 0.000000E+00 5.500000E+00 
-2.259214E-01 1.973816E-01 5.250000E+00 
-4.518429E-01 3.947632E-01 5.000000E+00 
-6.777643E-01 5.921449E-01 4.750000E+00 
-9.036858E-01 7.895265E-01 4.500000E+00 
-1.129607E+00 9.869081E-01 4.250000E+00 
-1.355529E+00 1.184290E+00 4.000000E+00 
-1.581450E+00 1.381671E+00 3.750000E+00 
-1.807372E+00 1.579053E+00 3.500000E+00 
-2.033293E+00 1.776435E+00 3.250000E+00 
-2.259214E+00 1.973816E+00 3.000000E+00 
-2.391002E+00 2.088955E+00 2.750000E+00 
-2.522789E+00 2.204095E+00 2.500000E+00 
-2.654577E+00 2.319234E+00 2.250000E+00 
-2.786364E+00 2.434373E+00 2.000000E+00 
-2.842845E+00 2.483719E+00 1.750000E+00 
-2.899325E+00 2.533064E+00 1.500000E+00 
-2.955806E+00 2.582409E+00 1.250000E+00 
-3.012286E+00 2.631755E+00 1.000000E+00 
-2.955806E+00 2.582409E+00 7.500000E-01 
-2.899325E+00 2.533064E+00 5.000000E-01 
-2.842845E+00 2.483719E+00 2.500000E-01 
-2.786364E+00 2.434373E+00 0.000000E+00 
-2.654577E+00 2.319234E+00 -2.500000E-01 
-2.522789E+00 2.204095E+00 -5.000000E-01 
-2.391002E+00 2.088955E+00 -7.500000E-01 
-2.259214E+00 1.973816E+00 -1.000000E+00 
-2.033293E+00 1.776435E+00 -1.250000E+00 
-1.807372E+00 1.579053E+00 -1.500000E+00 
-1.581450E+00 1.381671E+00 -1.750000E+00 
-1.355529E+00 1.184290E+00 -2.000000E+00 
-1.129607E+00 9.869081E-01 -2.250000E+00 
-9.036858E-01 7.895265E-01 -2.500000E+00 
-6.777643E-01 5.921449E-01 -2.750000E+00 
-4.518429E-01 3.947632E-01 -3.000000E+00 
-2.259214E-01 1.973816E-01 -3.250000E+00 
-0.000000E+00 0.000000E+00 -3.500000E+00 
-0.000000E+00 0.000000E+00 5.500000E+00 
-2.427051E-01 1.763356E-01 5.250000E+00 
-4.854102E-01 3.526712E-01 5.000000E+00 
-7.281153E-01 5.290067E-01 4.750000E+00 
-9.708204E-01 7.053423E-01 4.500000E+00 
-1.213525E+00 8.816779E-01 4.250000E+00 
-1.456231E+00 1.058013E+00 4.000000E+00 
-1.698936E+00 1.234349E+00 3.750000E+00 
-1.941641E+00 1.410685E+00 3.500000E+00 
-2.184346E+00 1.587020E+00 3.250000E+00 
-2.427051E+00 1.763356E+00 3.000000E+00 
-2.568629E+00 1.866218E+00 2.750000E+00 
-2.710207E+00 1.969081E+00 2.500000E+00 
-2.851785E+00 2.071943E+00 2.250000E+00 
-2.993363E+00 2.174805E+00 2.000000E+00 
-3.054039E+00 2.218889E+00 1.750000E+00 
-3.114715E+00 2.262973E+00 1.500000E+00 
-3.175392E+00 2.307057E+00 1.250000E+00 
-3.236068E+00 2.351141E+00 1.000000E+00 
-3.175392E+00 2.307057E+00 7.500000E-01 
-3.114715E+00 2.262973E+00 5.000000E-01 
-3.054039E+00 2.218889E+00 2.500000E-01 
-2.993363E+00 2.174805E+00 0.000000E+00 
-2.851785E+00 2.071943E+00 -2.500000E-01 
-2.710207E+00 1.969081E+00 -5.000000E-01 
-2.568629E+00 1.866218E+00 -7.500000E-01 
-2.427051E+00 1.763356E+00 -1.000000E+00 
-2.184346E+00 1.587020E+00 -1.250000E+00 
-1.941641E+00 1.410685E+00 -1.500000E+00 
-1.698936E+00 1.234349E+00 -1.750000E+00 
-1.456231E+00 1.058013E+00 -2.000000E+00 
-1.213525E+00 8.816779E-01 -2.250000E+00 
-9.708204E-01 7.053423E-01 -2.500000E+00 
-7.281153E-01 5.290067E-01 -2.750000E+00 
-4.854102E-01 3.526712E-01 -3.000000E+00 
-2.427051E-01 1.763356E-01 -3.250000E+00 
-0.000000E+00 0.000000E+00 -3.500000E+00 
-0.000000E+00 0.000000E+00 5.500000E+00 
-2.575346E-01 1.538698E-01 5.250000E+00 
-5.150693E-01 3.077396E-01 5.000000E+00 
-7.726039E-01 4.616093E-01 4.750000E+00 
-1.030139E+00 6.154791E-01 4.500000E+00 
-1.287673E+00 7.693489E-01 4.250000E+00 
-1.545208E+00 9.232187E-01 4.000000E+00 
-1.802742E+00 1.077088E+00 3.750000E+00 
-2.060277E+00 1.230958E+00 3.500000E+00 
-2.317812E+00 1.384828E+00 3.250000E+00 
-2.575346E+00 1.538698E+00 3.000000E+00 
-2.725575E+00 1.628455E+00 2.750000E+00 
-2.875803E+00 1.718213E+00 2.500000E+00 
-3.026032E+00 1.807970E+00 2.250000E+00 
-3.176261E+00 1.897727E+00 2.000000E+00 
-3.240644E+00 1.936195E+00 1.750000E+00 
-3.305028E+00 1.974662E+00 1.500000E+00 
-3.369412E+00 2.013130E+00 1.250000E+00 
-3.433795E+00 2.051597E+00 1.000000E+00 
-3.369412E+00 2.013130E+00 7.500000E-01 
-3.305028E+00 1.974662E+00 5.000000E-01 
-3.240644E+00 1.936195E+00 2.500000E-01 
-3.176261E+00 1.897727E+00 0.000000E+00 
-3.026032E+00 1.807970E+00 -2.500000E-01 
-2.875803E+00 1.718213E+00 -5.000000E-01 
-2.725575E+00 1.628455E+00 -7.500000E-01 
-2.575346E+00 1.538698E+00 -1.000000E+00 
-2.317812E+00 1.384828E+00 -1.250000E+00 
-2.060277E+00 1.230958E+00 -1.500000E+00 
-1.802742E+00 1.077088E+00 -1.750000E+00 
-1.545208E+00 9.232187E-01 -2.000000E+00 
-1.287673E+00 7.693489E-01 -2.250000E+00 
-1.030139E+00 6.154791E-01 -2.500000E+00 
-7.726039E-01 4.616093E-01 -2.750000E+00 
-5.150693E-01 3.077396E-01 -3.000000E+00 
-2.575346E-01 1.538698E-01 -3.250000E+00 
-0.000000E+00 0.000000E+00 -3.500000E+00 
-0.000000E+00 0.000000E+00 5.500000E+00 
-2.702907E-01 1.301651E-01 5.250000E+00 
-5.405813E-01 2.603302E-01 5.000000E+00 
-8.108720E-01 3.904954E-01 4.750000E+00 
-1.081163E+00 5.206605E-01 4.500000E+00 
-1.351453E+00 6.508256E-01 4.250000E+00 
-1.621744E+00 7.809907E-01 4.000000E+00 
-1.892035E+00 9.111559E-01 3.750000E+00 
-2.162325E+00 1.041321E+00 3.500000E+00 
-2.432616E+00 1.171486E+00 3.250000E+00 
-2.702907E+00 1.301651E+00 3.000000E+00 
-2.860576E+00 1.377581E+00 2.750000E+00 
-3.018246E+00 1.453511E+00 2.500000E+00 
-3.175915E+00 1.529440E+00 2.250000E+00 
-3.333585E+00 1.605370E+00 2.000000E+00 
-3.401157E+00 1.637911E+00 1.750000E+00 
-3.468730E+00 1.670452E+00 1.500000E+00 
-3.536303E+00 1.702994E+00 1.250000E+00 
-3.603875E+00 1.735535E+00 1.000000E+00 
-3.536303E+00 1.702994E+00 7.500000E-01 
-3.468730E+00 1.670452E+00 5.000000E-01 
-3.401157E+00 1.637911E+00 2.500000E-01 
-3.333585E+00 1.605370E+00 0.000000E+00 
-3.175915E+00 1.529440E+00 -2.500000E-01 
-3.018246E+00 1.453511E+00 -5.000000E-01 
-2.860576E+00 1.377581E+00 -7.500000E-01 
-2.702907E+00 1.301651E+00 -1.000000E+00 
-2.432616E+00 1.171486E+00 -1.250000E+00 
-2.162325E+00 1.041321E+00 -1.500000E+00 
-1.892035E+00 9.111559E-01 -1.750000E+00 
-1.621744E+00 7.809907E-01 -2.000000E+00 
-1.351453E+00 6.508256E-01 -2.250000E+00 
-1.081163E+00 5.206605E-01 -2.500000E+00 
-8.108720E-01 3.904954E-01 -2.750000E+00 
-5.405813E-01 2.603302E-01 -3.000000E+00 
-2.702907E-01 1.301651E-01 -3.250000E+00 
-0.000000E+00 0.000000E+00 -3.500000E+00 
-0.000000E+00 0.000000E+00 5.500000E+00 
-2.808705E-01 1.054124E-01 5.250000E+00 
-5.617409E-01 2.108249E-01 5.000000E+00 
-8.426114E-01 3.162373E-01 4.750000E+00 
-1.123482E+00 4.216498E-01 4.500000E+00 
-1.404352E+00 5.270622E-01 4.250000E+00 
-1.685223E+00 6.324747E-01 4.000000E+00 
-1.966093E+00 7.378871E-01 3.750000E+00 
-2.246964E+00 8.432996E-01 3.500000E+00 
-2.527834E+00 9.487120E-01 3.250000E+00 
-2.808705E+00 1.054124E+00 3.000000E+00 
-2.972546E+00 1.115615E+00 2.750000E+00 
-3.136387E+00 1.177106E+00 2.500000E+00 
-3.300228E+00 1.238596E+00 2.250000E+00 
-3.464069E+00 1.300087E+00 2.000000E+00 
-3.534287E+00 1.326440E+00 1.750000E+00 
-3.604504E+00 1.352793E+00 1.500000E+00 
-3.674722E+00 1.379146E+00 1.250000E+00 
-3.744939E+00 1.405499E+00 1.000000E+00 
-3.674722E+00 1.379146E+00 7.500000E-01 
-3.604504E+00 1.352793E+00 5.000000E-01 
-3.534287E+00 1.326440E+00 2.500000E-01 
-3.464069E+00 1.300087E+00 0.000000E+00 
-3.300228E+00 1.238596E+00 -2.500000E-01 
-3.136387E+00 1.177106E+00 -5.000000E-01 
-2.972546E+00 1.115615E+00 -7.500000E-01 
-2.808705E+00 1.054124E+00 -1.000000E+00 
-2.527834E+00 9.487120E-01 -1.250000E+00 
-2.246964E+00 8.432996E-01 -1.500000E+00 
-1.966093E+00 7.378871E-01 -1.750000E+00 
-1.685223E+00 6.324747E-01 -2.000000E+00 
-1.404352E+00 5.270622E-01 -2.250000E+00 
-1.123482E+00 4.216498E-01 -2.500000E+00 
-8.426114E-01 3.162373E-01 -2.750000E+00 
-5.617409E-01 2.108249E-01 -3.000000E+00 
-2.808705E-01 1.054124E-01 -3.250000E+00 
-0.000000E+00 0.000000E+00 -3.500000E+00 
-0.000000E+00 0.000000E+00 5.500000E+00 
-2.891889E-01 7.981105E-02 5.250000E+00 
-5.783777E-01 1.596221E-01 5.000000E+00 
-8.675666E-01 2.394332E-01 4.750000E+00 
-1.156755E+00 3.192442E-01 4.500000E+00 
-1.445944E+00 3.990553E-01 4.250000E+00 
-1.735133E+00 4.788663E-01 4.000000E+00 
-2.024322E+00 5.586774E-01 3.750000E+00 
-2.313511E+00 6.384884E-01 3.500000E+00 
-2.602700E+00 7.182995E-01 3.250000E+00 
-2.891889E+00 7.981105E-01 3.000000E+00 
-3.060582E+00 8.446670E-01 2.750000E+00 
-3.229276E+00 8.912234E-01 2.500000E+00 
-3.397969E+00 9.377799E-01 2.250000E+00 
-3.566663E+00 9.843363E-01 2.000000E+00 
-3.638960E+00 1.004289E+00 1.750000E+00 
-3.711257E+00 1.024242E+00 1.500000E+00 
-3.783554E+00 1.044195E+00 1.250000E+00 
-3.855851E+00 1.064147E+00 1.000000E+00 
-3.783554E+00 1.044195E+00 7.500000E-01 
-3.711257E+00 1.024242E+00 5.000000E-01 
-3.638960E+00 1.004289E+00 2.500000E-01 
-3.566663E+00 9.843363E-01 0.000000E+00 
-3.397969E+00 9.377799E-01 -2.500000E-01 
-3.229276E+00 8.912234E-01 -5.000000E-01 
-3.060582E+00 8.446670E-01 -7.500000E-01 
-2.891889E+00 7.981105E-01 -1.000000E+00 
-2.602700E+00 7.182995E-01 -1.250000E+00 
-2.313511E+00 6.384884E-01 -1.500000E+00 
-2.024322E+00 5.586774E-01 -1.750000E+00 
-1.735133E+00 4.788663E-01 -2.000000E+00 
-1.445944E+00 3.990553E-01 -2.250000E+00 
-1.156755E+00 3.192442E-01 -2.500000E+00 
-8.675666E-01 2.394332E-01 -2.750000E+00 
-5.783777E-01 1.596221E-01 -3.000000E+00 
-2.891889E-01 7.981105E-02 -3.250000E+00 
-0.000000E+00 0.000000E+00 -3.500000E+00 
-0.000000E+00 0.000000E+00 5.500000E+00 
-2.951789E-01 5.356707E-02 5.250000E+00 
-5.903578E-01 1.071341E-01 5.000000E+00 
-8.855366E-01 1.607012E-01 4.750000E+00 
-1.180716E+00 2.142683E-01 4.500000E+00 
-1.475894E+00 2.678353E-01 4.250000E+00 
-1.771073E+00 3.214024E-01 4.000000E+00 
-2.066252E+00 3.749695E-01 3.750000E+00 
-2.361431E+00 4.285365E-01 3.500000E+00 
-2.656610E+00 4.821036E-01 3.250000E+00 
-2.951789E+00 5.356707E-01 3.000000E+00 
-3.123976E+00 5.669181E-01 2.750000E+00 
-3.296164E+00 5.981656E-01 2.500000E+00 
-3.468352E+00 6.294131E-01 2.250000E+00 
-3.640539E+00 6.606605E-01 2.000000E+00 
-3.714334E+00 6.740523E-01 1.750000E+00 
-3.788129E+00 6.874440E-01 1.500000E+00 
-3.861924E+00 7.008358E-01 1.250000E+00 
-3.935718E+00 7.142276E-01 1.000000E+00 
-3.861924E+00 7.008358E-01 7.500000E-01 
-3.788129E+00 6.874440E-01 5.000000E-01 
-3.714334E+00 6.740523E-01 2.500000E-01 
-3.640539E+00 6.606605E-01 0.000000E+00 
-3.468352E+00 6.294131E-01 -2.500000E-01 
-3.296164E+00 5.981656E-01 -5.000000E-01 
-3.123976E+00 5.669181E-01 -7.500000E-01 
-2.951789E+00 5.356707E-01 -1.000000E+00 
-2.656610E+00 4.821036E-01 -1.250000E+00 
-2.361431E+00 4.285365E-01 -1.500000E+00 
-2.066252E+00 3.749695E-01 -1.750000E+00 
-1.771073E+00 3.214024E-01 -2.000000E+00 
-1.475894E+00 2.678353E-01 -2.250000E+00 
-1.180716E+00 2.142683E-01 -2.500000E+00 
-8.855366E-01 1.607012E-01 -2.750000E+00 
-5.903578E-01 1.071341E-01 -3.000000E+00 
-2.951789E-01 5.356707E-02 -3.250000E+00 
-0.000000E+00 0.000000E+00 -3.500000E+00 
-0.000000E+00 0.000000E+00 5.500000E+00 
-2.987923E-01 2.689179E-02 5.250000E+00 
-5.975846E-01 5.378359E-02 5.000000E+00 
-8.963769E-01 8.067538E-02 4.750000E+00 
-1.195169E+00 1.075672E-01 4.500000E+00 
-1.493961E+00 1.344590E-01 4.250000E+00 
-1.792754E+00 1.613508E-01 4.000000E+00 
-2.091546E+00 1.882425E-01 3.750000E+00 
-2.390338E+00 2.151343E-01 3.500000E+00 
-2.689131E+00 2.420261E-01 3.250000E+00 
-2.987923E+00 2.689179E-01 3.000000E+00 
-3.162218E+00 2.846048E-01 2.750000E+00 
-3.336514E+00 3.002917E-01 2.500000E+00 
-3.510809E+00 3.159786E-01 2.250000E+00 
-3.685105E+00 3.316654E-01 2.000000E+00 
-3.759803E+00 3.383884E-01 1.750000E+00 
-3.834501E+00 3.451113E-01 1.500000E+00 
-3.909199E+00 3.518343E-01 1.250000E+00 
-3.983897E+00 3.585572E-01 1.000000E+00 
-3.909199E+00 3.518343E-01 7.500000E-01 
-3.834501E+00 3.451113E-01 5.000000E-01 
-3.759803E+00 3.383884E-01 2.500000E-01 
-3.685105E+00 3.316654E-01 0.000000E+00 
-3.510809E+00 3.159786E-01 -2.500000E-01 
-3.336514E+00 3.002917E-01 -5.000000E-01 
-3.162218E+00 2.846048E-01 -7.500000E-01 
-2.987923E+00 2.689179E-01 -1.000000E+00 
-2.689131E+00 2.420261E-01 -1.250000E+00 
-2.390338E+00 2.151343E-01 -1.500000E+00 
-2.091546E+00 1.882425E-01 -1.750000E+00 
-1.792754E+00 1.613508E-01 -2.000000E+00 
-1.493961E+00 1.344590E-01 -2.250000E+00 
-1.195169E+00 1.075672E-01 -2.500000E+00 
-8.963769E-01 8.067538E-02 -2.750000E+00 
-5.975846E-01 5.378359E-02 -3.000000E+00 
-2.987923E-01 2.689179E-02 -3.250000E+00 
-0.000000E+00 0.000000E+00 -3.500000E+00 
-0.000000E+00 0.000000E+00 5.500000E+00 
-3.000000E-01 3.673819E-17 5.250000E+00 
-6.000000E-01 7.347638E-17 5.000000E+00 
-9.000000E-01 1.102146E-16 4.750000E+00 
-1.200000E+00 1.469528E-16 4.500000E+00 
-1.500000E+00 1.836910E-16 4.250000E+00 
-1.800000E+00 2.204291E-16 4.000000E+00 
-2.100000E+00 2.571673E-16 3.750000E+00 
-2.400000E+00 2.939055E-16 3.500000E+00 
-2.700000E+00 3.306437E-16 3.250000E+00 
-3.000000E+00 3.673819E-16 3.000000E+00 
-3.175000E+00 3.888125E-16 2.750000E+00 
-3.350000E+00 4.102431E-16 2.500000E+00 
-3.525000E+00 4.316737E-16 2.250000E+00 
-3.700000E+00 4.531044E-16 2.000000E+00 
-3.775000E+00 4.622889E-16 1.750000E+00 
-3.850000E+00 4.714734E-16 1.500000E+00 
-3.925000E+00 4.806580E-16 1.250000E+00 
-4.000000E+00 4.898425E-16 1.000000E+00 
-3.925000E+00 4.806580E-16 7.500000E-01 
-3.850000E+00 4.714734E-16 5.000000E-01 
-3.775000E+00 4.622889E-16 2.500000E-01 
-3.700000E+00 4.531044E-16 0.000000E+00 
-3.525000E+00 4.316737E-16 -2.500000E-01 
-3.350000E+00 4.102431E-16 -5.000000E-01 
-3.175000E+00 3.888125E-16 -7.500000E-01 
-3.000000E+00 3.673819E-16 -1.000000E+00 
-2.700000E+00 3.306437E-16 -1.250000E+00 
-2.400000E+00 2.939055E-16 -1.500000E+00 
-2.100000E+00 2.571673E-16 -1.750000E+00 
-1.800000E+00 2.204291E-16 -2.000000E+00 
-1.500000E+00 1.836910E-16 -2.250000E+00 
-1.200000E+00 1.469528E-16 -2.500000E+00 
-9.000000E-01 1.102146E-16 -2.750000E+00 
-6.000000E-01 7.347638E-17 -3.000000E+00 
-3.000000E-01 3.673819E-17 -3.250000E+00 
-0.000000E+00 0.000000E+00 -3.500000E+00 
1 2 39 38 
38 39 76 75 
75 76 113 112 
112 113 150 149 
149 150 187 186 
186 187 224 223 
223 224 261 260 
260 261 298 297 
297 298 335 334 
334 335 372 371 
371 372 409 408 
408 409 446 445 
445 446 483 482 
482 483 520 519 
519 520 557 556 
556 557 594 593 
593 594 631 630 
630 631 668 667 
667 668 705 704 
704 705 742 741 
741 742 779 778 
778 779 816 815 
815 816 853 852 
852 853 890 889 
889 890 927 926 
926 927 964 963 
963 964 1001 1000 
1000 1001 1038 1037 
1037 1038 1075 1074 
1074 1075 1112 1111 
1111 1112 1149 1148 
1148 1149 1186 1185 
1185 1186 1223 1222 
1222 1223 1260 1259 
1259 1260 1297 1296 
2 3 40 39 
39 40 77 76 
76 77 114 113 
113 114 151 150 
150 151 188 187 
187 188 225 224 
224 225 262 261 
261 262 299 298 
298 299 336 335 
335 336 373 372 
372 373 410 409 
409 410 447 446 
446 447 484 483 
483 484 521 520 
520 521 558 557 
557 558 595 594 
594 595 632 631 
631 632 669 668 
668 669 706 705 
705 706 743 742 
742 743 780 779 
779 780 817 816 
816 817 854 853 
853 854 891 890 
890 891 928 927 
927 928 965 964 
964 965 1002 1001 
1001 1002 1039 1038 
1038 1039 1076 1075 
1075 1076 1113 1112 
1112 1113 1150 1149 
1149 1150 1187 1186 
1186 1187 1224 1223 
1223 1224 1261 1260 
1260 1261 1298 1297 
3 4 41 40 
40 41 78 77 
77 78 115 114 
114 115 152 151 
151 152 189 188 
188 189 226 225 
225 226 263 262 
262 263 300 299 
299 300 337 336 
336 337 374 373 
373 374 411 410 
410 411 448 447 
447 448 485 484 
484 485 522 521 
521 522 559 558 
558 559 596 595 
595 596 633 632 
632 633 670 669 
669 670 707 706 
706 707 744 743 
743 744 781 780 
780 781 818 817 
817 818 855 854 
854 855 892 891 
891 892 929 928 
928 929 966 965 
965 966 1003 1002 
1002 1003 1040 1039 
1039 1040 1077 1076 
1076 1077 1114 1113 
1113 1114 1151 1150 
1150 1151 1188 1187 
1187 1188 1225 1224 
1224 1225 1262 1261 
1261 1262 1299 1298 
4 5 42 41 
41 42 79 78 
78 79 116 115 
115 116 153 152 
152 153 190 189 
189 190 227 226 
226 227 264 263 
263 264 301 300 
300 301 338 337 
337 338 375 374 
374 375 412 411 
411 412 449 448 
448 449 486 485 
485 486 523 522 
522 523 560 559 
559 560 597 596 
596 597 634 633 
633 634 671 670 
670 671 708 707 
707 708 745 744 
744 745 782 781 
781 782 819 818 
818 819 856 855 
855 856 893 892 
892 893 930 929 
929 930 967 966 
966 967 1004 1003 
1003 1004 1041 1040 
1040 1041 1078 1077 
1077 1078 1115 1114 
1114 1115 1152 1151 
1151 1152 1189 1188 
1188 1189 1226 1225 
1225 1226 1263 1262 
1262 1263 1300 1299 
5 6 43 42 
42 43 80 79 
79 80 117 116 
116 117 154 153 
153 154 191 190 
190 191 228 227 
227 228 265 264 
264 265 302 301 
301 302 339 338 
338 339 376 375 
375 376 413 412 
412 413 450 449 
449 450 487 486 
486 487 524 523 
523 524 561 560 
560 561 598 597 
597 598 635 634 
634 635 672 671 
671 672 709 708 
708 709 746 745 
745 746 783 782 
782 783 820 819 
819 820 857 856 
856 857 894 893 
893 894 931 930 
930 931 968 967 
967 968 1005 1004 
1004 1005 1042 1041 
1041 1042 1079 1078 
1078 1079 1116 1115 
1115 1116 1153 1152 
1152 1153 1190 1189 
1189 1190 1227 1226 
1226 1227 1264 1263 
1263 1264 1301 1300 
6 7 44 43 
43 44 81 80 
80 81 118 117 
117 118 155 154 
154 155 192 191 
191 192 229 228 
228 229 266 265 
265 266 303 302 
302 303 340 339 
339 340 377 376 
376 377 414 413 
413 414 451 450 
450 451 488 487 
487 488 525 524 
524 525 562 561 
561 562 599 598 
598 599 636 635 
635 636 673 672 
672 673 710 709 
709 710 747 746 
746 747 784 783 
783 784 821 820 
820 821 858 857 
857 858 895 894 
894 895 932 931 
931 932 969 968 
968 969 1006 1005 
1005 1006 1043 1042 
1042 1043 1080 1079 
1079 1080 1117 1116 
1116 1117 1154 1153 
1153 1154 1191 1190 
1190 1191 1228 1227 
1227 1228 1265 1264 
1264 1265 1302 1301 
7 8 45 44 
44 45 82 81 
81 82 119 118 
118 119 156 155 
155 156 193 192 
192 193 230 229 
229 230 267 266 
266 267 304 303 
303 304 341 340 
340 341 378 377 
377 378 415 414 
414 415 452 451 
451 452 489 488 
488 489 526 525 
525 526 563 562 
562 563 600 599 
599 600 637 636 
636 637 674 673 
673 674 711 710 
710 711 748 747 
747 748 785 784 
784 785 822 821 
821 822 859 858 
858 859 896 895 
895 896 933 932 
932 933 970 969 
969 970 1007 1006 
1006 1007 1044 1043 
1043 1044 1081 1080 
1080 1081 1118 1117 
1117 1118 1155 1154 
1154 1155 1192 1191 
1191 1192 1229 1228 
1228 1229 1266 1265 
1265 1266 1303 1302 
8 9 46 45 
45 46 83 82 
82 83 120 119 
119 120 157 156 
156 157 194 193 
193 194 231 230 
230 231 268 267 
267 268 305 304 
304 305 342 341 
341 342 379 378 
378 379 416 415 
415 416 453 452 
452 453 490 489 
489 490 527 526 
526 527 564 563 
563 564 601 600 
600 601 638 637 
637 638 675 674 
674 675 712 711 
711 712 749 748 
748 749 786 785 
785 786 823 822 
822 823 860 859 
859 860 897 896 
896 897 934 933 
933 934 971 970 
970 971 1008 1007 
1007 1008 1045 1044 
1044 1045 1082 1081 
1081 1082 1119 1118 
1118 1119 1156 1155 
1155 1156 1193 1192 
1192 1193 1230 1229 
1229 1230 1267 1266 
1266 1267 1304 1303 
9 10 47 46 
46 47 84 83 
83 84 121 120 
120 121 158 157 
157 158 195 194 
194 195 232 231 
231 232 269 268 
268 269 306 305 
305 306 343 342 
342 343 380 379 
379 380 417 416 
416 417 454 453 
453 454 491 490 
490 491 528 527 
527 528 565 564 
564 565 602 601 
601 602 639 638 
638 639 676 675 
675 676 713 712 
712 713 750 749 
749 750 787 786 
786 787 824 823 
823 824 861 860 
860 861 898 897 
897 898 935 934 
934 935 972 971 
971 972 1009 1008 
1008 1009 1046 1045 
1045 1046 1083 1082 
1082 1083 1120 1119 
1119 1120 1157 1156 
1156 1157 1194 1193 
1193 1194 1231 1230 
1230 1231 1268 1267 
1267 1268 1305 1304 
10 11 48 47 
47 48 85 84 
84 85 122 121 
121 122 159 158 
158 159 196 195 
195 196 233 232 
232 233 270 269 
269 270 307 306 
306 307 344 343 
343 344 381 380 
380 381 418 417 
417 418 455 454 
454 455 492 491 
491 492 529 528 
528 529 566 565 
565 566 603 602 
602 603 640 639 
639 640 677 676 
676 677 714 713 
713 714 751 750 
750 751 788 787 
787 788 825 824 
824 825 862 861 
861 862 899 898 
898 899 936 935 
935 936 973 972 
972 973 1010 1009 
1009 1010 1047 1046 
1046 1047 1084 1083 
1083 1084 1121 1120 
1120 1121 1158 1157 
1157 1158 1195 1194 
1194 1195 1232 1231 
1231 1232 1269 1268 
1268 1269 1306 1305 
11 12 49 48 
48 49 86 85 
85 86 123 122 
122 123 160 159 
159 160 197 196 
196 197 234 233 
233 234 271 270 
270 271 308 307 
307 308 345 344 
344 345 382 381 
381 382 419 418 
418 419 456 455 
455 456 493 492 
492 493 530 529 
529 530 567 566 
566 567 604 603 
603 604 641 640 
640 641 678 677 
677 678 715 714 
714 715 752 751 
751 752 789 788 
788 789 826 825 
825 826 863 862 
862 863 900 899 
899 900 937 936 
936 937 974 973 
973 974 1011 1010 
1010 1011 1048 1047 
1047 1048 1085 1084 
1084 1085 1122 1121 
1121 1122 1159 1158 
1158 1159 1196 1195 
1195 1196 1233 1232 
1232 1233 1270 1269 
1269 1270 1307 1306 
12 13 50 49 
49 50 87 86 
86 87 124 123 
123 124 161 160 
160 161 198 197 
197 198 235 234 
234 235 272 271 
271 272 309 308 
308 309 346 345 
345 346 383 382 
382 383 420 419 
419 420 457 456 
456 457 494 493 
493 494 531 530 
530 531 568 567 
567 568 605 604 
604 605 642 641 
641 642 679 678 
678 679 716 715 
715 716 753 752 
752 753 790 789 
789 790 827 826 
826 827 864 863 
863 864 901 900 
900 901 938 937 
937 938 975 974 
974 975 1012 1011 
1011 1012 1049 1048 
1048 1049 1086 1085 
1085 1086 1123 1122 
1122 1123 1160 1159 
1159 1160 1197 1196 
1196 1197 1234 1233 
1233 1234 1271 1270 
1270 1271 1308 1307 
13 14 51 50 
50 51 88 87 
87 88 125 124 
124 125 162 161 
161 162 199 198 
198 199 236 235 
235 236 273 272 
272 273 310 309 
309 310 347 346 
346 347 384 383 
383 384 421 420 
420 421 458 457 
457 458 495 494 
494 495 532 531 
531 532 569 568 
568 569 606 605 
605 606 643 642 
642 643 680 679 
679 680 717 716 
716 717 754 753 
753 754 791 790 
790 791 828 827 
827 828 865 864 
864 865 902 901 
901 902 939 938 
938 939 976 975 
975 976 1013 1012 
1012 1013 1050 1049 
1049 1050 1087 1086 
1086 1087 1124 1123 
1123 1124 1161 1160 
1160 1161 1198 1197 
1197 1198 1235 1234 
1234 1235 1272 1271 
1271 1272 1309 1308 
14 15 52 51 
51 52 89 88 
88 89 126 125 
125 126 163 162 
162 163 200 199 
199 200 237 236 
236 237 274 273 
273 274 311 310 
310 311 348 347 
347 348 385 384 
384 385 422 421 
421 422 459 458 
458 459 496 495 
495 496 533 532 
532 533 570 569 
569 570 607 606 
606 607 644 643 
643 644 681 680 
680 681 718 717 
717 718 755 754 
754 755 792 791 
791 792 829 828 
828 829 866 865 
865 866 903 902 
902 903 940 939 
939 940 977 976 
976 977 1014 1013 
1013 1014 1051 1050 
1050 1051 1088 1087 
1087 1088 1125 1124 
1124 1125 1162 1161 
1161 1162 1199 1198 
1198 1199 1236 1235 
1235 1236 1273 1272 
1272 1273 1310 1309 
15 16 53 52 
52 53 90 89 
89 90 127 126 
126 127 164 163 
163 164 201 200 
200 201 238 237 
237 238 275 274 
274 275 312 311 
311 312 349 348 
348 349 386 385 
385 386 423 422 
422 423 460 459 
459 460 497 496 
496 497 534 533 
533 534 571 570 
570 571 608 607 
607 608 645 644 
644 645 682 681 
681 682 719 718 
718 719 756 755 
755 756 793 792 
792 793 830 829 
829 830 867 866 
866 867 904 903 
903 904 941 940 
940 941 978 977 
977 978 1015 1014 
1014 1015 1052 1051 
1051 1052 1089 1088 
1088 1089 1126 1125 
1125 1126 1163 1162 
1162 1163 1200 1199 
1199 1200 1237 1236 
1236 1237 1274 1273 
1273 1274 1311 1310 
16 17 54 53 
53 54 91 90 
90 91 128 127 
127 128 165 164 
164 165 202 201 
201 202 239 238 
238 239 276 275 
275 276 313 312 
312 313 350 349 
349 350 387 386 
386 387 424 423 
423 424 461 460 
460 461 498 497 
497 498 535 534 
534 535 572 571 
571 572 609 608 
608 609 646 645 
645 646 683 682 
682 683 720 719 
719 720 757 756 
756 757 794 793 
793 794 831 830 
830 831 868 867 
867 868 905 904 
904 905 942 941 
941 942 979 978 
978 979 1016 1015 
1015 1016 1053 1052 
1052 1053 1090 1089 
1089 1090 1127 1126 
1126 1127 1164 1163 
1163 1164 1201 1200 
1200 1201 1238 1237 
1237 1238 1275 1274 
1274 1275 1312 1311 
17 18 55 54 
54 55 92 91 
91 92 129 128 
128 129 166 165 
165 166 203 202 
202 203 240 239 
239 240 277 276 
276 277 314 313 
313 314 351 350 
350 351 388 387 
387 388 425 424 
424 425 462 461 
461 462 499 498 
498 499 536 535 
535 536 573 572 
572 573 610 609 
609 610 647 646 
646 647 684 683 
683 684 721 720 
720 721 758 757 
757 758 795 794 
794 795 832 831 
831 832 869 868 
868 869 906 905 
905 906 943 942 
942 943 980 979 
979 980 1017 1016 
1016 1017 1054 1053 
1053 1054 1091 1090 
1090 1091 1128 1127 
1127 1128 1165 1164 
1164 1165 1202 1201 
1201 1202 1239 1238 
1238 1239 1276 1275 
1275 1276 1313 1312 
18 19 56 55 
55 56 93 92 
92 93 130 129 
129 130 167 166 
166 167 204 203 
203 204 241 240 
240 241 278 277 
277 278 315 314 
314 315 352 351 
351 352 389 388 
388 389 426 425 
425 426 463 462 
462 463 500 499 
499 500 537 536 
536 537 574 573 
573 574 611 610 
610 611 648 647 
647 648 685 684 
684 685 722 721 
721 722 759 758 
758 759 796 795 
795 796 833 832 
832 833 870 869 
869 870 907 906 
906 907 944 943 
943 944 981 980 
980 981 1018 1017 
1017 1018 1055 1054 
1054 1055 1092 1091 
1091 1092 1129 1128 
1128 1129 1166 1165 
1165 1166 1203 1202 
1202 1203 1240 1239 
1239 1240 1277 1276 
1276 1277 1314 1313 
19 20 57 56 
56 57 94 93 
93 94 131 130 
130 131 168 167 
167 168 205 204 
204 205 242 241 
241 242 279 278 
278 279 316 315 
315 316 353 352 
352 353 390 389 
389 390 427 426 
426 427 464 463 
463 464 501 500 
500 501 538 537 
537 538 575 574 
574 575 612 611 
611 612 649 648 
648 649 686 685 
685 686 723 722 
722 723 760 759 
759 760 797 796 
796 797 834 833 
833 834 871 870 
870 871 908 907 
907 908 945 944 
944 945 982 981 
981 982 1019 1018 
1018 1019 1056 1055 
1055 1056 1093 1092 
1092 1093 1130 1129 
1129 1130 1167 1166 
1166 1167 1204 1203 
1203 1204 1241 1240 
1240 1241 1278 1277 
1277 1278 1315 1314 
20 21 58 57 
57 58 95 94 
94 95 132 131 
131 132 169 168 
168 169 206 205 
205 206 243 242 
242 243 280 279 
279 280 317 316 
316 317 354 353 
353 354 391 390 
390 391 428 427 
427 428 465 464 
464 465 502 501 
501 502 539 538 
538 539 576 575 
575 576 613 612 
612 613 650 649 
649 650 687 686 
686 687 724 723 
723 724 761 760 
760 761 798 797 
797 798 835 834 
834 835 872 871 
871 872 909 908 
908 909 946 945 
945 946 983 982 
982 983 1020 1019 
1019 1020 1057 1056 
1056 1057 1094 1093 
1093 1094 1131 1130 
1130 1131 1168 1167 
1167 1168 1205 1204 
1204 1205 1242 1241 
1241 1242 1279 1278 
1278 1279 1316 1315 
21 22 59 58 
58 59 96 95 
95 96 133 132 
132 133 170 169 
169 170 207 206 
206 207 244 243 
243 244 281 280 
280 281 318 317 
317 318 355 354 
354 355 392 391 
391 392 429 428 
428 429 466 465 
465 466 503 502 
502 503 540 539 
539 540 577 576 
576 577 614 613 
613 614 651 650 
650 651 688 687 
687 688 725 724 
724 725 762 761 
761 762 799 798 
798 799 836 835 
835 836 873 872 
872 873 910 909 
909 910 947 946 
946 947 984 983 
983 984 1021 1020 
1020 1021 1058 1057 
1057 1058 1095 1094 
1094 1095 1132 1131 
1131 1132 1169 1168 
1168 1169 1206 1205 
1205 1206 1243 1242 
1242 1243 1280 1279 
1279 1280 1317 1316 
22 23 60 59 
59 60 97 96 
96 97 134 133 
133 134 171 170 
170 171 208 207 
207 208 245 244 
244 245 282 281 
281 282 319 318 
318 319 356 355 
355 356 393 392 
392 393 430 429 
429 430 467 466 
466 467 504 503 
503 504 541 540 
540 541 578 577 
577 578 615 614 
614 615 652 651 
651 652 689 688 
688 689 726 725 
725 726 763 762 
762 763 800 799 
799 800 837 836 
836 837 874 873 
873 874 911 910 
910 911 948 947 
947 948 985 984 
984 985 1022 1021 
1021 1022 1059 1058 
1058 1059 1096 1095 
1095 1096 1133 1132 
1132 1133 1170 1169 
1169 1170 1207 1206 
1206 1207 1244 1243 
1243 1244 1281 1280 
1280 1281 1318 1317 
23 24 61 60 
60 61 98 97 
97 98 135 134 
134 135 172 171 
171 172 209 208 
208 209 246 245 
245 246 283 282 
282 283 320 319 
319 320 357 356 
356 357 394 393 
393 394 431 430 
430 431 468 467 
467 468 505 504 
504 505 542 541 
541 542 579 578 
578 579 616 615 
615 616 653 652 
652 653 690 689 
689 690 727 726 
726 727 764 763 
763 764 801 800 
800 801 838 837 
837 838 875 874 
874 875 912 911 
911 912 949 948 
948 949 986 985 
985 986 1023 1022 
1022 1023 1060 1059 
1059 1060 1097 1096 
1096 1097 1134 1133 
1133 1134 1171 1170 
1170 1171 1208 1207 
1207 1208 1245 1244 
1244 1245 1282 1281 
1281 1282 1319 1318 
24 25 62 61 
61 62 99 98 
98 99 136 135 
135 136 173 172 
172 173 210 209 
209 210 247 246 
246 247 284 283 
283 284 321 320 
320 321 358 357 
357 358 395 394 
394 395 432 431 
431 432 469 468 
468 469 506 505 
505 506 543 542 
542 543 580 579 
579 580 617 616 
616 617 654 653 
653 654 691 690 
690 691 728 727 
727 728 765 764 
764 765 802 801 
801 802 839 838 
838 839 876 875 
875 876 913 912 
912 913 950 949 
949 950 987 986 
986 987 1024 1023 
1023 1024 1061 1060 
1060 1061 1098 1097 
1097 1098 1135 1134 
1134 1135 1172 1171 
1171 1172 1209 1208 
1208 1209 1246 1245 
1245 1246 1283 1282 
1282 1283 1320 1319 
25 26 63 62 
62 63 100 99 
99 100 137 136 
136 137 174 173 
173 174 211 210 
210 211 248 247 
247 248 285 284 
284 285 322 321 
321 322 359 358 
358 359 396 395 
395 396 433 432 
432 433 470 469 
469 470 507 506 
506 507 544 543 
543 544 581 580 
580 581 618 617 
617 618 655 654 
654 655 692 691 
691 692 729 728 
728 729 766 765 
765 766 803 802 
802 803 840 839 
839 840 877 876 
876 877 914 913 
913 914 951 950 
950 951 988 987 
987 988 1025 1024 
1024 1025 1062 1061 
1061 1062 1099 1098 
1098 1099 1136 1135 
1135 1136 1173 1172 
1172 1173 1210 1209 
1209 1210 1247 1246 
1246 1247 1284 1283 
1283 1284 1321 1320 
26 27 64 63 
63 64 101 100 
100 101 138 137 
137 138 175 174 
174 175 212 211 
211 212 249 248 
248 249 286 285 
285 286 323 322 
322 323 360 359 
359 360 397 396 
396 397 434 433 
433 434 471 470 
470 471 508 507 
507 508 545 544 
544 545 582 581 
581 582 619 618 
618 619 656 655 
655 656 693 692 
692 693 730 729 
729 730 767 766 
766 767 804 803 
803 804 841 840 
840 841 878 877 
877 878 915 914 
914 915 952 951 
951 952 989 988 
988 989 1026 1025 
1025 1026 1063 1062 
1062 1063 1100 1099 
1099 1100 1137 1136 
1136 1137 1174 1173 
1173 1174 1211 1210 
1210 1211 1248 1247 
1247 1248 1285 1284 
1284 1285 1322 1321 
27 28 65 64 
64 65 102 101 
101 102 139 138 
138 139 176 175 
175 176 213 212 
212 213 250 249 
249 250 287 286 
286 287 324 323 
323 324 361 360 
360 361 398 397 
397 398 435 434 
434 435 472 471 
471 472 509 508 
508 509 546 545 
545 546 583 582 
582 583 620 619 
619 620 657 656 
656 657 694 693 
693 694 731 730 
730 731 768 767 
767 768 805 804 
804 805 842 841 
841 842 879 878 
878 879 916 915 
915 916 953 952 
952 953 990 989 
989 990 1027 1026 
1026 1027 1064 1063 
1063 1064 1101 1100 
1100 1101 1138 1137 
1137 1138 1175 1174 
1174 1175 1212 1211 
1211 1212 1249 1248 
1248 1249 1286 1285 
1285 1286 1323 1322 
28 29 66 65 
65 66 103 102 
102 103 140 139 
139 140 177 176 
176 177 214 213 
213 214 251 250 
250 251 288 287 
287 288 325 324 
324 325 362 361 
361 362 399 398 
398 399 436 435 
435 436 473 472 
472 473 510 509 
509 510 547 546 
546 547 584 583 
583 584 621 620 
620 621 658 657 
657 658 695 694 
694 695 732 731 
731 732 769 768 
768 769 806 805 
805 806 843 842 
842 843 880 879 
879 880 917 916 
916 917 954 953 
953 954 991 990 
990 991 1028 1027 
1027 1028 1065 1064 
1064 1065 1102 1101 
1101 1102 1139 1138 
1138 1139 1176 1175 
1175 1176 1213 1212 
1212 1213 1250 1249 
1249 1250 1287 1286 
1286 1287 1324 1323 
29 30 67 66 
66 67 104 103 
103 104 141 140 
140 141 178 177 
177 178 215 214 
214 215 252 251 
251 252 289 288 
288 289 326 325 
325 326 363 362 
362 363 400 399 
399 400 437 436 
436 437 474 473 
473 474 511 510 
510 511 548 547 
547 548 585 584 
584 585 622 621 
621 622 659 658 
658 659 696 695 
695 696 733 732 
732 733 770 769 
769 770 807 806 
806 807 844 843 
843 844 881 880 
880 881 918 917 
917 918 955 954 
954 955 992 991 
991 992 1029 1028 
1028 1029 1066 1065 
1065 1066 1103 1102 
1102 1103 1140 1139 
1139 1140 1177 1176 
1176 1177 1214 1213 
1213 1214 1251 1250 
1250 1251 1288 1287 
1287 1288 1325 1324 
30 31 68 67 
67 68 105 104 
104 105 142 141 
141 142 179 178 
178 179 216 215 
215 216 253 252 
252 253 290 289 
289 290 327 326 
326 327 364 363 
363 364 401 400 
400 401 438 437 
437 438 475 474 
474 475 512 511 
511 512 549 548 
548 549 586 585 
585 586 623 622 
622 623 660 659 
659 660 697 696 
696 697 734 733 
733 734 771 770 
770 771 808 807 
807 808 845 844 
844 845 882 881 
881 882 919 918 
918 919 956 955 
955 956 993 992 
992 993 1030 1029 
1029 1030 1067 1066 
1066 1067 1104 1103 
1103 1104 1141 1140 
1140 1141 1178 1177 
1177 1178 1215 1214 
1214 1215 1252 1251 
1251 1252 1289 1288 
1288 1289 1326 1325 
31 32 69 68 
68 69 106 105 
105 106 143 142 
142 143 180 179 
179 180 217 216 
216 217 254 253 
253 254 291 290 
290 291 328 327 
327 328 365 364 
364 365 402 401 
401 402 439 438 
438 439 476 475 
475 476 513 512 
512 513 550 549 
549 550 587 586 
586 587 624 623 
623 624 661 660 
660 661 698 697 
697 698 735 734 
734 735 772 771 
771 772 809 808 
808 809 846 845 
845 846 883 882 
882 883 920 919 
919 920 957 956 
956 957 994 993 
993 994 1031 1030 
1030 1031 1068 1067 
1067 1068 1105 1104 
1104 1105 1142 1141 
1141 1142 1179 1178 
1178 1179 1216 1215 
1215 1216 1253 1252 
1252 1253 1290 1289 
1289 1290 1327 1326 
32 33 70 69 
69 70 107 106 
106 107 144 143 
143 144 181 180 
180 181 218 217 
217 218 255 254 
254 255 292 291 
291 292 329 328 
328 329 366 365 
365 366 403 402 
402 403 440 439 
439 440 477 476 
476 477 514 513 
513 514 551 550 
550 551 588 587 
587 588 625 624 
624 625 662 661 
661 662 699 698 
698 699 736 735 
735 736 773 772 
772 773 810 809 
809 810 847 846 
846 847 884 883 
883 884 921 920 
920 921 958 957 
957 958 995 994 
994 995 1032 1031 
1031 1032 1069 1068 
1068 1069 1106 1105 
1105 1106 1143 1142 
1142 1143 1180 1179 
1179 1180 1217 1216 
1216 1217 1254 1253 
1253 1254 1291 1290 
1290 1291 1328 1327 
33 34 71 70 
70 71 108 107 
107 108 145 144 
144 145 182 181 
181 182 219 218 
218 219 256 255 
255 256 293 292 
292 293 330 329 
329 330 367 366 
366 367 404 403 
403 404 441 440 
440 441 478 477 
477 478 515 514 
514 515 552 551 
551 552 589 588 
588 589 626 625 
625 626 663 662 
662 663 700 699 
699 700 737 736 
736 737 774 773 
773 774 811 810 
810 811 848 847 
847 848 885 884 
884 885 922 921 
921 922 959 958 
958 959 996 995 
995 996 1033 1032 
1032 1033 1070 1069 
1069 1070 1107 1106 
1106 1107 1144 1143 
1143 1144 1181 1180 
1180 1181 1218 1217 
1217 1218 1255 1254 
1254 1255 1292 1291 
1291 1292 1329 1328 
34 35 72 71 
71 72 109 108 
108 109 146 145 
145 146 183 182 
182 183 220 219 
219 220 257 256 
256 257 294 293 
293 294 331 330 
330 331 368 367 
367 368 405 404 
404 405 442 441 
441 442 479 478 
478 479 516 515 
515 516 553 552 
552 553 590 589 
589 590 627 626 
626 627 664 663 
663 664 701 700 
700 701 738 737 
737 738 775 774 
774 775 812 811 
811 812 849 848 
848 849 886 885 
885 886 923 922 
922 923 960 959 
959 960 997 996 
996 997 1034 1033 
1033 1034 1071 1070 
1070 1071 1108 1107 
1107 1108 1145 1144 
1144 1145 1182 1181 
1181 1182 1219 1218 
1218 1219 1256 1255 
1255 1256 1293 1292 
1292 1293 1330 1329 
35 36 73 72 
72 73 110 109 
109 110 147 146 
146 147 184 183 
183 184 221 220 
220 221 258 257 
257 258 295 294 
294 295 332 331 
331 332 369 368 
368 369 406 405 
405 406 443 442 
442 443 480 479 
479 480 517 516 
516 517 554 553 
553 554 591 590 
590 591 628 627 
627 628 665 664 
664 665 702 701 
701 702 739 738 
738 739 776 775 
775 776 813 812 
812 813 850 849 
849 850 887 886 
886 887 924 923 
923 924 961 960 
960 961 998 997 
997 998 1035 1034 
1034 1035 1072 1071 
1071 1072 1109 1108 
1108 1109 1146 1145 
1145 1146 1183 1182 
1182 1183 1220 1219 
1219 1220 1257 1256 
1256 1257 1294 1293 
1293 1294 1331 1330 
36 37 74 73 
73 74 111 110 
110 111 148 147 
147 148 185 184 
184 185 222 221 
221 222 259 258 
258 259 296 295 
295 296 333 332 
332 333 370 369 
369 370 407 406 
406 407 444 443 
443 444 481 480 
480 481 518 517 
517 518 555 554 
554 555 592 591 
591 592 629 628 
628 629 666 665 
665 666 703 702 
702 703 740 739 
739 740 777 776 
776 777 814 813 
813 814 851 850 
850 851 888 887 
887 888 925 924 
924 925 962 961 
961 962 999 998 
998 999 1036 1035 
1035 1036 1073 1072 
1072 1073 1110 1109 
1109 1110 1147 1146 
1146 1147 1184 1183 
1183 1184 1221 1220 
1220 1221 1258 1257 
1257 1258 1295 1294 
1294 1295 1332 1331 
