           3
  8.7118201E-02  8.6416773E-02  8.5019663E-02  8.2937740E-02  8.0188371E-02
  7.6793239E-02  7.2779767E-02  6.8180352E-02  6.3032150E-02  5.7376273E-02
  5.1258389E-02  4.4727832E-02  3.7837416E-02  3.0641973E-02  2.3199884E-02
  1.5571355E-02  7.8169992E-03  0.0000000E+00 -7.8169992E-03 -1.5571356E-02
 -2.3199884E-02 -3.0641973E-02 -3.7837416E-02 -4.4727832E-02 -5.1258385E-02
 -5.7376273E-02 -6.3032150E-02 -6.8180352E-02 -7.2779767E-02 -7.6793239E-02
 -8.0188371E-02 -8.2937732E-02 -8.5019663E-02 -8.6416773E-02 -8.7118201E-02
  8.8798925E-02  8.8083997E-02  8.6659826E-02  8.4537864E-02  8.1735507E-02
  7.8274764E-02  7.4183851E-02  6.9495767E-02  6.4248145E-02  5.8483243E-02
  5.2247260E-02  4.5590729E-02  3.8567394E-02  3.1233100E-02  2.3647636E-02
  1.5871616E-02  7.9678604E-03  0.0000000E+00 -7.9678604E-03 -1.5871616E-02
 -2.3647636E-02 -3.1233098E-02 -3.8567394E-02 -4.5590729E-02 -5.2247260E-02
 -5.8483247E-02 -6.4248152E-02 -6.9495767E-02 -7.4183851E-02 -7.8274757E-02
 -8.1735507E-02 -8.4537856E-02 -8.6659826E-02 -8.8083997E-02 -8.8798925E-02
  8.8798925E-02  8.8083997E-02  8.6659826E-02  8.4537856E-02  8.1735507E-02
  7.8274757E-02  7.4183851E-02  6.9495767E-02  6.4248152E-02  5.8483247E-02
  5.2247260E-02  4.5590729E-02  3.8567394E-02  3.1233098E-02  2.3647636E-02
  1.5871614E-02  7.9678604E-03  0.0000000E+00 -7.9678604E-03 -1.5871614E-02
 -2.3647636E-02 -3.1233100E-02 -3.8567394E-02 -4.5590729E-02 -5.2247260E-02
 -5.8483243E-02 -6.4248145E-02 -6.9495767E-02 -7.4183851E-02 -7.8274764E-02
 -8.1735507E-02 -8.4537864E-02 -8.6659826E-02 -8.8083997E-02 -8.8798925E-02
  8.7118201E-02  8.6416773E-02  8.5019663E-02  8.2937732E-02  8.0188371E-02
  7.6793239E-02  7.2779767E-02  6.8180352E-02  6.3032150E-02  5.7376266E-02
  5.1258385E-02  4.4727832E-02  3.7837416E-02  3.0641973E-02  2.3199884E-02
  1.5571356E-02  7.8169992E-03  0.0000000E+00 -7.8169992E-03 -1.5571355E-02
 -2.3199884E-02 -3.0641973E-02 -3.7837416E-02 -4.4727832E-02 -5.1258389E-02
 -5.7376273E-02 -6.3032150E-02 -6.8180352E-02 -7.2779767E-02 -7.6793239E-02
 -8.0188371E-02 -8.2937732E-02 -8.5019663E-02 -8.6416773E-02 -8.7118201E-02
  8.5437469E-02  8.4749565E-02  8.3379351E-02  8.1337735E-02  7.8641243E-02
  7.5311750E-02  7.1375638E-02  6.6865124E-02  6.1815981E-02  5.6269288E-02
  5.0269477E-02  4.3864995E-02  3.7107259E-02  3.0050874E-02  2.2752373E-02
  1.5270859E-02  7.6662595E-03  0.0000000E+00 -7.6662595E-03 -1.5270859E-02
 -2.2752373E-02 -3.0050874E-02 -3.7107259E-02 -4.3864995E-02 -5.0269477E-02
 -5.6269288E-02 -6.1815985E-02 -6.6865124E-02 -7.1375638E-02 -7.5311750E-02
 -7.8641243E-02 -8.1337735E-02 -8.3379351E-02 -8.4749565E-02 -8.5437462E-02
  8.3756737E-02  8.3082370E-02  8.1739068E-02  7.9737701E-02  7.7094257E-02
  7.3830128E-02  6.9971487E-02  6.5549754E-02  6.0599983E-02  5.5162281E-02
  4.9280588E-02  4.3002039E-02  3.6377344E-02  2.9459657E-02  2.2304865E-02
  1.4970362E-02  7.5155199E-03  0.0000000E+00 -7.5155199E-03 -1.4970362E-02
 -2.2304865E-02 -2.9459659E-02 -3.6377344E-02 -4.3002039E-02 -4.9280588E-02
 -5.5162281E-02 -6.0599983E-02 -6.5549761E-02 -6.9971487E-02 -7.3830128E-02
 -7.7094257E-02 -7.9737701E-02 -8.1739068E-02 -8.3082363E-02 -8.3756737E-02
  8.0955498E-02  8.0303699E-02  7.9005323E-02  7.7070840E-02  7.4515894E-02
  7.1360864E-02  6.7631371E-02  6.3357353E-02  5.8573276E-02  5.3317368E-02
  4.7632486E-02  4.1563779E-02  3.5160720E-02  2.8474391E-02  2.1558881E-02
  1.4469743E-02  7.2641373E-03  0.0000000E+00 -7.2641377E-03 -1.4469743E-02
 -2.1558881E-02 -2.8474391E-02 -3.5160720E-02 -4.1563779E-02 -4.7632486E-02
 -5.3317368E-02 -5.8573276E-02 -6.3357353E-02 -6.7631371E-02 -7.1360864E-02
 -7.4515894E-02 -7.7070840E-02 -7.9005323E-02 -8.0303706E-02 -8.0955505E-02
  7.7033781E-02  7.6413549E-02  7.5178072E-02  7.3337331E-02  7.0906125E-02
  6.7903996E-02  6.4355135E-02  6.0288087E-02  5.5735793E-02  5.0734460E-02
  4.5325011E-02  3.9550394E-02  3.3457372E-02  2.7094990E-02  2.0514639E-02
  1.3768733E-02  6.9122608E-03  0.0000000E+00 -6.9122608E-03 -1.3768733E-02
 -2.0514639E-02 -2.7094990E-02 -3.3457372E-02 -3.9550394E-02 -4.5325007E-02
 -5.0734460E-02 -5.5735789E-02 -6.0288087E-02 -6.4355135E-02 -6.7903996E-02
 -7.0906132E-02 -7.3337331E-02 -7.5178072E-02 -7.6413557E-02 -7.7033781E-02
  7.3112056E-02  7.2523393E-02  7.1350843E-02  6.9603831E-02  6.7296371E-02
  6.4447001E-02  6.1078873E-02  5.7218853E-02  5.2898403E-02  4.8151612E-02
  4.3017507E-02  3.7537005E-02  3.1754136E-02  2.5715472E-02  1.9470276E-02
  1.3067722E-02  6.5603852E-03  0.0000000E+00 -6.5603852E-03 -1.3067722E-02
 -1.9470274E-02 -2.5715472E-02 -3.1754136E-02 -3.7537009E-02 -4.3017507E-02
 -4.8151612E-02 -5.2898403E-02 -5.7218853E-02 -6.1078873E-02 -6.4447001E-02
 -6.7296371E-02 -6.9603823E-02 -7.1350843E-02 -7.2523393E-02 -7.3112056E-02
  6.9190331E-02  6.8633258E-02  6.7523591E-02  6.5870188E-02  6.3686624E-02
  6.0990132E-02  5.7802614E-02  5.4149631E-02  5.0060999E-02  4.5568764E-02
  4.0710121E-02  3.5523500E-02  3.0050755E-02  2.4336219E-02  1.8425761E-02
  1.2366741E-02  6.2085092E-03  0.0000000E+00 -6.2085092E-03 -1.2366741E-02
 -1.8425761E-02 -2.4336219E-02 -3.0050755E-02 -3.5523504E-02 -4.0710121E-02
 -4.5568764E-02 -5.0060999E-02 -5.4149631E-02 -5.7802614E-02 -6.0990132E-02
 -6.3686624E-02 -6.5870188E-02 -6.7523591E-02 -6.8633258E-02 -6.9190331E-02
  6.3867994E-02  6.3353792E-02  6.2329460E-02  6.0803246E-02  5.8787629E-02
  5.6298617E-02  5.3356260E-02  4.9984381E-02  4.6209991E-02  4.2063501E-02
  3.7578646E-02  3.2790869E-02  2.7739108E-02  2.2464367E-02  1.7008245E-02
  1.1415511E-02  5.7308674E-03  0.0000000E+00 -5.7308674E-03 -1.1415511E-02
 -1.7008245E-02 -2.2464365E-02 -2.7739108E-02 -3.2790869E-02 -3.7578642E-02
 -4.2063504E-02 -4.6209995E-02 -4.9984381E-02 -5.3356260E-02 -5.6298614E-02
 -5.8787629E-02 -6.0803249E-02 -6.2329471E-02 -6.3353784E-02 -6.3867994E-02
  5.7145048E-02  5.6684956E-02  5.5768479E-02  5.4402962E-02  5.2599430E-02
  5.0372358E-02  4.7739878E-02  4.4722889E-02  4.1345730E-02  3.7635881E-02
  3.3622891E-02  2.9339135E-02  2.4819344E-02  2.0099640E-02  1.5217871E-02
  1.0213882E-02  5.1276088E-03  0.0000000E+00 -5.1276092E-03 -1.0213882E-02
 -1.5217871E-02 -2.0099640E-02 -2.4819344E-02 -2.9339135E-02 -3.3622891E-02
 -3.7635881E-02 -4.1345734E-02 -4.4722889E-02 -4.7739875E-02 -5.0372358E-02
 -5.2599430E-02 -5.4402962E-02 -5.5768479E-02 -5.6684956E-02 -5.7145048E-02
  5.0422102E-02  5.0016154E-02  4.9207471E-02  4.8002616E-02  4.6411276E-02
  4.4446137E-02  4.2123500E-02  3.9461251E-02  3.6481619E-02  3.3208117E-02
  2.9667258E-02  2.5887519E-02  2.1899357E-02  1.7735004E-02  1.3427631E-02
  9.0121031E-03  4.5243800E-03  0.0000000E+00 -4.5243800E-03 -9.0121031E-03
 -1.3427631E-02 -1.7735004E-02 -2.1899357E-02 -2.5887519E-02 -2.9667256E-02
 -3.3208117E-02 -3.6481619E-02 -3.9461251E-02 -4.2123497E-02 -4.4446137E-02
 -4.6411276E-02 -4.8002612E-02 -4.9207471E-02 -5.0016157E-02 -5.0422102E-02
  4.3699160E-02  4.3347329E-02  4.2646471E-02  4.1602265E-02  4.0223099E-02
  3.8520020E-02  3.6506914E-02  3.4199882E-02  3.1617373E-02  2.8780369E-02
  2.5711622E-02  2.2435892E-02  1.8979371E-02  1.5370370E-02  1.1637256E-02
  7.8106071E-03  3.9211214E-03  0.0000000E+00 -3.9211209E-03 -7.8106071E-03
 -1.1637256E-02 -1.5370370E-02 -1.8979371E-02 -2.2435889E-02 -2.5711622E-02
 -2.8780371E-02 -3.1617373E-02 -3.4199882E-02 -3.6506910E-02 -3.8520016E-02
 -4.0223099E-02 -4.1602269E-02 -4.2646471E-02 -4.3347329E-02 -4.3699160E-02
  3.6976222E-02  3.6678486E-02  3.6085494E-02  3.5201911E-02  3.4034930E-02
  3.2593913E-02  3.0890401E-02  2.8938405E-02  2.6753113E-02  2.4352623E-02
  2.1755995E-02  1.8984139E-02  1.6059622E-02  1.3005614E-02  9.8468810E-03
  6.6091265E-03  3.3178625E-03  0.0000000E+00 -3.3178627E-03 -6.6091265E-03
 -9.8468801E-03 -1.3005614E-02 -1.6059622E-02 -1.8984139E-02 -2.1755993E-02
 -2.4352623E-02 -2.6753113E-02 -2.8938405E-02 -3.0890403E-02 -3.2593913E-02
 -3.4034934E-02 -3.5201915E-02 -3.6085490E-02 -3.6678486E-02 -3.6976226E-02
  3.0253276E-02  3.0009674E-02  2.9524492E-02  2.8801557E-02  2.7846768E-02
  2.6667738E-02  2.5274022E-02  2.3676798E-02  2.1888904E-02  1.9924872E-02
  1.7800400E-02  1.5532509E-02  1.3139620E-02  1.0640995E-02  8.0565074E-03
  5.4074968E-03  2.7146188E-03  0.0000000E+00 -2.7146190E-03 -5.4074968E-03
 -8.0565065E-03 -1.0640995E-02 -1.3139620E-02 -1.5532509E-02 -1.7800398E-02
 -1.9924873E-02 -2.1888904E-02 -2.3676798E-02 -2.5274022E-02 -2.6667738E-02
 -2.7846768E-02 -2.8801560E-02 -2.9524492E-02 -3.0009672E-02 -3.0253276E-02
  2.3530327E-02  2.3340862E-02  2.2963488E-02  2.2401212E-02  2.1658598E-02
  2.0741563E-02  1.9657575E-02  1.8415304E-02  1.7024720E-02  1.5497119E-02
  1.3844721E-02  1.2080892E-02  1.0219626E-02  8.2763582E-03  6.2661543E-03
  4.2058309E-03  2.1113756E-03  0.0000000E+00 -2.1113753E-03 -4.2058304E-03
 -6.2661543E-03 -8.2763582E-03 -1.0219627E-02 -1.2080893E-02 -1.3844721E-02
 -1.5497118E-02 -1.7024720E-02 -1.8415304E-02 -1.9657575E-02 -2.0741563E-02
 -2.1658603E-02 -2.2401216E-02 -2.2963488E-02 -2.3340862E-02 -2.3530323E-02
  1.6807374E-02  1.6672038E-02  1.6402500E-02  1.6000861E-02  1.5470424E-02
  1.4815412E-02  1.4041130E-02  1.3153773E-02  1.2160521E-02  1.1069369E-02
  9.8890848E-03  8.6291805E-03  7.2997953E-03  5.9116334E-03  4.4758762E-03
  3.0041190E-03  1.5081093E-03  0.0000000E+00 -1.5081093E-03 -3.0041188E-03
 -4.4758767E-03 -5.9116334E-03 -7.2997953E-03 -8.6291805E-03 -9.8890848E-03
 -1.1069369E-02 -1.2160521E-02 -1.3153773E-02 -1.4041130E-02 -1.4815411E-02
 -1.5470424E-02 -1.6000861E-02 -1.6402500E-02 -1.6672038E-02 -1.6807375E-02
  1.0084425E-02  1.0003225E-02  9.8414999E-03  9.6005136E-03  9.2822490E-03
  8.8892607E-03  8.4246788E-03  7.8922492E-03  7.2963238E-03  6.6416115E-03
  5.9334608E-03  5.1775044E-03  4.3798722E-03  3.5469867E-03  2.6855282E-03
  1.8024633E-03  9.0486184E-04  0.0000000E+00 -9.0486184E-04 -1.8024631E-03
 -2.6855282E-03 -3.5469867E-03 -4.3798718E-03 -5.1775053E-03 -5.9334598E-03
 -6.6416133E-03 -7.2963228E-03 -7.8922492E-03 -8.4246788E-03 -8.8892598E-03
 -9.2822490E-03 -9.6005127E-03 -9.8415017E-03 -1.0003225E-02 -1.0084425E-02
  3.3614747E-03  3.3344124E-03  3.2805002E-03  3.2001620E-03  3.0940874E-03
  2.9630868E-03  2.8082265E-03  2.6307497E-03  2.4321117E-03  2.2138637E-03
  1.9778237E-03  1.7258376E-03  1.4599524E-03  1.1823364E-03  8.9517608E-04
  6.0081109E-04  3.0162558E-04  0.0000000E+00 -3.0162558E-04 -6.0081109E-04
 -8.9517608E-04 -1.1823364E-03 -1.4599524E-03 -1.7258376E-03 -1.9778237E-03
 -2.2138637E-03 -2.4321117E-03 -2.6307497E-03 -2.8082265E-03 -2.9630868E-03
 -3.0940874E-03 -3.2001620E-03 -3.2805002E-03 -3.3344128E-03 -3.3614747E-03
  8.7118201E-02  8.6416773E-02  8.5019663E-02  8.2937740E-02  8.0188371E-02
  7.6793239E-02  7.2779767E-02  6.8180352E-02  6.3032150E-02  5.7376273E-02
  5.1258389E-02  4.4727832E-02  3.7837416E-02  3.0641973E-02  2.3199884E-02
  1.5571355E-02  7.8169992E-03  0.0000000E+00 -7.8169992E-03 -1.5571356E-02
 -2.3199884E-02 -3.0641973E-02 -3.7837416E-02 -4.4727832E-02 -5.1258385E-02
 -5.7376273E-02 -6.3032150E-02 -6.8180352E-02 -7.2779767E-02 -7.6793239E-02
 -8.0188371E-02 -8.2937732E-02 -8.5019663E-02 -8.6416773E-02 -8.7118201E-02
  8.8798925E-02  8.8083997E-02  8.6659826E-02  8.4537864E-02  8.1735507E-02
  7.8274764E-02  7.4183851E-02  6.9495767E-02  6.4248145E-02  5.8483243E-02
  5.2247260E-02  4.5590729E-02  3.8567394E-02  3.1233100E-02  2.3647636E-02
  1.5871616E-02  7.9678604E-03  0.0000000E+00 -7.9678604E-03 -1.5871616E-02
 -2.3647636E-02 -3.1233098E-02 -3.8567394E-02 -4.5590729E-02 -5.2247260E-02
 -5.8483247E-02 -6.4248152E-02 -6.9495767E-02 -7.4183851E-02 -7.8274757E-02
 -8.1735507E-02 -8.4537856E-02 -8.6659826E-02 -8.8083997E-02 -8.8798925E-02
  8.8798925E-02  8.8083997E-02  8.6659826E-02  8.4537856E-02  8.1735507E-02
  7.8274757E-02  7.4183851E-02  6.9495767E-02  6.4248152E-02  5.8483247E-02
  5.2247260E-02  4.5590729E-02  3.8567394E-02  3.1233098E-02  2.3647636E-02
  1.5871614E-02  7.9678604E-03  0.0000000E+00 -7.9678604E-03 -1.5871614E-02
 -2.3647636E-02 -3.1233100E-02 -3.8567394E-02 -4.5590729E-02 -5.2247260E-02
 -5.8483243E-02 -6.4248145E-02 -6.9495767E-02 -7.4183851E-02 -7.8274764E-02
 -8.1735507E-02 -8.4537864E-02 -8.6659826E-02 -8.8083997E-02 -8.8798925E-02
  8.7118201E-02  8.6416773E-02  8.5019663E-02  8.2937732E-02  8.0188371E-02
  7.6793239E-02  7.2779767E-02  6.8180352E-02  6.3032150E-02  5.7376266E-02
  5.1258385E-02  4.4727832E-02  3.7837416E-02  3.0641973E-02  2.3199884E-02
  1.5571356E-02  7.8169992E-03  0.0000000E+00 -7.8169992E-03 -1.5571355E-02
 -2.3199884E-02 -3.0641973E-02 -3.7837416E-02 -4.4727832E-02 -5.1258389E-02
 -5.7376273E-02 -6.3032150E-02 -6.8180352E-02 -7.2779767E-02 -7.6793239E-02
 -8.0188371E-02 -8.2937732E-02 -8.5019663E-02 -8.6416773E-02 -8.7118201E-02
  8.5437469E-02  8.4749565E-02  8.3379351E-02  8.1337735E-02  7.8641243E-02
  7.5311750E-02  7.1375638E-02  6.6865124E-02  6.1815981E-02  5.6269288E-02
  5.0269477E-02  4.3864995E-02  3.7107259E-02  3.0050874E-02  2.2752373E-02
  1.5270859E-02  7.6662595E-03  0.0000000E+00 -7.6662595E-03 -1.5270859E-02
 -2.2752373E-02 -3.0050874E-02 -3.7107259E-02 -4.3864995E-02 -5.0269477E-02
 -5.6269288E-02 -6.1815985E-02 -6.6865124E-02 -7.1375638E-02 -7.5311750E-02
 -7.8641243E-02 -8.1337735E-02 -8.3379351E-02 -8.4749565E-02 -8.5437462E-02
  8.3756737E-02  8.3082370E-02  8.1739068E-02  7.9737701E-02  7.7094257E-02
  7.3830128E-02  6.9971487E-02  6.5549754E-02  6.0599983E-02  5.5162281E-02
  4.9280588E-02  4.3002039E-02  3.6377344E-02  2.9459657E-02  2.2304865E-02
  1.4970362E-02  7.5155199E-03  0.0000000E+00 -7.5155199E-03 -1.4970362E-02
 -2.2304865E-02 -2.9459659E-02 -3.6377344E-02 -4.3002039E-02 -4.9280588E-02
 -5.5162281E-02 -6.0599983E-02 -6.5549761E-02 -6.9971487E-02 -7.3830128E-02
 -7.7094257E-02 -7.9737701E-02 -8.1739068E-02 -8.3082363E-02 -8.3756737E-02
  8.0955498E-02  8.0303699E-02  7.9005323E-02  7.7070840E-02  7.4515894E-02
  7.1360864E-02  6.7631371E-02  6.3357353E-02  5.8573276E-02  5.3317368E-02
  4.7632486E-02  4.1563779E-02  3.5160720E-02  2.8474391E-02  2.1558881E-02
  1.4469743E-02  7.2641373E-03  0.0000000E+00 -7.2641377E-03 -1.4469743E-02
 -2.1558881E-02 -2.8474391E-02 -3.5160720E-02 -4.1563779E-02 -4.7632486E-02
 -5.3317368E-02 -5.8573276E-02 -6.3357353E-02 -6.7631371E-02 -7.1360864E-02
 -7.4515894E-02 -7.7070840E-02 -7.9005323E-02 -8.0303706E-02 -8.0955505E-02
  7.7033781E-02  7.6413549E-02  7.5178072E-02  7.3337331E-02  7.0906125E-02
  6.7903996E-02  6.4355135E-02  6.0288087E-02  5.5735793E-02  5.0734460E-02
  4.5325011E-02  3.9550394E-02  3.3457372E-02  2.7094990E-02  2.0514639E-02
  1.3768733E-02  6.9122608E-03  0.0000000E+00 -6.9122608E-03 -1.3768733E-02
 -2.0514639E-02 -2.7094990E-02 -3.3457372E-02 -3.9550394E-02 -4.5325007E-02
 -5.0734460E-02 -5.5735789E-02 -6.0288087E-02 -6.4355135E-02 -6.7903996E-02
 -7.0906132E-02 -7.3337331E-02 -7.5178072E-02 -7.6413557E-02 -7.7033781E-02
  7.3112056E-02  7.2523393E-02  7.1350843E-02  6.9603831E-02  6.7296371E-02
  6.4447001E-02  6.1078873E-02  5.7218853E-02  5.2898403E-02  4.8151612E-02
  4.3017507E-02  3.7537005E-02  3.1754136E-02  2.5715472E-02  1.9470276E-02
  1.3067722E-02  6.5603852E-03  0.0000000E+00 -6.5603852E-03 -1.3067722E-02
 -1.9470274E-02 -2.5715472E-02 -3.1754136E-02 -3.7537009E-02 -4.3017507E-02
 -4.8151612E-02 -5.2898403E-02 -5.7218853E-02 -6.1078873E-02 -6.4447001E-02
 -6.7296371E-02 -6.9603823E-02 -7.1350843E-02 -7.2523393E-02 -7.3112056E-02
  6.9190331E-02  6.8633258E-02  6.7523591E-02  6.5870188E-02  6.3686624E-02
  6.0990132E-02  5.7802614E-02  5.4149631E-02  5.0060999E-02  4.5568764E-02
  4.0710121E-02  3.5523500E-02  3.0050755E-02  2.4336219E-02  1.8425761E-02
  1.2366741E-02  6.2085092E-03  0.0000000E+00 -6.2085092E-03 -1.2366741E-02
 -1.8425761E-02 -2.4336219E-02 -3.0050755E-02 -3.5523504E-02 -4.0710121E-02
 -4.5568764E-02 -5.0060999E-02 -5.4149631E-02 -5.7802614E-02 -6.0990132E-02
 -6.3686624E-02 -6.5870188E-02 -6.7523591E-02 -6.8633258E-02 -6.9190331E-02
  6.3867994E-02  6.3353792E-02  6.2329460E-02  6.0803246E-02  5.8787629E-02
  5.6298617E-02  5.3356260E-02  4.9984381E-02  4.6209991E-02  4.2063501E-02
  3.7578646E-02  3.2790869E-02  2.7739108E-02  2.2464367E-02  1.7008245E-02
  1.1415511E-02  5.7308674E-03  0.0000000E+00 -5.7308674E-03 -1.1415511E-02
 -1.7008245E-02 -2.2464365E-02 -2.7739108E-02 -3.2790869E-02 -3.7578642E-02
 -4.2063504E-02 -4.6209995E-02 -4.9984381E-02 -5.3356260E-02 -5.6298614E-02
 -5.8787629E-02 -6.0803249E-02 -6.2329471E-02 -6.3353784E-02 -6.3867994E-02
  5.7145048E-02  5.6684956E-02  5.5768479E-02  5.4402962E-02  5.2599430E-02
  5.0372358E-02  4.7739878E-02  4.4722889E-02  4.1345730E-02  3.7635881E-02
  3.3622891E-02  2.9339135E-02  2.4819344E-02  2.0099640E-02  1.5217871E-02
  1.0213882E-02  5.1276088E-03  0.0000000E+00 -5.1276092E-03 -1.0213882E-02
 -1.5217871E-02 -2.0099640E-02 -2.4819344E-02 -2.9339135E-02 -3.3622891E-02
 -3.7635881E-02 -4.1345734E-02 -4.4722889E-02 -4.7739875E-02 -5.0372358E-02
 -5.2599430E-02 -5.4402962E-02 -5.5768479E-02 -5.6684956E-02 -5.7145048E-02
  5.0422102E-02  5.0016154E-02  4.9207471E-02  4.8002616E-02  4.6411276E-02
  4.4446137E-02  4.2123500E-02  3.9461251E-02  3.6481619E-02  3.3208117E-02
  2.9667258E-02  2.5887519E-02  2.1899357E-02  1.7735004E-02  1.3427631E-02
  9.0121031E-03  4.5243800E-03  0.0000000E+00 -4.5243800E-03 -9.0121031E-03
 -1.3427631E-02 -1.7735004E-02 -2.1899357E-02 -2.5887519E-02 -2.9667256E-02
 -3.3208117E-02 -3.6481619E-02 -3.9461251E-02 -4.2123497E-02 -4.4446137E-02
 -4.6411276E-02 -4.8002612E-02 -4.9207471E-02 -5.0016157E-02 -5.0422102E-02
  4.3699160E-02  4.3347329E-02  4.2646471E-02  4.1602265E-02  4.0223099E-02
  3.8520020E-02  3.6506914E-02  3.4199882E-02  3.1617373E-02  2.8780369E-02
  2.5711622E-02  2.2435892E-02  1.8979371E-02  1.5370370E-02  1.1637256E-02
  7.8106071E-03  3.9211214E-03  0.0000000E+00 -3.9211209E-03 -7.8106071E-03
 -1.1637256E-02 -1.5370370E-02 -1.8979371E-02 -2.2435889E-02 -2.5711622E-02
 -2.8780371E-02 -3.1617373E-02 -3.4199882E-02 -3.6506910E-02 -3.8520016E-02
 -4.0223099E-02 -4.1602269E-02 -4.2646471E-02 -4.3347329E-02 -4.3699160E-02
  3.6976222E-02  3.6678486E-02  3.6085494E-02  3.5201911E-02  3.4034930E-02
  3.2593913E-02  3.0890401E-02  2.8938405E-02  2.6753113E-02  2.4352623E-02
  2.1755995E-02  1.8984139E-02  1.6059622E-02  1.3005614E-02  9.8468810E-03
  6.6091265E-03  3.3178625E-03  0.0000000E+00 -3.3178627E-03 -6.6091265E-03
 -9.8468801E-03 -1.3005614E-02 -1.6059622E-02 -1.8984139E-02 -2.1755993E-02
 -2.4352623E-02 -2.6753113E-02 -2.8938405E-02 -3.0890403E-02 -3.2593913E-02
 -3.4034934E-02 -3.5201915E-02 -3.6085490E-02 -3.6678486E-02 -3.6976226E-02
  3.0253276E-02  3.0009674E-02  2.9524492E-02  2.8801557E-02  2.7846768E-02
  2.6667738E-02  2.5274022E-02  2.3676798E-02  2.1888904E-02  1.9924872E-02
  1.7800400E-02  1.5532509E-02  1.3139620E-02  1.0640995E-02  8.0565074E-03
  5.4074968E-03  2.7146188E-03  0.0000000E+00 -2.7146190E-03 -5.4074968E-03
 -8.0565065E-03 -1.0640995E-02 -1.3139620E-02 -1.5532509E-02 -1.7800398E-02
 -1.9924873E-02 -2.1888904E-02 -2.3676798E-02 -2.5274022E-02 -2.6667738E-02
 -2.7846768E-02 -2.8801560E-02 -2.9524492E-02 -3.0009672E-02 -3.0253276E-02
  2.3530327E-02  2.3340862E-02  2.2963488E-02  2.2401212E-02  2.1658598E-02
  2.0741563E-02  1.9657575E-02  1.8415304E-02  1.7024720E-02  1.5497119E-02
  1.3844721E-02  1.2080892E-02  1.0219626E-02  8.2763582E-03  6.2661543E-03
  4.2058309E-03  2.1113756E-03  0.0000000E+00 -2.1113753E-03 -4.2058304E-03
 -6.2661543E-03 -8.2763582E-03 -1.0219627E-02 -1.2080893E-02 -1.3844721E-02
 -1.5497118E-02 -1.7024720E-02 -1.8415304E-02 -1.9657575E-02 -2.0741563E-02
 -2.1658603E-02 -2.2401216E-02 -2.2963488E-02 -2.3340862E-02 -2.3530323E-02
  1.6807374E-02  1.6672038E-02  1.6402500E-02  1.6000861E-02  1.5470424E-02
  1.4815412E-02  1.4041130E-02  1.3153773E-02  1.2160521E-02  1.1069369E-02
  9.8890848E-03  8.6291805E-03  7.2997953E-03  5.9116334E-03  4.4758762E-03
  3.0041190E-03  1.5081093E-03  0.0000000E+00 -1.5081093E-03 -3.0041188E-03
 -4.4758767E-03 -5.9116334E-03 -7.2997953E-03 -8.6291805E-03 -9.8890848E-03
 -1.1069369E-02 -1.2160521E-02 -1.3153773E-02 -1.4041130E-02 -1.4815411E-02
 -1.5470424E-02 -1.6000861E-02 -1.6402500E-02 -1.6672038E-02 -1.6807375E-02
  1.0084425E-02  1.0003225E-02  9.8414999E-03  9.6005136E-03  9.2822490E-03
  8.8892607E-03  8.4246788E-03  7.8922492E-03  7.2963238E-03  6.6416115E-03
  5.9334608E-03  5.1775044E-03  4.3798722E-03  3.5469867E-03  2.6855282E-03
  1.8024633E-03  9.0486184E-04  0.0000000E+00 -9.0486184E-04 -1.8024631E-03
 -2.6855282E-03 -3.5469867E-03 -4.3798718E-03 -5.1775053E-03 -5.9334598E-03
 -6.6416133E-03 -7.2963228E-03 -7.8922492E-03 -8.4246788E-03 -8.8892598E-03
 -9.2822490E-03 -9.6005127E-03 -9.8415017E-03 -1.0003225E-02 -1.0084425E-02
  3.3614747E-03  3.3344124E-03  3.2805002E-03  3.2001620E-03  3.0940874E-03
  2.9630868E-03  2.8082265E-03  2.6307497E-03  2.4321117E-03  2.2138637E-03
  1.9778237E-03  1.7258376E-03  1.4599524E-03  1.1823364E-03  8.9517608E-04
  6.0081109E-04  3.0162558E-04  0.0000000E+00 -3.0162558E-04 -6.0081109E-04
 -8.9517608E-04 -1.1823364E-03 -1.4599524E-03 -1.7258376E-03 -1.9778237E-03
 -2.2138637E-03 -2.4321117E-03 -2.6307497E-03 -2.8082265E-03 -2.9630868E-03
 -3.0940874E-03 -3.2001620E-03 -3.2805002E-03 -3.3344128E-03 -3.3614747E-03
  2.6135452E-02  2.6135463E-02  2.6135506E-02  2.6135454E-02  2.6135607E-02
  2.6135672E-02  2.6135638E-02  2.6135568E-02  2.6135657E-02  2.6135609E-02
  2.6135545E-02  2.6135501E-02  2.6135551E-02  2.6135536E-02  2.6135512E-02
  2.6135482E-02  2.6135501E-02  2.6135627E-02  2.6135501E-02  2.6135484E-02
  2.6135512E-02  2.6135536E-02  2.6135551E-02  2.6135501E-02  2.6135543E-02
  2.6135609E-02  2.6135659E-02  2.6135566E-02  2.6135638E-02  2.6135672E-02
  2.6135607E-02  2.6135452E-02  2.6135506E-02  2.6135463E-02  2.6135452E-02
  2.6639668E-02  2.6639562E-02  2.6639491E-02  2.6639465E-02  2.6639480E-02
  2.6639406E-02  2.6639538E-02  2.6639692E-02  2.6639707E-02  2.6639661E-02
  2.6639562E-02  2.6639666E-02  2.6639709E-02  2.6639484E-02  2.6639706E-02
  2.6639733E-02  2.6639562E-02  2.6639510E-02  2.6639564E-02  2.6639733E-02
  2.6639706E-02  2.6639482E-02  2.6639709E-02  2.6639666E-02  2.6639564E-02
  2.6639665E-02  2.6639709E-02  2.6639694E-02  2.6639538E-02  2.6639404E-02
  2.6639480E-02  2.6639463E-02  2.6639491E-02  2.6639562E-02  2.6639668E-02
 -2.6639665E-02 -2.6639562E-02 -2.6639491E-02 -2.6639463E-02 -2.6639480E-02
 -2.6639404E-02 -2.6639538E-02 -2.6639694E-02 -2.6639707E-02 -2.6639665E-02
 -2.6639562E-02 -2.6639666E-02 -2.6639709E-02 -2.6639482E-02 -2.6639709E-02
 -2.6639732E-02 -2.6639562E-02 -2.6639510E-02 -2.6639564E-02 -2.6639732E-02
 -2.6639706E-02 -2.6639484E-02 -2.6639709E-02 -2.6639666E-02 -2.6639564E-02
 -2.6639661E-02 -2.6639707E-02 -2.6639694E-02 -2.6639538E-02 -2.6639406E-02
 -2.6639480E-02 -2.6639465E-02 -2.6639491E-02 -2.6639562E-02 -2.6639665E-02
 -2.6135452E-02 -2.6135463E-02 -2.6135506E-02 -2.6135452E-02 -2.6135607E-02
 -2.6135672E-02 -2.6135638E-02 -2.6135566E-02 -2.6135657E-02 -2.6135607E-02
 -2.6135543E-02 -2.6135501E-02 -2.6135551E-02 -2.6135540E-02 -2.6135512E-02
 -2.6135484E-02 -2.6135501E-02 -2.6135629E-02 -2.6135501E-02 -2.6135482E-02
 -2.6135512E-02 -2.6135540E-02 -2.6135551E-02 -2.6135501E-02 -2.6135545E-02
 -2.6135609E-02 -2.6135657E-02 -2.6135566E-02 -2.6135638E-02 -2.6135674E-02
 -2.6135607E-02 -2.6135452E-02 -2.6135506E-02 -2.6135463E-02 -2.6135452E-02
 -2.5631191E-02 -2.5631279E-02 -2.5631292E-02 -2.5631143E-02 -2.5631199E-02
 -2.5631292E-02 -2.5631223E-02 -2.5631124E-02 -2.5631065E-02 -2.5631122E-02
 -2.5631214E-02 -2.5631264E-02 -2.5631355E-02 -2.5631424E-02 -2.5631234E-02
 -2.5631294E-02 -2.5631286E-02 -2.5631070E-02 -2.5631286E-02 -2.5631294E-02
 -2.5631234E-02 -2.5631424E-02 -2.5631355E-02 -2.5631266E-02 -2.5631214E-02
 -2.5631122E-02 -2.5631066E-02 -2.5631124E-02 -2.5631223E-02 -2.5631292E-02
 -2.5631199E-02 -2.5631143E-02 -2.5631292E-02 -2.5631279E-02 -2.5631189E-02
 -2.5127010E-02 -2.5127068E-02 -2.5127007E-02 -2.5127040E-02 -2.5126945E-02
 -2.5126811E-02 -2.5126956E-02 -2.5127193E-02 -2.5127150E-02 -2.5127107E-02
 -2.5127089E-02 -2.5127044E-02 -2.5126919E-02 -2.5126839E-02 -2.5127027E-02
 -2.5127027E-02 -2.5127066E-02 -2.5127174E-02 -2.5127068E-02 -2.5127027E-02
 -2.5127027E-02 -2.5126843E-02 -2.5126919E-02 -2.5127044E-02 -2.5127092E-02
 -2.5127109E-02 -2.5127150E-02 -2.5127193E-02 -2.5126956E-02 -2.5126811E-02
 -2.5126943E-02 -2.5127040E-02 -2.5127007E-02 -2.5127066E-02 -2.5127010E-02
 -5.6668948E-02 -5.6668818E-02 -5.6668784E-02 -5.6668893E-02 -5.6668948E-02
 -5.6668933E-02 -5.6668822E-02 -5.6668729E-02 -5.6668743E-02 -5.6668658E-02
 -5.6668688E-02 -5.6668781E-02 -5.6668945E-02 -5.6668997E-02 -5.6668848E-02
 -5.6668755E-02 -5.6668695E-02 -5.6668609E-02 -5.6668699E-02 -5.6668755E-02
 -5.6668848E-02 -5.6668997E-02 -5.6668945E-02 -5.6668781E-02 -5.6668680E-02
 -5.6668665E-02 -5.6668743E-02 -5.6668729E-02 -5.6668825E-02 -5.6668933E-02
 -5.6668948E-02 -5.6668893E-02 -5.6668784E-02 -5.6668822E-02 -5.6668952E-02
 -5.3923588E-02 -5.3923611E-02 -5.3923637E-02 -5.3923544E-02 -5.3923525E-02
 -5.3923603E-02 -5.3923614E-02 -5.3923637E-02 -5.3923670E-02 -5.3923652E-02
 -5.3923875E-02 -5.3923726E-02 -5.3923510E-02 -5.3923544E-02 -5.3923640E-02
 -5.3923551E-02 -5.3923670E-02 -5.3923707E-02 -5.3923670E-02 -5.3923551E-02
 -5.3923640E-02 -5.3923544E-02 -5.3923510E-02 -5.3923726E-02 -5.3923871E-02
 -5.3923652E-02 -5.3923674E-02 -5.3923637E-02 -5.3923607E-02 -5.3923607E-02
 -5.3923529E-02 -5.3923544E-02 -5.3923637E-02 -5.3923622E-02 -5.3923588E-02
 -5.1178493E-02 -5.1178548E-02 -5.1178563E-02 -5.1178526E-02 -5.1178586E-02
 -5.1178481E-02 -5.1178444E-02 -5.1178496E-02 -5.1178496E-02 -5.1178340E-02
 -5.1178347E-02 -5.1178411E-02 -5.1178444E-02 -5.1178385E-02 -5.1178601E-02
 -5.1178623E-02 -5.1178571E-02 -5.1178500E-02 -5.1178571E-02 -5.1178623E-02
 -5.1178597E-02 -5.1178385E-02 -5.1178444E-02 -5.1178411E-02 -5.1178347E-02
 -5.1178340E-02 -5.1178500E-02 -5.1178496E-02 -5.1178444E-02 -5.1178481E-02
 -5.1178582E-02 -5.1178522E-02 -5.1178563E-02 -5.1178548E-02 -5.1178493E-02
 -4.8433177E-02 -4.8433114E-02 -4.8433058E-02 -4.8433103E-02 -4.8433233E-02
 -4.8433241E-02 -4.8433214E-02 -4.8433207E-02 -4.8433281E-02 -4.8433289E-02
 -4.8433270E-02 -4.8433203E-02 -4.8433296E-02 -4.8433132E-02 -4.8433099E-02
 -4.8433173E-02 -4.8433263E-02 -4.8433296E-02 -4.8433267E-02 -4.8433173E-02
 -4.8433099E-02 -4.8433144E-02 -4.8433296E-02 -4.8433200E-02 -4.8433270E-02
 -4.8433289E-02 -4.8433281E-02 -4.8433211E-02 -4.8433214E-02 -4.8433241E-02
 -4.8433233E-02 -4.8433103E-02 -4.8433058E-02 -4.8433114E-02 -4.8433177E-02
 -7.6641545E-02 -7.6641575E-02 -7.6641619E-02 -7.6641649E-02 -7.6641724E-02
 -7.6641694E-02 -7.6641560E-02 -7.6641619E-02 -7.6641530E-02 -7.6641686E-02
 -7.6641515E-02 -7.6641731E-02 -7.6641470E-02 -7.6641664E-02 -7.6641664E-02
 -7.6641664E-02 -7.6641627E-02 -7.6641649E-02 -7.6641627E-02 -7.6641664E-02
 -7.6641664E-02 -7.6641664E-02 -7.6641470E-02 -7.6641724E-02 -7.6641515E-02
 -7.6641694E-02 -7.6641537E-02 -7.6641619E-02 -7.6641560E-02 -7.6641694E-02
 -7.6641724E-02 -7.6641664E-02 -7.6641627E-02 -7.6641575E-02 -7.6641537E-02
 -6.8574138E-02 -6.8574183E-02 -6.8574131E-02 -6.8574056E-02 -6.8574071E-02
 -6.8574071E-02 -6.8574131E-02 -6.8574041E-02 -6.8574101E-02 -6.8573914E-02
 -6.8573937E-02 -6.8574108E-02 -6.8574011E-02 -6.8574116E-02 -6.8573974E-02
 -6.8574019E-02 -6.8574078E-02 -6.8574056E-02 -6.8574078E-02 -6.8574019E-02
 -6.8573974E-02 -6.8574116E-02 -6.8574011E-02 -6.8574101E-02 -6.8573937E-02
 -6.8573914E-02 -6.8574108E-02 -6.8574041E-02 -6.8574123E-02 -6.8574071E-02
 -6.8574071E-02 -6.8574056E-02 -6.8574131E-02 -6.8574183E-02 -6.8574138E-02
 -6.0506500E-02 -6.0506508E-02 -6.0506519E-02 -6.0506593E-02 -6.0506534E-02
 -6.0506437E-02 -6.0506642E-02 -6.0506560E-02 -6.0506657E-02 -6.0506489E-02
 -6.0506638E-02 -6.0506508E-02 -6.0506552E-02 -6.0506646E-02 -6.0506504E-02
 -6.0506485E-02 -6.0506575E-02 -6.0506567E-02 -6.0506575E-02 -6.0506485E-02
 -6.0506504E-02 -6.0506646E-02 -6.0506556E-02 -6.0506508E-02 -6.0506627E-02
 -6.0506482E-02 -6.0506657E-02 -6.0506560E-02 -6.0506627E-02 -6.0506437E-02
 -6.0506534E-02 -6.0506590E-02 -6.0506523E-02 -6.0506511E-02 -6.0506500E-02
 -5.2438963E-02 -5.2439004E-02 -5.2439000E-02 -5.2438967E-02 -5.2438948E-02
 -5.2438952E-02 -5.2438859E-02 -5.2439056E-02 -5.2438863E-02 -5.2438937E-02
 -5.2439049E-02 -5.2439094E-02 -5.2438937E-02 -5.2439015E-02 -5.2439019E-02
 -5.2438948E-02 -5.2438833E-02 -5.2438814E-02 -5.2438829E-02 -5.2438945E-02
 -5.2439015E-02 -5.2439019E-02 -5.2438937E-02 -5.2439090E-02 -5.2439049E-02
 -5.2438941E-02 -5.2438863E-02 -5.2439056E-02 -5.2438851E-02 -5.2438945E-02
 -5.2438952E-02 -5.2438967E-02 -5.2439000E-02 -5.2439004E-02 -5.2438963E-02
 -4.4371527E-02 -4.4371516E-02 -4.4371489E-02 -4.4371497E-02 -4.4371538E-02
 -4.4371493E-02 -4.4371445E-02 -4.4371612E-02 -4.4371478E-02 -4.4371549E-02
 -4.4371556E-02 -4.4371448E-02 -4.4371508E-02 -4.4371441E-02 -4.4371426E-02
 -4.4371460E-02 -4.4371452E-02 -4.4371493E-02 -4.4371460E-02 -4.4371460E-02
 -4.4371422E-02 -4.4371445E-02 -4.4371508E-02 -4.4371448E-02 -4.4371556E-02
 -4.4371549E-02 -4.4371478E-02 -4.4371612E-02 -4.4371448E-02 -4.4371493E-02
 -4.4371542E-02 -4.4371497E-02 -4.4371493E-02 -4.4371516E-02 -4.4371523E-02
 -3.6303915E-02 -3.6303818E-02 -3.6303911E-02 -3.6303859E-02 -3.6303841E-02
 -3.6303826E-02 -3.6303926E-02 -3.6303863E-02 -3.6303833E-02 -3.6303915E-02
 -3.6303945E-02 -3.6303900E-02 -3.6303923E-02 -3.6303964E-02 -3.6303934E-02
 -3.6303986E-02 -3.6303926E-02 -3.6303949E-02 -3.6303923E-02 -3.6303986E-02
 -3.6303930E-02 -3.6303964E-02 -3.6303923E-02 -3.6303900E-02 -3.6303941E-02
 -3.6303919E-02 -3.6303833E-02 -3.6303863E-02 -3.6303923E-02 -3.6303826E-02
 -3.6303841E-02 -3.6303863E-02 -3.6303911E-02 -3.6303815E-02 -3.6303915E-02
 -2.8236384E-02 -2.8236382E-02 -2.8236419E-02 -2.8236333E-02 -2.8236395E-02
 -2.8236398E-02 -2.8236436E-02 -2.8236402E-02 -2.8236371E-02 -2.8236397E-02
 -2.8236382E-02 -2.8236430E-02 -2.8236341E-02 -2.8236391E-02 -2.8236352E-02
 -2.8236400E-02 -2.8236389E-02 -2.8236423E-02 -2.8236402E-02 -2.8236395E-02
 -2.8236354E-02 -2.8236393E-02 -2.8236344E-02 -2.8236434E-02 -2.8236385E-02
 -2.8236395E-02 -2.8236369E-02 -2.8236402E-02 -2.8236438E-02 -2.8236398E-02
 -2.8236400E-02 -2.8236333E-02 -2.8236419E-02 -2.8236380E-02 -2.8236382E-02
 -2.0168846E-02 -2.0168833E-02 -2.0168852E-02 -2.0168841E-02 -2.0168846E-02
 -2.0168843E-02 -2.0168852E-02 -2.0168846E-02 -2.0168837E-02 -2.0168854E-02
 -2.0168835E-02 -2.0168848E-02 -2.0168852E-02 -2.0168837E-02 -2.0168843E-02
 -2.0168850E-02 -2.0168837E-02 -2.0168865E-02 -2.0168852E-02 -2.0168848E-02
 -2.0168843E-02 -2.0168839E-02 -2.0168852E-02 -2.0168848E-02 -2.0168835E-02
 -2.0168854E-02 -2.0168837E-02 -2.0168846E-02 -2.0168852E-02 -2.0168841E-02
 -2.0168846E-02 -2.0168841E-02 -2.0168854E-02 -2.0168833E-02 -2.0168848E-02
 -1.2101310E-02 -1.2101304E-02 -1.2101314E-02 -1.2101298E-02 -1.2101299E-02
 -1.2101321E-02 -1.2101312E-02 -1.2101295E-02 -1.2101313E-02 -1.2101306E-02
 -1.2101311E-02 -1.2101312E-02 -1.2101307E-02 -1.2101303E-02 -1.2101294E-02
 -1.2101309E-02 -1.2101324E-02 -1.2101293E-02 -1.2101324E-02 -1.2101308E-02
 -1.2101295E-02 -1.2101301E-02 -1.2101307E-02 -1.2101314E-02 -1.2101309E-02
 -1.2101307E-02 -1.2101312E-02 -1.2101296E-02 -1.2101310E-02 -1.2101321E-02
 -1.2101298E-02 -1.2101295E-02 -1.2101313E-02 -1.2101303E-02 -1.2101309E-02
 -4.0337699E-03 -4.0337727E-03 -4.0337713E-03 -4.0337555E-03 -4.0337723E-03
 -4.0337793E-03 -4.0337667E-03 -4.0337676E-03 -4.0337704E-03 -4.0337658E-03
 -4.0337676E-03 -4.0337727E-03 -4.0337662E-03 -4.0337713E-03 -4.0337667E-03
 -4.0337672E-03 -4.0337793E-03 -4.0337541E-03 -4.0337797E-03 -4.0337672E-03
 -4.0337667E-03 -4.0337713E-03 -4.0337662E-03 -4.0337727E-03 -4.0337676E-03
 -4.0337658E-03 -4.0337709E-03 -4.0337676E-03 -4.0337667E-03 -4.0337793E-03
 -4.0337723E-03 -4.0337555E-03 -4.0337713E-03 -4.0337732E-03 -4.0337699E-03
  2.6135452E-02  2.6135463E-02  2.6135506E-02  2.6135454E-02  2.6135607E-02
  2.6135672E-02  2.6135638E-02  2.6135568E-02  2.6135657E-02  2.6135609E-02
  2.6135545E-02  2.6135501E-02  2.6135551E-02  2.6135536E-02  2.6135512E-02
  2.6135482E-02  2.6135501E-02  2.6135627E-02  2.6135501E-02  2.6135484E-02
  2.6135512E-02  2.6135536E-02  2.6135551E-02  2.6135501E-02  2.6135543E-02
  2.6135609E-02  2.6135659E-02  2.6135566E-02  2.6135638E-02  2.6135672E-02
  2.6135607E-02  2.6135452E-02  2.6135506E-02  2.6135463E-02  2.6135452E-02
  2.6639668E-02  2.6639562E-02  2.6639491E-02  2.6639465E-02  2.6639480E-02
  2.6639406E-02  2.6639538E-02  2.6639692E-02  2.6639707E-02  2.6639661E-02
  2.6639562E-02  2.6639666E-02  2.6639709E-02  2.6639484E-02  2.6639706E-02
  2.6639733E-02  2.6639562E-02  2.6639510E-02  2.6639564E-02  2.6639733E-02
  2.6639706E-02  2.6639482E-02  2.6639709E-02  2.6639666E-02  2.6639564E-02
  2.6639665E-02  2.6639709E-02  2.6639694E-02  2.6639538E-02  2.6639404E-02
  2.6639480E-02  2.6639463E-02  2.6639491E-02  2.6639562E-02  2.6639668E-02
 -2.6639665E-02 -2.6639562E-02 -2.6639491E-02 -2.6639463E-02 -2.6639480E-02
 -2.6639404E-02 -2.6639538E-02 -2.6639694E-02 -2.6639707E-02 -2.6639665E-02
 -2.6639562E-02 -2.6639666E-02 -2.6639709E-02 -2.6639482E-02 -2.6639709E-02
 -2.6639732E-02 -2.6639562E-02 -2.6639510E-02 -2.6639564E-02 -2.6639732E-02
 -2.6639706E-02 -2.6639484E-02 -2.6639709E-02 -2.6639666E-02 -2.6639564E-02
 -2.6639661E-02 -2.6639707E-02 -2.6639694E-02 -2.6639538E-02 -2.6639406E-02
 -2.6639480E-02 -2.6639465E-02 -2.6639491E-02 -2.6639562E-02 -2.6639665E-02
 -2.6135452E-02 -2.6135463E-02 -2.6135506E-02 -2.6135452E-02 -2.6135607E-02
 -2.6135672E-02 -2.6135638E-02 -2.6135566E-02 -2.6135657E-02 -2.6135607E-02
 -2.6135543E-02 -2.6135501E-02 -2.6135551E-02 -2.6135540E-02 -2.6135512E-02
 -2.6135484E-02 -2.6135501E-02 -2.6135629E-02 -2.6135501E-02 -2.6135482E-02
 -2.6135512E-02 -2.6135540E-02 -2.6135551E-02 -2.6135501E-02 -2.6135545E-02
 -2.6135609E-02 -2.6135657E-02 -2.6135566E-02 -2.6135638E-02 -2.6135674E-02
 -2.6135607E-02 -2.6135452E-02 -2.6135506E-02 -2.6135463E-02 -2.6135452E-02
 -2.5631191E-02 -2.5631279E-02 -2.5631292E-02 -2.5631143E-02 -2.5631199E-02
 -2.5631292E-02 -2.5631223E-02 -2.5631124E-02 -2.5631065E-02 -2.5631122E-02
 -2.5631214E-02 -2.5631264E-02 -2.5631355E-02 -2.5631424E-02 -2.5631234E-02
 -2.5631294E-02 -2.5631286E-02 -2.5631070E-02 -2.5631286E-02 -2.5631294E-02
 -2.5631234E-02 -2.5631424E-02 -2.5631355E-02 -2.5631266E-02 -2.5631214E-02
 -2.5631122E-02 -2.5631066E-02 -2.5631124E-02 -2.5631223E-02 -2.5631292E-02
 -2.5631199E-02 -2.5631143E-02 -2.5631292E-02 -2.5631279E-02 -2.5631189E-02
 -2.5127010E-02 -2.5127068E-02 -2.5127007E-02 -2.5127040E-02 -2.5126945E-02
 -2.5126811E-02 -2.5126956E-02 -2.5127193E-02 -2.5127150E-02 -2.5127107E-02
 -2.5127089E-02 -2.5127044E-02 -2.5126919E-02 -2.5126839E-02 -2.5127027E-02
 -2.5127027E-02 -2.5127066E-02 -2.5127174E-02 -2.5127068E-02 -2.5127027E-02
 -2.5127027E-02 -2.5126843E-02 -2.5126919E-02 -2.5127044E-02 -2.5127092E-02
 -2.5127109E-02 -2.5127150E-02 -2.5127193E-02 -2.5126956E-02 -2.5126811E-02
 -2.5126943E-02 -2.5127040E-02 -2.5127007E-02 -2.5127066E-02 -2.5127010E-02
 -5.6668948E-02 -5.6668818E-02 -5.6668784E-02 -5.6668893E-02 -5.6668948E-02
 -5.6668933E-02 -5.6668822E-02 -5.6668729E-02 -5.6668743E-02 -5.6668658E-02
 -5.6668688E-02 -5.6668781E-02 -5.6668945E-02 -5.6668997E-02 -5.6668848E-02
 -5.6668755E-02 -5.6668695E-02 -5.6668609E-02 -5.6668699E-02 -5.6668755E-02
 -5.6668848E-02 -5.6668997E-02 -5.6668945E-02 -5.6668781E-02 -5.6668680E-02
 -5.6668665E-02 -5.6668743E-02 -5.6668729E-02 -5.6668825E-02 -5.6668933E-02
 -5.6668948E-02 -5.6668893E-02 -5.6668784E-02 -5.6668822E-02 -5.6668952E-02
 -5.3923588E-02 -5.3923611E-02 -5.3923637E-02 -5.3923544E-02 -5.3923525E-02
 -5.3923603E-02 -5.3923614E-02 -5.3923637E-02 -5.3923670E-02 -5.3923652E-02
 -5.3923875E-02 -5.3923726E-02 -5.3923510E-02 -5.3923544E-02 -5.3923640E-02
 -5.3923551E-02 -5.3923670E-02 -5.3923707E-02 -5.3923670E-02 -5.3923551E-02
 -5.3923640E-02 -5.3923544E-02 -5.3923510E-02 -5.3923726E-02 -5.3923871E-02
 -5.3923652E-02 -5.3923674E-02 -5.3923637E-02 -5.3923607E-02 -5.3923607E-02
 -5.3923529E-02 -5.3923544E-02 -5.3923637E-02 -5.3923622E-02 -5.3923588E-02
 -5.1178493E-02 -5.1178548E-02 -5.1178563E-02 -5.1178526E-02 -5.1178586E-02
 -5.1178481E-02 -5.1178444E-02 -5.1178496E-02 -5.1178496E-02 -5.1178340E-02
 -5.1178347E-02 -5.1178411E-02 -5.1178444E-02 -5.1178385E-02 -5.1178601E-02
 -5.1178623E-02 -5.1178571E-02 -5.1178500E-02 -5.1178571E-02 -5.1178623E-02
 -5.1178597E-02 -5.1178385E-02 -5.1178444E-02 -5.1178411E-02 -5.1178347E-02
 -5.1178340E-02 -5.1178500E-02 -5.1178496E-02 -5.1178444E-02 -5.1178481E-02
 -5.1178582E-02 -5.1178522E-02 -5.1178563E-02 -5.1178548E-02 -5.1178493E-02
 -4.8433177E-02 -4.8433114E-02 -4.8433058E-02 -4.8433103E-02 -4.8433233E-02
 -4.8433241E-02 -4.8433214E-02 -4.8433207E-02 -4.8433281E-02 -4.8433289E-02
 -4.8433270E-02 -4.8433203E-02 -4.8433296E-02 -4.8433132E-02 -4.8433099E-02
 -4.8433173E-02 -4.8433263E-02 -4.8433296E-02 -4.8433267E-02 -4.8433173E-02
 -4.8433099E-02 -4.8433144E-02 -4.8433296E-02 -4.8433200E-02 -4.8433270E-02
 -4.8433289E-02 -4.8433281E-02 -4.8433211E-02 -4.8433214E-02 -4.8433241E-02
 -4.8433233E-02 -4.8433103E-02 -4.8433058E-02 -4.8433114E-02 -4.8433177E-02
 -7.6641545E-02 -7.6641575E-02 -7.6641619E-02 -7.6641649E-02 -7.6641724E-02
 -7.6641694E-02 -7.6641560E-02 -7.6641619E-02 -7.6641530E-02 -7.6641686E-02
 -7.6641515E-02 -7.6641731E-02 -7.6641470E-02 -7.6641664E-02 -7.6641664E-02
 -7.6641664E-02 -7.6641627E-02 -7.6641649E-02 -7.6641627E-02 -7.6641664E-02
 -7.6641664E-02 -7.6641664E-02 -7.6641470E-02 -7.6641724E-02 -7.6641515E-02
 -7.6641694E-02 -7.6641537E-02 -7.6641619E-02 -7.6641560E-02 -7.6641694E-02
 -7.6641724E-02 -7.6641664E-02 -7.6641627E-02 -7.6641575E-02 -7.6641537E-02
 -6.8574138E-02 -6.8574183E-02 -6.8574131E-02 -6.8574056E-02 -6.8574071E-02
 -6.8574071E-02 -6.8574131E-02 -6.8574041E-02 -6.8574101E-02 -6.8573914E-02
 -6.8573937E-02 -6.8574108E-02 -6.8574011E-02 -6.8574116E-02 -6.8573974E-02
 -6.8574019E-02 -6.8574078E-02 -6.8574056E-02 -6.8574078E-02 -6.8574019E-02
 -6.8573974E-02 -6.8574116E-02 -6.8574011E-02 -6.8574101E-02 -6.8573937E-02
 -6.8573914E-02 -6.8574108E-02 -6.8574041E-02 -6.8574123E-02 -6.8574071E-02
 -6.8574071E-02 -6.8574056E-02 -6.8574131E-02 -6.8574183E-02 -6.8574138E-02
 -6.0506500E-02 -6.0506508E-02 -6.0506519E-02 -6.0506593E-02 -6.0506534E-02
 -6.0506437E-02 -6.0506642E-02 -6.0506560E-02 -6.0506657E-02 -6.0506489E-02
 -6.0506638E-02 -6.0506508E-02 -6.0506552E-02 -6.0506646E-02 -6.0506504E-02
 -6.0506485E-02 -6.0506575E-02 -6.0506567E-02 -6.0506575E-02 -6.0506485E-02
 -6.0506504E-02 -6.0506646E-02 -6.0506556E-02 -6.0506508E-02 -6.0506627E-02
 -6.0506482E-02 -6.0506657E-02 -6.0506560E-02 -6.0506627E-02 -6.0506437E-02
 -6.0506534E-02 -6.0506590E-02 -6.0506523E-02 -6.0506511E-02 -6.0506500E-02
 -5.2438963E-02 -5.2439004E-02 -5.2439000E-02 -5.2438967E-02 -5.2438948E-02
 -5.2438952E-02 -5.2438859E-02 -5.2439056E-02 -5.2438863E-02 -5.2438937E-02
 -5.2439049E-02 -5.2439094E-02 -5.2438937E-02 -5.2439015E-02 -5.2439019E-02
 -5.2438948E-02 -5.2438833E-02 -5.2438814E-02 -5.2438829E-02 -5.2438945E-02
 -5.2439015E-02 -5.2439019E-02 -5.2438937E-02 -5.2439090E-02 -5.2439049E-02
 -5.2438941E-02 -5.2438863E-02 -5.2439056E-02 -5.2438851E-02 -5.2438945E-02
 -5.2438952E-02 -5.2438967E-02 -5.2439000E-02 -5.2439004E-02 -5.2438963E-02
 -4.4371527E-02 -4.4371516E-02 -4.4371489E-02 -4.4371497E-02 -4.4371538E-02
 -4.4371493E-02 -4.4371445E-02 -4.4371612E-02 -4.4371478E-02 -4.4371549E-02
 -4.4371556E-02 -4.4371448E-02 -4.4371508E-02 -4.4371441E-02 -4.4371426E-02
 -4.4371460E-02 -4.4371452E-02 -4.4371493E-02 -4.4371460E-02 -4.4371460E-02
 -4.4371422E-02 -4.4371445E-02 -4.4371508E-02 -4.4371448E-02 -4.4371556E-02
 -4.4371549E-02 -4.4371478E-02 -4.4371612E-02 -4.4371448E-02 -4.4371493E-02
 -4.4371542E-02 -4.4371497E-02 -4.4371493E-02 -4.4371516E-02 -4.4371523E-02
 -3.6303915E-02 -3.6303818E-02 -3.6303911E-02 -3.6303859E-02 -3.6303841E-02
 -3.6303826E-02 -3.6303926E-02 -3.6303863E-02 -3.6303833E-02 -3.6303915E-02
 -3.6303945E-02 -3.6303900E-02 -3.6303923E-02 -3.6303964E-02 -3.6303934E-02
 -3.6303986E-02 -3.6303926E-02 -3.6303949E-02 -3.6303923E-02 -3.6303986E-02
 -3.6303930E-02 -3.6303964E-02 -3.6303923E-02 -3.6303900E-02 -3.6303941E-02
 -3.6303919E-02 -3.6303833E-02 -3.6303863E-02 -3.6303923E-02 -3.6303826E-02
 -3.6303841E-02 -3.6303863E-02 -3.6303911E-02 -3.6303815E-02 -3.6303915E-02
 -2.8236384E-02 -2.8236382E-02 -2.8236419E-02 -2.8236333E-02 -2.8236395E-02
 -2.8236398E-02 -2.8236436E-02 -2.8236402E-02 -2.8236371E-02 -2.8236397E-02
 -2.8236382E-02 -2.8236430E-02 -2.8236341E-02 -2.8236391E-02 -2.8236352E-02
 -2.8236400E-02 -2.8236389E-02 -2.8236423E-02 -2.8236402E-02 -2.8236395E-02
 -2.8236354E-02 -2.8236393E-02 -2.8236344E-02 -2.8236434E-02 -2.8236385E-02
 -2.8236395E-02 -2.8236369E-02 -2.8236402E-02 -2.8236438E-02 -2.8236398E-02
 -2.8236400E-02 -2.8236333E-02 -2.8236419E-02 -2.8236380E-02 -2.8236382E-02
 -2.0168846E-02 -2.0168833E-02 -2.0168852E-02 -2.0168841E-02 -2.0168846E-02
 -2.0168843E-02 -2.0168852E-02 -2.0168846E-02 -2.0168837E-02 -2.0168854E-02
 -2.0168835E-02 -2.0168848E-02 -2.0168852E-02 -2.0168837E-02 -2.0168843E-02
 -2.0168850E-02 -2.0168837E-02 -2.0168865E-02 -2.0168852E-02 -2.0168848E-02
 -2.0168843E-02 -2.0168839E-02 -2.0168852E-02 -2.0168848E-02 -2.0168835E-02
 -2.0168854E-02 -2.0168837E-02 -2.0168846E-02 -2.0168852E-02 -2.0168841E-02
 -2.0168846E-02 -2.0168841E-02 -2.0168854E-02 -2.0168833E-02 -2.0168848E-02
 -1.2101310E-02 -1.2101304E-02 -1.2101314E-02 -1.2101298E-02 -1.2101299E-02
 -1.2101321E-02 -1.2101312E-02 -1.2101295E-02 -1.2101313E-02 -1.2101306E-02
 -1.2101311E-02 -1.2101312E-02 -1.2101307E-02 -1.2101303E-02 -1.2101294E-02
 -1.2101309E-02 -1.2101324E-02 -1.2101293E-02 -1.2101324E-02 -1.2101308E-02
 -1.2101295E-02 -1.2101301E-02 -1.2101307E-02 -1.2101314E-02 -1.2101309E-02
 -1.2101307E-02 -1.2101312E-02 -1.2101296E-02 -1.2101310E-02 -1.2101321E-02
 -1.2101298E-02 -1.2101295E-02 -1.2101313E-02 -1.2101303E-02 -1.2101309E-02
 -4.0337699E-03 -4.0337727E-03 -4.0337713E-03 -4.0337555E-03 -4.0337723E-03
 -4.0337793E-03 -4.0337667E-03 -4.0337676E-03 -4.0337704E-03 -4.0337658E-03
 -4.0337676E-03 -4.0337727E-03 -4.0337662E-03 -4.0337713E-03 -4.0337667E-03
 -4.0337672E-03 -4.0337793E-03 -4.0337541E-03 -4.0337797E-03 -4.0337672E-03
 -4.0337667E-03 -4.0337713E-03 -4.0337662E-03 -4.0337727E-03 -4.0337676E-03
 -4.0337658E-03 -4.0337709E-03 -4.0337676E-03 -4.0337667E-03 -4.0337793E-03
 -4.0337723E-03 -4.0337555E-03 -4.0337713E-03 -4.0337732E-03 -4.0337699E-03
  0.1490296      0.1478297      0.1454396      0.1418781      0.1371745    
  0.1313664      0.1245008      0.1166330      0.1078261      9.8150954E-02
  8.7685443E-02  7.6513924E-02  6.4726949E-02  5.2417848E-02  3.9686900E-02
  2.6637405E-02  1.3372109E-02 -4.8681399E-11 -1.3372106E-02 -2.6637407E-02
 -3.9686900E-02 -5.2417848E-02 -6.4726949E-02 -7.6513924E-02 -8.7685436E-02
 -9.8150961E-02 -0.1078261     -0.1166330     -0.1245008     -0.1313664    
 -0.1371745     -0.1418781     -0.1454396     -0.1478297     -0.1490296    
  0.1277118      0.1266840      0.1246360      0.1215842      0.1175539    
  0.1125767      0.1066926      9.9949650E-02  9.2402473E-02  8.4111527E-02
  7.5142898E-02  6.5569095E-02  5.5468243E-02  4.4920053E-02  3.4010354E-02
  2.2826694E-02  1.1459476E-02  0.0000000E+00 -1.1459474E-02 -2.2826694E-02
 -3.4010354E-02 -4.4920046E-02 -5.5468250E-02 -6.5569103E-02 -7.5142898E-02
 -8.4111534E-02 -9.2402495E-02 -9.9949643E-02 -0.1066926     -0.1125767    
 -0.1175539     -0.1215842     -0.1246360     -0.1266841     -0.1277118    
  0.3162828      0.3137359      0.3086631      0.3011051      0.2911236    
  0.2787970      0.2642267      0.2475292      0.2288383      0.2083047    
  0.1860934      0.1623846      0.1373687      0.1112455      8.4227830E-02
  5.6531381E-02  2.8379824E-02  0.0000000E+00 -2.8379828E-02 -5.6531381E-02
 -8.4227830E-02 -0.1112454     -0.1373687     -0.1623846     -0.1860934    
 -0.2083047     -0.2288383     -0.2475292     -0.2642267     -0.2787971    
 -0.2911236     -0.3011051     -0.3086631     -0.3137359     -0.3162828    
  0.2865614      0.2842542      0.2796587      0.2728105      0.2637674    
  0.2525998      0.2393980      0.2242688      0.2073347      0.1887304    
  0.1686065      0.1471252      0.1244601      0.1007920      7.6312527E-02
  5.1219366E-02  2.5712891E-02  9.7362805E-11 -2.5712891E-02 -5.1219370E-02
 -7.6312527E-02 -0.1007920     -0.1244601     -0.1471252     -0.1686065    
 -0.1887304     -0.2073346     -0.2242688     -0.2393981     -0.2525998    
 -0.2637674     -0.2728105     -0.2796587     -0.2842542     -0.2865614    
  0.2577556      0.2556807      0.2515469      0.2453870      0.2372523    
  0.2272077      0.2153328      0.2017246      0.1864918      0.1697582    
  0.1516577      0.1323361      0.1119489      9.0660512E-02  6.8641558E-02
  4.6070568E-02  2.3128329E-02  9.5483177E-11 -2.3128329E-02 -4.6070568E-02
 -6.8641558E-02 -9.0660512E-02 -0.1119489     -0.1323361     -0.1516577    
 -0.1697582     -0.1864918     -0.2017246     -0.2153328     -0.2272077    
 -0.2372523     -0.2453870     -0.2515469     -0.2556807     -0.2577556    
  0.2298660      0.2280155      0.2243287      0.2188361      0.2115810    
  0.2026223      0.1920331      0.1798983      0.1663139      0.1513903    
  0.1352482      0.1180170      9.9835560E-02  8.0850296E-02  6.1214529E-02
  4.1085459E-02  2.0625912E-02  0.0000000E+00 -2.0625912E-02 -4.1085456E-02
 -6.1214529E-02 -8.0850296E-02 -9.9835560E-02 -0.1180170     -0.1352482    
 -0.1513903     -0.1663139     -0.1798983     -0.1920331     -0.2026223    
 -0.2115810     -0.2188361     -0.2243287     -0.2280155     -0.2298661    
  0.3157400      0.3131974      0.3081334      0.3005891      0.2906244    
  0.2783194      0.2637733      0.2471036      0.2284448      0.2079462    
  0.1857739      0.1621056      0.1371326      0.1110550      8.4083080E-02
  5.6434266E-02  2.8331200E-02 -2.1110702E-10 -2.8331202E-02 -5.6434266E-02
 -8.4083073E-02 -0.1110550     -0.1371326     -0.1621056     -0.1857739    
 -0.2079462     -0.2284448     -0.2471037     -0.2637734     -0.2783194    
 -0.2906244     -0.3005890     -0.3081334     -0.3131974     -0.3157400    
  0.2717739      0.2695858      0.2652272      0.2587327      0.2501554    
  0.2395642      0.2270439      0.2126956      0.1966350      0.1789908    
  0.1599063      0.1395334      0.1180370      9.5590673E-02  7.2374977E-02
  4.8575938E-02  2.4386253E-02  1.0044073E-10 -2.4386257E-02 -4.8575938E-02
 -7.2374970E-02 -9.5590666E-02 -0.1180370     -0.1395334     -0.1599063    
 -0.1789908     -0.1966350     -0.2126956     -0.2270439     -0.2395642    
 -0.2501554     -0.2587327     -0.2652272     -0.2695858     -0.2717739    
  0.2307284      0.2288709      0.2251706      0.2196572      0.2123754    
  0.2033832      0.1927538      0.1805726      0.1669375      0.1519578    
  0.1357552      0.1184597      0.1002102      8.1153616E-02  6.1444387E-02
  4.1239668E-02  2.0703264E-02  1.9065477E-10 -2.0703264E-02 -4.1239671E-02
 -6.1444364E-02 -8.1153624E-02 -0.1002102     -0.1184597     -0.1357552    
 -0.1519578     -0.1669375     -0.1805725     -0.1927537     -0.2033831    
 -0.2123754     -0.2196571     -0.2251706     -0.2288709     -0.2307284    
  0.1926020      0.1910511      0.1879620      0.1833598      0.1772817    
  0.1697756      0.1609026      0.1507342      0.1393524      0.1268482    
  0.1133230      9.8885104E-02  8.3651245E-02  6.7743652E-02  5.1290844E-02
  3.4425013E-02  1.7282192E-02  0.0000000E+00 -1.7282194E-02 -3.4425009E-02
 -5.1290840E-02 -6.7743666E-02 -8.3651237E-02 -9.8885089E-02 -0.1133229    
 -0.1268482     -0.1393524     -0.1507342     -0.1609026     -0.1697756    
 -0.1772816     -0.1833598     -0.1879620     -0.1910511     -0.1926020    
  0.2422806      0.2403300      0.2364444      0.2306551      0.2230088    
  0.2135666      0.2024047      0.1896137      0.1752956      0.1595667    
  0.1425525      0.1243910      0.1052274      8.5217290E-02  6.4520575E-02
  4.3304510E-02  2.1739779E-02  0.0000000E+00 -2.1739779E-02 -4.3304503E-02
 -6.4520575E-02 -8.5217275E-02 -0.1052274     -0.1243910     -0.1425525    
 -0.1595667     -0.1752957     -0.1896137     -0.2024048     -0.2135666    
 -0.2230088     -0.2306551     -0.2364444     -0.2403300     -0.2422805    
  0.1819966      0.1805314      0.1776124      0.1732633      0.1675194    
  0.1604267      0.1520426      0.1424339      0.1316787      0.1198629    
  0.1070824      9.3439959E-02  7.9044804E-02  6.4013459E-02  4.8466466E-02
  3.2529429E-02  1.6330475E-02  1.2772913E-10 -1.6330475E-02 -3.2529429E-02
 -4.8466466E-02 -6.4013466E-02 -7.9044797E-02 -9.3439937E-02 -0.1070824    
 -0.1198629     -0.1316787     -0.1424339     -0.1520425     -0.1604267    
 -0.1675194     -0.1732633     -0.1776123     -0.1805314     -0.1819965    
  0.1299042      0.1288583      0.1267749      0.1236709      0.1195710    
  0.1145082      0.1085241      0.1016657      9.3988970E-02  8.5555129E-02
  7.6432921E-02  6.6694930E-02  5.6420177E-02  4.5691166E-02  3.4594141E-02
  2.3218684E-02  1.1656268E-02  1.1270226E-10 -1.1656269E-02 -2.3218680E-02
 -3.4594137E-02 -4.5691162E-02 -5.6420185E-02 -6.6694930E-02 -7.6432914E-02
 -8.5555129E-02 -9.3988970E-02 -0.1016657     -0.1085240     -0.1145082    
 -0.1195710     -0.1236709     -0.1267749     -0.1288583     -0.1299042    
  8.6004302E-02  8.5311942E-02  8.3932586E-02  8.1877418E-02  7.9163037E-02
  7.5811349E-02  7.1849085E-02  6.7308784E-02  6.2225994E-02  5.6642577E-02
  5.0603133E-02  4.4156134E-02  3.7353490E-02  3.0250203E-02  2.2903427E-02
  1.5372154E-02  7.7171111E-03  4.8837451E-11 -7.7171111E-03 -1.5372152E-02
 -2.2903426E-02 -3.0250207E-02 -3.7353497E-02 -4.4156134E-02 -5.0603133E-02
 -5.6642588E-02 -6.2225994E-02 -6.7308776E-02 -7.1849070E-02 -7.5811327E-02
 -7.9163045E-02 -8.1877425E-02 -8.3932586E-02 -8.5311934E-02 -8.6004309E-02
  5.0296839E-02  4.9891870E-02  4.9085148E-02  4.7883328E-02  4.6295993E-02
  4.4335779E-02  4.2018637E-02  3.9363358E-02  3.6390930E-02  3.3125628E-02
  2.9593581E-02  2.5823189E-02  2.1844922E-02  1.7690806E-02  1.3394304E-02
  8.9898147E-03  4.5131100E-03  8.2648346E-11 -4.5131119E-03 -8.9898128E-03
 -1.3394301E-02 -1.7690813E-02 -2.1844925E-02 -2.5823185E-02 -2.9593574E-02
 -3.3125635E-02 -3.6390930E-02 -3.9363366E-02 -4.2018648E-02 -4.4335771E-02
 -4.6295989E-02 -4.7883324E-02 -4.9085163E-02 -4.9891878E-02 -5.0296847E-02
  2.2781357E-02  2.2597829E-02  2.2232555E-02  2.1688141E-02  2.0969121E-02
  2.0081293E-02  1.9031899E-02  1.7829087E-02  1.6482804E-02  1.5003842E-02
  1.3404030E-02  1.1696324E-02  9.8944437E-03  8.0128498E-03  6.0668769E-03
  4.0717809E-03  2.0441629E-03 -3.3810687E-11 -2.0441625E-03 -4.0717800E-03
 -6.0668765E-03 -8.0128517E-03 -9.8944437E-03 -1.1696316E-02 -1.3404029E-02
 -1.5003842E-02 -1.6482804E-02 -1.7829081E-02 -1.9031880E-02 -2.0081285E-02
 -2.0969115E-02 -2.1688133E-02 -2.2232562E-02 -2.2597825E-02 -2.2781357E-02
  3.4582471E-03  3.4304152E-03  3.3749770E-03  3.2922635E-03  3.1831679E-03
  3.0484283E-03  2.8891268E-03  2.7064998E-03  2.5021376E-03  2.2776162E-03
  2.0347519E-03  1.7755068E-03  1.5020680E-03  1.2162987E-03  9.2103775E-04
  6.1801431E-04  3.1030001E-04  0.0000000E+00 -3.1030073E-04 -6.1801210E-04
 -9.2103938E-04 -1.2162975E-03 -1.5020715E-03 -1.7755058E-03 -2.0347510E-03
 -2.2776183E-03 -2.5021376E-03 -2.7064998E-03 -2.8891289E-03 -3.0484241E-03
 -3.1831774E-03 -3.2922570E-03 -3.3750010E-03 -3.4304084E-03 -3.4582424E-03
 -7.6726153E-03 -7.6108258E-03 -7.4877846E-03 -7.3044291E-03 -7.0622866E-03
 -6.7632729E-03 -6.4098146E-03 -6.0047260E-03 -5.5513084E-03 -5.0531914E-03
 -4.5143981E-03 -3.9392430E-03 -3.3323762E-03 -2.6986713E-03 -2.0432393E-03
 -1.3714075E-03 -6.8844651E-04  0.0000000E+00  6.8844593E-04  1.3714072E-03
  2.0432398E-03  2.6986729E-03  3.3323730E-03  3.9392440E-03  4.5143995E-03
  5.0531914E-03  5.5513084E-03  6.0047251E-03  6.4098146E-03  6.7632720E-03
  7.0622885E-03  7.3044291E-03  7.4877813E-03  7.6108240E-03  7.6726112E-03
 -1.0611217E-02 -1.0525782E-02 -1.0355608E-02 -1.0102026E-02 -9.7671449E-03
 -9.3536219E-03 -8.8647716E-03 -8.3045252E-03 -7.6774745E-03 -6.9885519E-03
 -6.2434170E-03 -5.4479698E-03 -4.6086665E-03 -3.7322801E-03 -2.8258148E-03
 -1.8966224E-03 -9.5212401E-04  2.8175517E-12  9.5212401E-04  1.8966232E-03
  2.8258162E-03  3.7322780E-03  4.6086684E-03  5.4479693E-03  6.2434217E-03
  6.9885603E-03  7.6774755E-03  8.3045214E-03  8.8647762E-03  9.3536256E-03
  9.7671440E-03  1.0102032E-02  1.0355607E-02  1.0525777E-02  1.0611217E-02
 -5.3575742E-03 -5.3144414E-03 -5.2285157E-03 -5.1004710E-03 -4.9314080E-03
 -4.7226162E-03 -4.4757985E-03 -4.1929316E-03 -3.8763410E-03 -3.5284907E-03
 -3.1522901E-03 -2.7506687E-03 -2.3268950E-03 -1.8844291E-03 -1.4267461E-03
 -9.5758069E-04 -4.8073608E-04  0.0000000E+00  4.8073608E-04  9.5758069E-04
  1.4267461E-03  1.8844291E-03  2.3268950E-03  2.7506687E-03  3.1522901E-03
  3.5284907E-03  3.8763410E-03  4.1929316E-03  4.4757985E-03  4.7226162E-03
  4.9314080E-03  5.1004710E-03  5.2285157E-03  5.3144419E-03  5.3575742E-03
  0.1490296      0.1478297      0.1454396      0.1418781      0.1371745    
  0.1313664      0.1245008      0.1166330      0.1078261      9.8150954E-02
  8.7685443E-02  7.6513924E-02  6.4726949E-02  5.2417848E-02  3.9686900E-02
  2.6637405E-02  1.3372109E-02 -4.8681399E-11 -1.3372106E-02 -2.6637407E-02
 -3.9686900E-02 -5.2417848E-02 -6.4726949E-02 -7.6513924E-02 -8.7685436E-02
 -9.8150961E-02 -0.1078261     -0.1166330     -0.1245008     -0.1313664    
 -0.1371745     -0.1418781     -0.1454396     -0.1478297     -0.1490296    
  0.1277118      0.1266840      0.1246360      0.1215842      0.1175539    
  0.1125767      0.1066926      9.9949650E-02  9.2402473E-02  8.4111527E-02
  7.5142898E-02  6.5569095E-02  5.5468243E-02  4.4920053E-02  3.4010354E-02
  2.2826694E-02  1.1459476E-02  0.0000000E+00 -1.1459474E-02 -2.2826694E-02
 -3.4010354E-02 -4.4920046E-02 -5.5468250E-02 -6.5569103E-02 -7.5142898E-02
 -8.4111534E-02 -9.2402495E-02 -9.9949643E-02 -0.1066926     -0.1125767    
 -0.1175539     -0.1215842     -0.1246360     -0.1266841     -0.1277118    
  0.3162828      0.3137359      0.3086631      0.3011051      0.2911236    
  0.2787970      0.2642267      0.2475292      0.2288383      0.2083047    
  0.1860934      0.1623846      0.1373687      0.1112455      8.4227830E-02
  5.6531381E-02  2.8379824E-02  0.0000000E+00 -2.8379828E-02 -5.6531381E-02
 -8.4227830E-02 -0.1112454     -0.1373687     -0.1623846     -0.1860934    
 -0.2083047     -0.2288383     -0.2475292     -0.2642267     -0.2787971    
 -0.2911236     -0.3011051     -0.3086631     -0.3137359     -0.3162828    
  0.2865614      0.2842542      0.2796587      0.2728105      0.2637674    
  0.2525998      0.2393980      0.2242688      0.2073347      0.1887304    
  0.1686065      0.1471252      0.1244601      0.1007920      7.6312527E-02
  5.1219366E-02  2.5712891E-02  9.7362805E-11 -2.5712891E-02 -5.1219370E-02
 -7.6312527E-02 -0.1007920     -0.1244601     -0.1471252     -0.1686065    
 -0.1887304     -0.2073346     -0.2242688     -0.2393981     -0.2525998    
 -0.2637674     -0.2728105     -0.2796587     -0.2842542     -0.2865614    
  0.2577556      0.2556807      0.2515469      0.2453870      0.2372523    
  0.2272077      0.2153328      0.2017246      0.1864918      0.1697582    
  0.1516577      0.1323361      0.1119489      9.0660512E-02  6.8641558E-02
  4.6070568E-02  2.3128329E-02  9.5483177E-11 -2.3128329E-02 -4.6070568E-02
 -6.8641558E-02 -9.0660512E-02 -0.1119489     -0.1323361     -0.1516577    
 -0.1697582     -0.1864918     -0.2017246     -0.2153328     -0.2272077    
 -0.2372523     -0.2453870     -0.2515469     -0.2556807     -0.2577556    
  0.2298660      0.2280155      0.2243287      0.2188361      0.2115810    
  0.2026223      0.1920331      0.1798983      0.1663139      0.1513903    
  0.1352482      0.1180170      9.9835560E-02  8.0850296E-02  6.1214529E-02
  4.1085459E-02  2.0625912E-02  0.0000000E+00 -2.0625912E-02 -4.1085456E-02
 -6.1214529E-02 -8.0850296E-02 -9.9835560E-02 -0.1180170     -0.1352482    
 -0.1513903     -0.1663139     -0.1798983     -0.1920331     -0.2026223    
 -0.2115810     -0.2188361     -0.2243287     -0.2280155     -0.2298661    
  0.3157400      0.3131974      0.3081334      0.3005891      0.2906244    
  0.2783194      0.2637733      0.2471036      0.2284448      0.2079462    
  0.1857739      0.1621056      0.1371326      0.1110550      8.4083080E-02
  5.6434266E-02  2.8331200E-02 -2.1110702E-10 -2.8331202E-02 -5.6434266E-02
 -8.4083073E-02 -0.1110550     -0.1371326     -0.1621056     -0.1857739    
 -0.2079462     -0.2284448     -0.2471037     -0.2637734     -0.2783194    
 -0.2906244     -0.3005890     -0.3081334     -0.3131974     -0.3157400    
  0.2717739      0.2695858      0.2652272      0.2587327      0.2501554    
  0.2395642      0.2270439      0.2126956      0.1966350      0.1789908    
  0.1599063      0.1395334      0.1180370      9.5590673E-02  7.2374977E-02
  4.8575938E-02  2.4386253E-02  1.0044073E-10 -2.4386257E-02 -4.8575938E-02
 -7.2374970E-02 -9.5590666E-02 -0.1180370     -0.1395334     -0.1599063    
 -0.1789908     -0.1966350     -0.2126956     -0.2270439     -0.2395642    
 -0.2501554     -0.2587327     -0.2652272     -0.2695858     -0.2717739    
  0.2307284      0.2288709      0.2251706      0.2196572      0.2123754    
  0.2033832      0.1927538      0.1805726      0.1669375      0.1519578    
  0.1357552      0.1184597      0.1002102      8.1153616E-02  6.1444387E-02
  4.1239668E-02  2.0703264E-02  1.9065477E-10 -2.0703264E-02 -4.1239671E-02
 -6.1444364E-02 -8.1153624E-02 -0.1002102     -0.1184597     -0.1357552    
 -0.1519578     -0.1669375     -0.1805725     -0.1927537     -0.2033831    
 -0.2123754     -0.2196571     -0.2251706     -0.2288709     -0.2307284    
  0.1926020      0.1910511      0.1879620      0.1833598      0.1772817    
  0.1697756      0.1609026      0.1507342      0.1393524      0.1268482    
  0.1133230      9.8885104E-02  8.3651245E-02  6.7743652E-02  5.1290844E-02
  3.4425013E-02  1.7282192E-02  0.0000000E+00 -1.7282194E-02 -3.4425009E-02
 -5.1290840E-02 -6.7743666E-02 -8.3651237E-02 -9.8885089E-02 -0.1133229    
 -0.1268482     -0.1393524     -0.1507342     -0.1609026     -0.1697756    
 -0.1772816     -0.1833598     -0.1879620     -0.1910511     -0.1926020    
  0.2422806      0.2403300      0.2364444      0.2306551      0.2230088    
  0.2135666      0.2024047      0.1896137      0.1752956      0.1595667    
  0.1425525      0.1243910      0.1052274      8.5217290E-02  6.4520575E-02
  4.3304510E-02  2.1739779E-02  0.0000000E+00 -2.1739779E-02 -4.3304503E-02
 -6.4520575E-02 -8.5217275E-02 -0.1052274     -0.1243910     -0.1425525    
 -0.1595667     -0.1752957     -0.1896137     -0.2024048     -0.2135666    
 -0.2230088     -0.2306551     -0.2364444     -0.2403300     -0.2422805    
  0.1819966      0.1805314      0.1776124      0.1732633      0.1675194    
  0.1604267      0.1520426      0.1424339      0.1316787      0.1198629    
  0.1070824      9.3439959E-02  7.9044804E-02  6.4013459E-02  4.8466466E-02
  3.2529429E-02  1.6330475E-02  1.2772913E-10 -1.6330475E-02 -3.2529429E-02
 -4.8466466E-02 -6.4013466E-02 -7.9044797E-02 -9.3439937E-02 -0.1070824    
 -0.1198629     -0.1316787     -0.1424339     -0.1520425     -0.1604267    
 -0.1675194     -0.1732633     -0.1776123     -0.1805314     -0.1819965    
  0.1299042      0.1288583      0.1267749      0.1236709      0.1195710    
  0.1145082      0.1085241      0.1016657      9.3988970E-02  8.5555129E-02
  7.6432921E-02  6.6694930E-02  5.6420177E-02  4.5691166E-02  3.4594141E-02
  2.3218684E-02  1.1656268E-02  1.1270226E-10 -1.1656269E-02 -2.3218680E-02
 -3.4594137E-02 -4.5691162E-02 -5.6420185E-02 -6.6694930E-02 -7.6432914E-02
 -8.5555129E-02 -9.3988970E-02 -0.1016657     -0.1085240     -0.1145082    
 -0.1195710     -0.1236709     -0.1267749     -0.1288583     -0.1299042    
  8.6004302E-02  8.5311942E-02  8.3932586E-02  8.1877418E-02  7.9163037E-02
  7.5811349E-02  7.1849085E-02  6.7308784E-02  6.2225994E-02  5.6642577E-02
  5.0603133E-02  4.4156134E-02  3.7353490E-02  3.0250203E-02  2.2903427E-02
  1.5372154E-02  7.7171111E-03  4.8837451E-11 -7.7171111E-03 -1.5372152E-02
 -2.2903426E-02 -3.0250207E-02 -3.7353497E-02 -4.4156134E-02 -5.0603133E-02
 -5.6642588E-02 -6.2225994E-02 -6.7308776E-02 -7.1849070E-02 -7.5811327E-02
 -7.9163045E-02 -8.1877425E-02 -8.3932586E-02 -8.5311934E-02 -8.6004309E-02
  5.0296839E-02  4.9891870E-02  4.9085148E-02  4.7883328E-02  4.6295993E-02
  4.4335779E-02  4.2018637E-02  3.9363358E-02  3.6390930E-02  3.3125628E-02
  2.9593581E-02  2.5823189E-02  2.1844922E-02  1.7690806E-02  1.3394304E-02
  8.9898147E-03  4.5131100E-03  8.2648346E-11 -4.5131119E-03 -8.9898128E-03
 -1.3394301E-02 -1.7690813E-02 -2.1844925E-02 -2.5823185E-02 -2.9593574E-02
 -3.3125635E-02 -3.6390930E-02 -3.9363366E-02 -4.2018648E-02 -4.4335771E-02
 -4.6295989E-02 -4.7883324E-02 -4.9085163E-02 -4.9891878E-02 -5.0296847E-02
  2.2781357E-02  2.2597829E-02  2.2232555E-02  2.1688141E-02  2.0969121E-02
  2.0081293E-02  1.9031899E-02  1.7829087E-02  1.6482804E-02  1.5003842E-02
  1.3404030E-02  1.1696324E-02  9.8944437E-03  8.0128498E-03  6.0668769E-03
  4.0717809E-03  2.0441629E-03 -3.3810687E-11 -2.0441625E-03 -4.0717800E-03
 -6.0668765E-03 -8.0128517E-03 -9.8944437E-03 -1.1696316E-02 -1.3404029E-02
 -1.5003842E-02 -1.6482804E-02 -1.7829081E-02 -1.9031880E-02 -2.0081285E-02
 -2.0969115E-02 -2.1688133E-02 -2.2232562E-02 -2.2597825E-02 -2.2781357E-02
  3.4582471E-03  3.4304152E-03  3.3749770E-03  3.2922635E-03  3.1831679E-03
  3.0484283E-03  2.8891268E-03  2.7064998E-03  2.5021376E-03  2.2776162E-03
  2.0347519E-03  1.7755068E-03  1.5020680E-03  1.2162987E-03  9.2103775E-04
  6.1801431E-04  3.1030001E-04  0.0000000E+00 -3.1030073E-04 -6.1801210E-04
 -9.2103938E-04 -1.2162975E-03 -1.5020715E-03 -1.7755058E-03 -2.0347510E-03
 -2.2776183E-03 -2.5021376E-03 -2.7064998E-03 -2.8891289E-03 -3.0484241E-03
 -3.1831774E-03 -3.2922570E-03 -3.3750010E-03 -3.4304084E-03 -3.4582424E-03
 -7.6726153E-03 -7.6108258E-03 -7.4877846E-03 -7.3044291E-03 -7.0622866E-03
 -6.7632729E-03 -6.4098146E-03 -6.0047260E-03 -5.5513084E-03 -5.0531914E-03
 -4.5143981E-03 -3.9392430E-03 -3.3323762E-03 -2.6986713E-03 -2.0432393E-03
 -1.3714075E-03 -6.8844651E-04  0.0000000E+00  6.8844593E-04  1.3714072E-03
  2.0432398E-03  2.6986729E-03  3.3323730E-03  3.9392440E-03  4.5143995E-03
  5.0531914E-03  5.5513084E-03  6.0047251E-03  6.4098146E-03  6.7632720E-03
  7.0622885E-03  7.3044291E-03  7.4877813E-03  7.6108240E-03  7.6726112E-03
 -1.0611217E-02 -1.0525782E-02 -1.0355608E-02 -1.0102026E-02 -9.7671449E-03
 -9.3536219E-03 -8.8647716E-03 -8.3045252E-03 -7.6774745E-03 -6.9885519E-03
 -6.2434170E-03 -5.4479698E-03 -4.6086665E-03 -3.7322801E-03 -2.8258148E-03
 -1.8966224E-03 -9.5212401E-04  2.8175517E-12  9.5212401E-04  1.8966232E-03
  2.8258162E-03  3.7322780E-03  4.6086684E-03  5.4479693E-03  6.2434217E-03
  6.9885603E-03  7.6774755E-03  8.3045214E-03  8.8647762E-03  9.3536256E-03
  9.7671440E-03  1.0102032E-02  1.0355607E-02  1.0525777E-02  1.0611217E-02
 -5.3575742E-03 -5.3144414E-03 -5.2285157E-03 -5.1004710E-03 -4.9314080E-03
 -4.7226162E-03 -4.4757985E-03 -4.1929316E-03 -3.8763410E-03 -3.5284907E-03
 -3.1522901E-03 -2.7506687E-03 -2.3268950E-03 -1.8844291E-03 -1.4267461E-03
 -9.5758069E-04 -4.8073608E-04  0.0000000E+00  4.8073608E-04  9.5758069E-04
  1.4267461E-03  1.8844291E-03  2.3268950E-03  2.7506687E-03  3.1522901E-03
  3.5284907E-03  3.8763410E-03  4.1929316E-03  4.4757985E-03  4.7226162E-03
  4.9314080E-03  5.1004710E-03  5.2285157E-03  5.3144419E-03  5.3575742E-03
