1550 
1470 
9.184548E-18 0.000000E+00 1.890000E-01 
5.385165E-02 0.000000E+00 1.790000E-01 
7.483315E-02 0.000000E+00 1.690000E-01 
9.000000E-02 0.000000E+00 1.590000E-01 
1.019804E-01 0.000000E+00 1.490000E-01 
1.118034E-01 0.000000E+00 1.390000E-01 
1.200000E-01 0.000000E+00 1.290000E-01 
1.268858E-01 0.000000E+00 1.190000E-01 
1.326650E-01 0.000000E+00 1.090000E-01 
1.374773E-01 0.000000E+00 9.900000E-02 
1.414214E-01 0.000000E+00 8.900000E-02 
1.445683E-01 0.000000E+00 7.900000E-02 
1.469694E-01 0.000000E+00 6.900000E-02 
1.486607E-01 0.000000E+00 5.900000E-02 
1.496663E-01 0.000000E+00 4.900000E-02 
1.500000E-01 0.000000E+00 3.900000E-02 
1.496663E-01 0.000000E+00 2.900000E-02 
1.486607E-01 0.000000E+00 1.900000E-02 
1.469694E-01 0.000000E+00 9.000000E-03 
1.445683E-01 0.000000E+00 -1.000000E-03 
1.414214E-01 0.000000E+00 -1.100000E-02 
1.374773E-01 0.000000E+00 -2.100000E-02 
1.326650E-01 0.000000E+00 -3.100000E-02 
1.268858E-01 0.000000E+00 -4.100000E-02 
1.200000E-01 0.000000E+00 -5.100000E-02 
1.118034E-01 0.000000E+00 -6.100000E-02 
1.019804E-01 0.000000E+00 -7.100000E-02 
9.000000E-02 0.000000E+00 -8.100000E-02 
7.483315E-02 0.000000E+00 -9.100000E-02 
5.385165E-02 0.000000E+00 -1.010000E-01 
9.184548E-18 0.000000E+00 -1.110000E-01 
9.165677E-18 5.884560E-19 1.890000E-01 
5.374100E-02 3.450287E-03 1.790000E-01 
7.467940E-02 4.794576E-03 1.690000E-01 
8.981509E-02 5.766320E-03 1.590000E-01 
1.017709E-01 6.533906E-03 1.490000E-01 
1.115737E-01 7.163268E-03 1.390000E-01 
1.197534E-01 7.688426E-03 1.290000E-01 
1.266251E-01 8.129600E-03 1.190000E-01 
1.323924E-01 8.499875E-03 1.090000E-01 
1.371948E-01 8.808199E-03 9.900000E-02 
1.411308E-01 9.060897E-03 8.900000E-02 
1.442713E-01 9.262524E-03 7.900000E-02 
1.466674E-01 9.416361E-03 6.900000E-02 
1.483552E-01 9.524723E-03 5.900000E-02 
1.493588E-01 9.589152E-03 4.900000E-02 
1.496918E-01 9.610533E-03 3.900000E-02 
1.493588E-01 9.589152E-03 2.900000E-02 
1.483552E-01 9.524723E-03 1.900000E-02 
1.466674E-01 9.416361E-03 9.000000E-03 
1.442713E-01 9.262524E-03 -1.000000E-03 
1.411308E-01 9.060897E-03 -1.100000E-02 
1.371948E-01 8.808199E-03 -2.100000E-02 
1.323924E-01 8.499875E-03 -3.100000E-02 
1.266251E-01 8.129600E-03 -4.100000E-02 
1.197534E-01 7.688426E-03 -5.100000E-02 
1.115737E-01 7.163268E-03 -6.100000E-02 
1.017709E-01 6.533906E-03 -7.100000E-02 
8.981509E-02 5.766320E-03 -8.100000E-02 
7.467940E-02 4.794576E-03 -9.100000E-02 
5.374100E-02 3.450287E-03 -1.010000E-01 
9.165677E-18 5.884560E-19 -1.110000E-01 
9.109143E-18 1.174494E-18 1.890000E-01 
5.340953E-02 6.886396E-03 1.790000E-01 
7.421877E-02 9.569451E-03 1.690000E-01 
8.926110E-02 1.150894E-02 1.590000E-01 
1.011431E-01 1.304096E-02 1.490000E-01 
1.108855E-01 1.429710E-02 1.390000E-01 
1.190148E-01 1.534526E-02 1.290000E-01 
1.258440E-01 1.622579E-02 1.190000E-01 
1.315758E-01 1.696482E-02 1.090000E-01 
1.363486E-01 1.758020E-02 9.900000E-02 
1.402603E-01 1.808456E-02 8.900000E-02 
1.433814E-01 1.848699E-02 7.900000E-02 
1.457628E-01 1.879403E-02 6.900000E-02 
1.474402E-01 1.901031E-02 5.900000E-02 
1.484375E-01 1.913890E-02 4.900000E-02 
1.487685E-01 1.918157E-02 3.900000E-02 
1.484375E-01 1.913890E-02 2.900000E-02 
1.474402E-01 1.901031E-02 1.900000E-02 
1.457628E-01 1.879403E-02 9.000000E-03 
1.433814E-01 1.848699E-02 -1.000000E-03 
1.402603E-01 1.808456E-02 -1.100000E-02 
1.363486E-01 1.758020E-02 -2.100000E-02 
1.315758E-01 1.696482E-02 -3.100000E-02 
1.258440E-01 1.622579E-02 -4.100000E-02 
1.190148E-01 1.534526E-02 -5.100000E-02 
1.108855E-01 1.429710E-02 -6.100000E-02 
1.011431E-01 1.304096E-02 -7.100000E-02 
8.926110E-02 1.150894E-02 -8.100000E-02 
7.421877E-02 9.569451E-03 -9.100000E-02 
5.340953E-02 6.886396E-03 -1.010000E-01 
9.109143E-18 1.174494E-18 -1.110000E-01 
9.015177E-18 1.755706E-18 1.890000E-01 
5.285858E-02 1.029421E-02 1.790000E-01 
7.345316E-02 1.430500E-02 1.690000E-01 
8.834032E-02 1.720428E-02 1.590000E-01 
1.000998E-01 1.949443E-02 1.490000E-01 
1.097416E-01 2.137218E-02 1.390000E-01 
1.177871E-01 2.293904E-02 1.290000E-01 
1.245459E-01 2.425531E-02 1.190000E-01 
1.302185E-01 2.536006E-02 1.090000E-01 
1.349421E-01 2.627997E-02 9.900000E-02 
1.388134E-01 2.703391E-02 8.900000E-02 
1.419024E-01 2.763548E-02 7.900000E-02 
1.442591E-01 2.809447E-02 6.900000E-02 
1.459193E-01 2.841777E-02 5.900000E-02 
1.469063E-01 2.861000E-02 4.900000E-02 
1.472339E-01 2.867379E-02 3.900000E-02 
1.469063E-01 2.861000E-02 2.900000E-02 
1.459193E-01 2.841777E-02 1.900000E-02 
1.442591E-01 2.809447E-02 9.000000E-03 
1.419024E-01 2.763548E-02 -1.000000E-03 
1.388134E-01 2.703391E-02 -1.100000E-02 
1.349421E-01 2.627997E-02 -2.100000E-02 
1.302185E-01 2.536006E-02 -3.100000E-02 
1.245459E-01 2.425531E-02 -4.100000E-02 
1.177871E-01 2.293904E-02 -5.100000E-02 
1.097416E-01 2.137218E-02 -6.100000E-02 
1.000998E-01 1.949443E-02 -7.100000E-02 
8.834032E-02 1.720428E-02 -8.100000E-02 
7.345316E-02 1.430500E-02 -9.100000E-02 
5.285858E-02 1.029421E-02 -1.010000E-01 
9.015177E-18 1.755706E-18 -1.110000E-01 
8.884166E-18 2.329703E-18 1.890000E-01 
5.209042E-02 1.365972E-02 1.790000E-01 
7.238572E-02 1.898177E-02 1.690000E-01 
8.705654E-02 2.282891E-02 1.590000E-01 
9.864511E-02 2.586779E-02 1.490000E-01 
1.081469E-01 2.835944E-02 1.390000E-01 
1.160754E-01 3.043855E-02 1.290000E-01 
1.227360E-01 3.218516E-02 1.190000E-01 
1.283262E-01 3.365108E-02 1.090000E-01 
1.329811E-01 3.487174E-02 9.900000E-02 
1.367962E-01 3.587218E-02 8.900000E-02 
1.398402E-01 3.667042E-02 7.900000E-02 
1.421627E-01 3.727946E-02 6.900000E-02 
1.437987E-01 3.770846E-02 5.900000E-02 
1.447714E-01 3.796354E-02 4.900000E-02 
1.450942E-01 3.804819E-02 3.900000E-02 
1.447714E-01 3.796354E-02 2.900000E-02 
1.437987E-01 3.770846E-02 1.900000E-02 
1.421627E-01 3.727946E-02 9.000000E-03 
1.398402E-01 3.667042E-02 -1.000000E-03 
1.367962E-01 3.587218E-02 -1.100000E-02 
1.329811E-01 3.487174E-02 -2.100000E-02 
1.283262E-01 3.365108E-02 -3.100000E-02 
1.227360E-01 3.218516E-02 -4.100000E-02 
1.160754E-01 3.043855E-02 -5.100000E-02 
1.081469E-01 2.835944E-02 -6.100000E-02 
9.864511E-02 2.586779E-02 -7.100000E-02 
8.705654E-02 2.282891E-02 -8.100000E-02 
7.238572E-02 1.898177E-02 -9.100000E-02 
5.209042E-02 1.365972E-02 -1.010000E-01 
8.884166E-18 2.329703E-18 -1.110000E-01 
8.716648E-18 2.894126E-18 1.890000E-01 
5.110822E-02 1.696910E-02 1.790000E-01 
7.102083E-02 2.358054E-02 1.690000E-01 
8.541502E-02 2.835974E-02 1.590000E-01 
9.678508E-02 3.213486E-02 1.490000E-01 
1.061077E-01 3.523017E-02 1.390000E-01 
1.138867E-01 3.781299E-02 1.290000E-01 
1.204217E-01 3.998275E-02 1.190000E-01 
1.259065E-01 4.180383E-02 1.090000E-01 
1.304736E-01 4.332022E-02 9.900000E-02 
1.342168E-01 4.456303E-02 8.900000E-02 
1.372034E-01 4.555467E-02 7.900000E-02 
1.394821E-01 4.631126E-02 6.900000E-02 
1.410873E-01 4.684420E-02 5.900000E-02 
1.420417E-01 4.716108E-02 4.900000E-02 
1.423584E-01 4.726623E-02 3.900000E-02 
1.420417E-01 4.716108E-02 2.900000E-02 
1.410873E-01 4.684420E-02 1.900000E-02 
1.394821E-01 4.631126E-02 9.000000E-03 
1.372034E-01 4.555467E-02 -1.000000E-03 
1.342168E-01 4.456303E-02 -1.100000E-02 
1.304736E-01 4.332022E-02 -2.100000E-02 
1.259065E-01 4.180383E-02 -3.100000E-02 
1.204217E-01 3.998275E-02 -4.100000E-02 
1.138867E-01 3.781299E-02 -5.100000E-02 
1.061077E-01 3.523017E-02 -6.100000E-02 
9.678508E-02 3.213486E-02 -7.100000E-02 
8.541502E-02 2.835974E-02 -8.100000E-02 
7.102083E-02 2.358054E-02 -9.100000E-02 
5.110822E-02 1.696910E-02 -1.010000E-01 
8.716648E-18 2.894126E-18 -1.110000E-01 
8.513311E-18 3.446658E-18 1.890000E-01 
4.991600E-02 2.020875E-02 1.790000E-01 
6.936410E-02 2.808241E-02 1.690000E-01 
8.342251E-02 3.377403E-02 1.590000E-01 
9.452733E-02 3.826988E-02 1.490000E-01 
1.036324E-01 4.195613E-02 1.390000E-01 
1.112300E-01 4.503204E-02 1.290000E-01 
1.176126E-01 4.761604E-02 1.190000E-01 
1.229694E-01 4.978479E-02 1.090000E-01 
1.274300E-01 5.159068E-02 9.900000E-02 
1.310858E-01 5.307077E-02 8.900000E-02 
1.340028E-01 5.425172E-02 7.900000E-02 
1.362284E-01 5.515276E-02 6.900000E-02 
1.377961E-01 5.578745E-02 5.900000E-02 
1.387282E-01 5.616482E-02 4.900000E-02 
1.390375E-01 5.629005E-02 3.900000E-02 
1.387282E-01 5.616482E-02 2.900000E-02 
1.377961E-01 5.578745E-02 1.900000E-02 
1.362284E-01 5.515276E-02 9.000000E-03 
1.340028E-01 5.425172E-02 -1.000000E-03 
1.310858E-01 5.307077E-02 -1.100000E-02 
1.274300E-01 5.159068E-02 -2.100000E-02 
1.229694E-01 4.978479E-02 -3.100000E-02 
1.176126E-01 4.761604E-02 -4.100000E-02 
1.112300E-01 4.503204E-02 -5.100000E-02 
1.036324E-01 4.195613E-02 -6.100000E-02 
9.452733E-02 3.826988E-02 -7.100000E-02 
8.342251E-02 3.377403E-02 -8.100000E-02 
6.936410E-02 2.808241E-02 -9.100000E-02 
4.991600E-02 2.020875E-02 -1.010000E-01 
8.513311E-18 3.446658E-18 -1.110000E-01 
8.274992E-18 3.985026E-18 1.890000E-01 
4.851866E-02 2.336535E-02 1.790000E-01 
6.742234E-02 3.246889E-02 1.690000E-01 
8.108720E-02 3.904954E-02 1.590000E-01 
9.188116E-02 4.424763E-02 1.490000E-01 
1.007314E-01 4.850968E-02 1.390000E-01 
1.081163E-01 5.206605E-02 1.290000E-01 
1.143201E-01 5.505367E-02 1.190000E-01 
1.195270E-01 5.756118E-02 1.090000E-01 
1.238627E-01 5.964915E-02 9.900000E-02 
1.274162E-01 6.136043E-02 8.900000E-02 
1.302516E-01 6.272584E-02 7.900000E-02 
1.324148E-01 6.376763E-02 6.900000E-02 
1.339387E-01 6.450145E-02 5.900000E-02 
1.348447E-01 6.493777E-02 4.900000E-02 
1.351453E-01 6.508256E-02 3.900000E-02 
1.348447E-01 6.493777E-02 2.900000E-02 
1.339387E-01 6.450145E-02 1.900000E-02 
1.324148E-01 6.376763E-02 9.000000E-03 
1.302516E-01 6.272584E-02 -1.000000E-03 
1.274162E-01 6.136043E-02 -1.100000E-02 
1.238627E-01 5.964915E-02 -2.100000E-02 
1.195270E-01 5.756118E-02 -3.100000E-02 
1.143201E-01 5.505367E-02 -4.100000E-02 
1.081163E-01 5.206605E-02 -5.100000E-02 
1.007314E-01 4.850968E-02 -6.100000E-02 
9.188116E-02 4.424763E-02 -7.100000E-02 
8.108720E-02 3.904954E-02 -8.100000E-02 
6.742234E-02 3.246889E-02 -9.100000E-02 
4.851866E-02 2.336535E-02 -1.010000E-01 
8.274992E-18 3.985026E-18 -1.110000E-01 
8.002668E-18 4.507019E-18 1.890000E-01 
4.692195E-02 2.642595E-02 1.790000E-01 
6.520352E-02 3.672194E-02 1.690000E-01 
7.841868E-02 4.416458E-02 1.590000E-01 
8.885742E-02 5.004357E-02 1.490000E-01 
9.741639E-02 5.486389E-02 1.390000E-01 
1.045582E-01 5.888611E-02 1.290000E-01 
1.105579E-01 6.226508E-02 1.190000E-01 
1.155935E-01 6.510104E-02 1.090000E-01 
1.197865E-01 6.746251E-02 9.900000E-02 
1.232231E-01 6.939794E-02 8.900000E-02 
1.259651E-01 7.094221E-02 7.900000E-02 
1.280572E-01 7.212046E-02 6.900000E-02 
1.295308E-01 7.295041E-02 5.900000E-02 
1.304070E-01 7.344388E-02 4.900000E-02 
1.306978E-01 7.360763E-02 3.900000E-02 
1.304070E-01 7.344388E-02 2.900000E-02 
1.295308E-01 7.295041E-02 1.900000E-02 
1.280572E-01 7.212046E-02 9.000000E-03 
1.259651E-01 7.094221E-02 -1.000000E-03 
1.232231E-01 6.939794E-02 -1.100000E-02 
1.197865E-01 6.746251E-02 -2.100000E-02 
1.155935E-01 6.510104E-02 -3.100000E-02 
1.105579E-01 6.226508E-02 -4.100000E-02 
1.045582E-01 5.888611E-02 -5.100000E-02 
9.741639E-02 5.486389E-02 -6.100000E-02 
8.885742E-02 5.004357E-02 -7.100000E-02 
7.841868E-02 4.416458E-02 -8.100000E-02 
6.520352E-02 3.672194E-02 -9.100000E-02 
4.692195E-02 2.642595E-02 -1.010000E-01 
8.002668E-18 4.507019E-18 -1.110000E-01 
7.697460E-18 5.010491E-18 1.890000E-01 
4.513243E-02 2.937795E-02 1.790000E-01 
6.271677E-02 4.082409E-02 1.690000E-01 
7.542793E-02 4.909814E-02 1.590000E-01 
8.546855E-02 5.563386E-02 1.490000E-01 
9.370110E-02 6.099266E-02 1.390000E-01 
1.005706E-01 6.546419E-02 1.290000E-01 
1.063415E-01 6.922062E-02 1.190000E-01 
1.111850E-01 7.237338E-02 1.090000E-01 
1.152181E-01 7.499865E-02 9.900000E-02 
1.185236E-01 7.715029E-02 8.900000E-02 
1.211610E-01 7.886707E-02 7.900000E-02 
1.231733E-01 8.017693E-02 6.900000E-02 
1.245908E-01 8.109959E-02 5.900000E-02 
1.254335E-01 8.164819E-02 4.900000E-02 
1.257132E-01 8.183024E-02 3.900000E-02 
1.254335E-01 8.164819E-02 2.900000E-02 
1.245908E-01 8.109959E-02 1.900000E-02 
1.231733E-01 8.017693E-02 9.000000E-03 
1.211610E-01 7.886707E-02 -1.000000E-03 
1.185236E-01 7.715029E-02 -1.100000E-02 
1.152181E-01 7.499865E-02 -2.100000E-02 
1.111850E-01 7.237338E-02 -3.100000E-02 
1.063415E-01 6.922062E-02 -4.100000E-02 
1.005706E-01 6.546419E-02 -5.100000E-02 
9.370110E-02 6.099266E-02 -6.100000E-02 
8.546855E-02 5.563386E-02 -7.100000E-02 
7.542793E-02 4.909814E-02 -8.100000E-02 
6.271677E-02 4.082409E-02 -9.100000E-02 
4.513243E-02 2.937795E-02 -1.010000E-01 
7.697460E-18 5.010491E-18 -1.110000E-01 
7.360622E-18 5.493375E-18 1.890000E-01 
4.315744E-02 3.220924E-02 1.790000E-01 
5.997230E-02 4.475849E-02 1.690000E-01 
7.212723E-02 5.382995E-02 1.590000E-01 
8.172847E-02 6.099555E-02 1.490000E-01 
8.960077E-02 6.687079E-02 1.390000E-01 
9.616963E-02 7.177326E-02 1.290000E-01 
1.016880E-01 7.589172E-02 1.190000E-01 
1.063195E-01 7.934833E-02 1.090000E-01 
1.101762E-01 8.222660E-02 9.900000E-02 
1.133370E-01 8.458560E-02 8.900000E-02 
1.158590E-01 8.646784E-02 7.900000E-02 
1.177833E-01 8.790394E-02 6.900000E-02 
1.191387E-01 8.891552E-02 5.900000E-02 
1.199446E-01 8.951699E-02 4.900000E-02 
1.202120E-01 8.971658E-02 3.900000E-02 
1.199446E-01 8.951699E-02 2.900000E-02 
1.191387E-01 8.891552E-02 1.900000E-02 
1.177833E-01 8.790394E-02 9.000000E-03 
1.158590E-01 8.646784E-02 -1.000000E-03 
1.133370E-01 8.458560E-02 -1.100000E-02 
1.101762E-01 8.222660E-02 -2.100000E-02 
1.063195E-01 7.934833E-02 -3.100000E-02 
1.016880E-01 7.589172E-02 -4.100000E-02 
9.616963E-02 7.177326E-02 -5.100000E-02 
8.960077E-02 6.687079E-02 -6.100000E-02 
8.172847E-02 6.099555E-02 -7.100000E-02 
7.212723E-02 5.382995E-02 -8.100000E-02 
5.997230E-02 4.475849E-02 -9.100000E-02 
4.315744E-02 3.220924E-02 -1.010000E-01 
7.360622E-18 5.493375E-18 -1.110000E-01 
6.993537E-18 5.953685E-18 1.890000E-01 
4.100512E-02 3.490817E-02 1.790000E-01 
5.698140E-02 4.850897E-02 1.690000E-01 
6.853014E-02 5.834056E-02 1.590000E-01 
7.765256E-02 6.610658E-02 1.490000E-01 
8.513225E-02 7.247414E-02 1.390000E-01 
9.137352E-02 7.778741E-02 1.290000E-01 
9.661666E-02 8.225096E-02 1.190000E-01 
1.010172E-01 8.599721E-02 1.090000E-01 
1.046815E-01 8.911667E-02 9.900000E-02 
1.076847E-01 9.167334E-02 8.900000E-02 
1.100810E-01 9.371329E-02 7.900000E-02 
1.119092E-01 9.526973E-02 6.900000E-02 
1.131971E-01 9.636608E-02 5.900000E-02 
1.139628E-01 9.701794E-02 4.900000E-02 
1.142169E-01 9.723426E-02 3.900000E-02 
1.139628E-01 9.701794E-02 2.900000E-02 
1.131971E-01 9.636608E-02 1.900000E-02 
1.119092E-01 9.526973E-02 9.000000E-03 
1.100810E-01 9.371329E-02 -1.000000E-03 
1.076847E-01 9.167334E-02 -1.100000E-02 
1.046815E-01 8.911667E-02 -2.100000E-02 
1.010172E-01 8.599721E-02 -3.100000E-02 
9.661666E-02 8.225096E-02 -4.100000E-02 
9.137352E-02 7.778741E-02 -5.100000E-02 
8.513225E-02 7.247414E-02 -6.100000E-02 
7.765256E-02 6.610658E-02 -7.100000E-02 
6.853014E-02 5.834056E-02 -8.100000E-02 
5.698140E-02 4.850897E-02 -9.100000E-02 
4.100512E-02 3.490817E-02 -1.010000E-01 
6.993537E-18 5.953685E-18 -1.110000E-01 
6.597714E-18 6.389530E-18 1.890000E-01 
3.868430E-02 3.746365E-02 1.790000E-01 
5.375634E-02 5.206012E-02 1.690000E-01 
6.465144E-02 6.261143E-02 1.590000E-01 
7.325755E-02 7.094598E-02 1.490000E-01 
8.031390E-02 7.777967E-02 1.390000E-01 
8.620192E-02 8.348191E-02 1.290000E-01 
9.114831E-02 8.827222E-02 1.190000E-01 
9.529981E-02 9.229272E-02 1.090000E-01 
9.875671E-02 9.564054E-02 9.900000E-02 
1.015899E-01 9.838437E-02 8.900000E-02 
1.038506E-01 1.005737E-01 7.900000E-02 
1.055754E-01 1.022440E-01 6.900000E-02 
1.067903E-01 1.034206E-01 5.900000E-02 
1.075127E-01 1.041202E-01 4.900000E-02 
1.077524E-01 1.043524E-01 3.900000E-02 
1.075127E-01 1.041202E-01 2.900000E-02 
1.067903E-01 1.034206E-01 1.900000E-02 
1.055754E-01 1.022440E-01 9.000000E-03 
1.038506E-01 1.005737E-01 -1.000000E-03 
1.015899E-01 9.838437E-02 -1.100000E-02 
9.875671E-02 9.564054E-02 -2.100000E-02 
9.529981E-02 9.229272E-02 -3.100000E-02 
9.114831E-02 8.827222E-02 -4.100000E-02 
8.620192E-02 8.348191E-02 -5.100000E-02 
8.031390E-02 7.777967E-02 -6.100000E-02 
7.325755E-02 7.094598E-02 -7.100000E-02 
6.465144E-02 6.261143E-02 -8.100000E-02 
5.375634E-02 5.206012E-02 -9.100000E-02 
3.868430E-02 3.746365E-02 -1.010000E-01 
6.597714E-18 6.389530E-18 -1.110000E-01 
6.174780E-18 6.799119E-18 1.890000E-01 
3.620451E-02 3.986519E-02 1.790000E-01 
5.031039E-02 5.539733E-02 1.690000E-01 
6.050708E-02 6.662502E-02 1.590000E-01 
6.856151E-02 7.549384E-02 1.490000E-01 
7.516552E-02 8.276560E-02 1.390000E-01 
8.067611E-02 8.883336E-02 1.290000E-01 
8.530542E-02 9.393075E-02 1.190000E-01 
8.919079E-02 9.820897E-02 1.090000E-01 
9.242609E-02 1.017714E-01 9.900000E-02 
9.507770E-02 1.046911E-01 8.900000E-02 
9.719341E-02 1.070207E-01 7.900000E-02 
9.880765E-02 1.087982E-01 6.900000E-02 
9.994471E-02 1.100502E-01 5.900000E-02 
1.006208E-01 1.107947E-01 4.900000E-02 
1.008451E-01 1.110417E-01 3.900000E-02 
1.006208E-01 1.107947E-01 2.900000E-02 
9.994471E-02 1.100502E-01 1.900000E-02 
9.880765E-02 1.087982E-01 9.000000E-03 
9.719341E-02 1.070207E-01 -1.000000E-03 
9.507770E-02 1.046911E-01 -1.100000E-02 
9.242609E-02 1.017714E-01 -2.100000E-02 
8.919079E-02 9.820897E-02 -3.100000E-02 
8.530542E-02 9.393075E-02 -4.100000E-02 
8.067611E-02 8.883336E-02 -5.100000E-02 
7.516552E-02 8.276560E-02 -6.100000E-02 
6.856151E-02 7.549384E-02 -7.100000E-02 
6.050708E-02 6.662502E-02 -8.100000E-02 
5.031039E-02 5.539733E-02 -9.100000E-02 
3.620451E-02 3.986519E-02 -1.010000E-01 
6.174780E-18 6.799119E-18 -1.110000E-01 
5.726472E-18 7.180769E-18 1.890000E-01 
3.357595E-02 4.210291E-02 1.790000E-01 
4.665770E-02 5.850691E-02 1.690000E-01 
5.611408E-02 7.036483E-02 1.590000E-01 
6.358373E-02 7.973148E-02 1.490000E-01 
6.970828E-02 8.741142E-02 1.390000E-01 
7.481878E-02 9.381978E-02 1.290000E-01 
7.911199E-02 9.920329E-02 1.190000E-01 
8.271527E-02 1.037217E-01 1.090000E-01 
8.571568E-02 1.074841E-01 9.900000E-02 
8.817477E-02 1.105677E-01 8.900000E-02 
9.013688E-02 1.130281E-01 7.900000E-02 
9.163391E-02 1.149053E-01 6.900000E-02 
9.268842E-02 1.162276E-01 5.900000E-02 
9.331541E-02 1.170138E-01 4.900000E-02 
9.352347E-02 1.172747E-01 3.900000E-02 
9.331541E-02 1.170138E-01 2.900000E-02 
9.268842E-02 1.162276E-01 1.900000E-02 
9.163391E-02 1.149053E-01 9.000000E-03 
9.013688E-02 1.130281E-01 -1.000000E-03 
8.817477E-02 1.105677E-01 -1.100000E-02 
8.571568E-02 1.074841E-01 -2.100000E-02 
8.271527E-02 1.037217E-01 -3.100000E-02 
7.911199E-02 9.920329E-02 -4.100000E-02 
7.481878E-02 9.381978E-02 -5.100000E-02 
6.970828E-02 8.741142E-02 -6.100000E-02 
6.358373E-02 7.973148E-02 -7.100000E-02 
5.611408E-02 7.036483E-02 -8.100000E-02 
4.665770E-02 5.850691E-02 -9.100000E-02 
3.357595E-02 4.210291E-02 -1.010000E-01 
5.726472E-18 7.180769E-18 -1.110000E-01 
5.254633E-18 7.532911E-18 1.890000E-01 
3.080943E-02 4.416763E-02 1.790000E-01 
4.281329E-02 6.137607E-02 1.690000E-01 
5.149050E-02 7.381550E-02 1.590000E-01 
5.834468E-02 8.364149E-02 1.490000E-01 
6.396459E-02 9.169805E-02 1.390000E-01 
6.865400E-02 9.842067E-02 1.290000E-01 
7.259347E-02 1.040682E-01 1.190000E-01 
7.589985E-02 1.088081E-01 1.090000E-01 
7.865304E-02 1.127550E-01 9.900000E-02 
8.090951E-02 1.159899E-01 8.900000E-02 
8.270995E-02 1.185709E-01 7.900000E-02 
8.408363E-02 1.205402E-01 6.900000E-02 
8.505126E-02 1.219274E-01 5.900000E-02 
8.562658E-02 1.227521E-01 4.900000E-02 
8.581750E-02 1.230258E-01 3.900000E-02 
8.562658E-02 1.227521E-01 2.900000E-02 
8.505126E-02 1.219274E-01 1.900000E-02 
8.408363E-02 1.205402E-01 9.000000E-03 
8.270995E-02 1.185709E-01 -1.000000E-03 
8.090951E-02 1.159899E-01 -1.100000E-02 
7.865304E-02 1.127550E-01 -2.100000E-02 
7.589985E-02 1.088081E-01 -3.100000E-02 
7.259347E-02 1.040682E-01 -4.100000E-02 
6.865400E-02 9.842067E-02 -5.100000E-02 
6.396459E-02 9.169805E-02 -6.100000E-02 
5.834468E-02 8.364149E-02 -7.100000E-02 
5.149050E-02 7.381550E-02 -8.100000E-02 
4.281329E-02 6.137607E-02 -9.100000E-02 
3.080943E-02 4.416763E-02 -1.010000E-01 
5.254633E-18 7.532911E-18 -1.110000E-01 
4.761201E-18 7.854099E-18 1.890000E-01 
2.791629E-02 4.605085E-02 1.790000E-01 
3.879295E-02 6.399302E-02 1.690000E-01 
4.665533E-02 7.696285E-02 1.590000E-01 
5.286588E-02 8.720779E-02 1.490000E-01 
5.795805E-02 9.560787E-02 1.390000E-01 
6.220711E-02 1.026171E-01 1.290000E-01 
6.577664E-02 1.085055E-01 1.190000E-01 
6.877255E-02 1.134475E-01 1.090000E-01 
7.126720E-02 1.175627E-01 9.900000E-02 
7.331178E-02 1.209354E-01 8.900000E-02 
7.494314E-02 1.236266E-01 7.900000E-02 
7.618784E-02 1.256798E-01 6.900000E-02 
7.706460E-02 1.271261E-01 5.900000E-02 
7.758590E-02 1.279860E-01 4.900000E-02 
7.775889E-02 1.282714E-01 3.900000E-02 
7.758590E-02 1.279860E-01 2.900000E-02 
7.706460E-02 1.271261E-01 1.900000E-02 
7.618784E-02 1.256798E-01 9.000000E-03 
7.494314E-02 1.236266E-01 -1.000000E-03 
7.331178E-02 1.209354E-01 -1.100000E-02 
7.126720E-02 1.175627E-01 -2.100000E-02 
6.877255E-02 1.134475E-01 -3.100000E-02 
6.577664E-02 1.085055E-01 -4.100000E-02 
6.220711E-02 1.026171E-01 -5.100000E-02 
5.795805E-02 9.560787E-02 -6.100000E-02 
5.286588E-02 8.720779E-02 -7.100000E-02 
4.665533E-02 7.696285E-02 -8.100000E-02 
3.879295E-02 6.399302E-02 -9.100000E-02 
2.791629E-02 4.605085E-02 -1.010000E-01 
4.761201E-18 7.854099E-18 -1.110000E-01 
4.248205E-18 8.143014E-18 1.890000E-01 
2.490845E-02 4.774483E-02 1.790000E-01 
3.461320E-02 6.634702E-02 1.690000E-01 
4.162845E-02 7.979394E-02 1.590000E-01 
4.716984E-02 9.041574E-02 1.490000E-01 
5.171335E-02 9.912482E-02 1.390000E-01 
5.550459E-02 1.063919E-01 1.290000E-01 
5.868953E-02 1.124968E-01 1.190000E-01 
6.136264E-02 1.176207E-01 1.090000E-01 
6.358850E-02 1.218873E-01 9.900000E-02 
6.541279E-02 1.253841E-01 8.900000E-02 
6.686838E-02 1.281742E-01 7.900000E-02 
6.797897E-02 1.303030E-01 6.900000E-02 
6.876126E-02 1.318025E-01 5.900000E-02 
6.922639E-02 1.326940E-01 4.900000E-02 
6.938074E-02 1.329899E-01 3.900000E-02 
6.922639E-02 1.326940E-01 2.900000E-02 
6.876126E-02 1.318025E-01 1.900000E-02 
6.797897E-02 1.303030E-01 9.000000E-03 
6.686838E-02 1.281742E-01 -1.000000E-03 
6.541279E-02 1.253841E-01 -1.100000E-02 
6.358850E-02 1.218873E-01 -2.100000E-02 
6.136264E-02 1.176207E-01 -3.100000E-02 
5.868953E-02 1.124968E-01 -4.100000E-02 
5.550459E-02 1.063919E-01 -5.100000E-02 
5.171335E-02 9.912482E-02 -6.100000E-02 
4.716984E-02 9.041574E-02 -7.100000E-02 
4.162845E-02 7.979394E-02 -8.100000E-02 
3.461320E-02 6.634702E-02 -9.100000E-02 
2.490845E-02 4.774483E-02 -1.010000E-01 
4.248205E-18 8.143014E-18 -1.110000E-01 
3.717752E-18 8.398466E-18 1.890000E-01 
2.179825E-02 4.924263E-02 1.790000E-01 
3.029121E-02 6.842837E-02 1.690000E-01 
3.643050E-02 8.229714E-02 1.590000E-01 
4.127996E-02 9.325216E-02 1.490000E-01 
4.525615E-02 1.022344E-01 1.390000E-01 
4.857400E-02 1.097295E-01 1.290000E-01 
5.136125E-02 1.160260E-01 1.190000E-01 
5.370058E-02 1.213105E-01 1.090000E-01 
5.564851E-02 1.257110E-01 9.900000E-02 
5.724501E-02 1.293175E-01 8.900000E-02 
5.851885E-02 1.321951E-01 7.900000E-02 
5.949076E-02 1.343907E-01 6.900000E-02 
6.017537E-02 1.359372E-01 5.900000E-02 
6.058242E-02 1.368567E-01 4.900000E-02 
6.071750E-02 1.371619E-01 3.900000E-02 
6.058242E-02 1.368567E-01 2.900000E-02 
6.017537E-02 1.359372E-01 1.900000E-02 
5.949076E-02 1.343907E-01 9.000000E-03 
5.851885E-02 1.321951E-01 -1.000000E-03 
5.724501E-02 1.293175E-01 -1.100000E-02 
5.564851E-02 1.257110E-01 -2.100000E-02 
5.370058E-02 1.213105E-01 -3.100000E-02 
5.136125E-02 1.160260E-01 -4.100000E-02 
4.857400E-02 1.097295E-01 -5.100000E-02 
4.525615E-02 1.022344E-01 -6.100000E-02 
4.127996E-02 9.325216E-02 -7.100000E-02 
3.643050E-02 8.229714E-02 -8.100000E-02 
3.029121E-02 6.842837E-02 -9.100000E-02 
2.179825E-02 4.924263E-02 -1.010000E-01 
3.717752E-18 8.398466E-18 -1.110000E-01 
3.172022E-18 8.619408E-18 1.890000E-01 
1.859848E-02 5.053807E-02 1.790000E-01 
2.584475E-02 7.022855E-02 1.690000E-01 
3.108285E-02 8.446216E-02 1.590000E-01 
3.522046E-02 9.570538E-02 1.490000E-01 
3.861299E-02 1.049240E-01 1.390000E-01 
4.144381E-02 1.126162E-01 1.290000E-01 
4.382191E-02 1.190783E-01 1.190000E-01 
4.581785E-02 1.245019E-01 1.090000E-01 
4.747985E-02 1.290181E-01 9.900000E-02 
4.884199E-02 1.327195E-01 8.900000E-02 
4.992885E-02 1.356728E-01 7.900000E-02 
5.075809E-02 1.379261E-01 6.900000E-02 
5.134221E-02 1.395134E-01 5.900000E-02 
5.168951E-02 1.404571E-01 4.900000E-02 
5.180476E-02 1.407703E-01 3.900000E-02 
5.168951E-02 1.404571E-01 2.900000E-02 
5.134221E-02 1.395134E-01 1.900000E-02 
5.075809E-02 1.379261E-01 9.000000E-03 
4.992885E-02 1.356728E-01 -1.000000E-03 
4.884199E-02 1.327195E-01 -1.100000E-02 
4.747985E-02 1.290181E-01 -2.100000E-02 
4.581785E-02 1.245019E-01 -3.100000E-02 
4.382191E-02 1.190783E-01 -4.100000E-02 
4.144381E-02 1.126162E-01 -5.100000E-02 
3.861299E-02 1.049240E-01 -6.100000E-02 
3.522046E-02 9.570538E-02 -7.100000E-02 
3.108285E-02 8.446216E-02 -8.100000E-02 
2.584475E-02 7.022855E-02 -9.100000E-02 
1.859848E-02 5.053807E-02 -1.010000E-01 
3.172022E-18 8.619408E-18 -1.110000E-01 
2.613257E-18 8.804931E-18 1.890000E-01 
1.532228E-02 5.162584E-02 1.790000E-01 
2.129209E-02 7.174013E-02 1.690000E-01 
2.560748E-02 8.628011E-02 1.590000E-01 
2.901623E-02 9.776532E-02 1.490000E-01 
3.181115E-02 1.071823E-01 1.390000E-01 
3.414331E-02 1.150401E-01 1.290000E-01 
3.610250E-02 1.216413E-01 1.190000E-01 
3.774685E-02 1.271817E-01 1.090000E-01 
3.911608E-02 1.317950E-01 9.900000E-02 
4.023828E-02 1.355761E-01 8.900000E-02 
4.113368E-02 1.385930E-01 7.900000E-02 
4.181684E-02 1.408948E-01 6.900000E-02 
4.229807E-02 1.425162E-01 5.900000E-02 
4.258419E-02 1.434803E-01 4.900000E-02 
4.267914E-02 1.438002E-01 3.900000E-02 
4.258419E-02 1.434803E-01 2.900000E-02 
4.229807E-02 1.425162E-01 1.900000E-02 
4.181684E-02 1.408948E-01 9.000000E-03 
4.113368E-02 1.385930E-01 -1.000000E-03 
4.023828E-02 1.355761E-01 -1.100000E-02 
3.911608E-02 1.317950E-01 -2.100000E-02 
3.774685E-02 1.271817E-01 -3.100000E-02 
3.610250E-02 1.216413E-01 -4.100000E-02 
3.414331E-02 1.150401E-01 -5.100000E-02 
3.181115E-02 1.071823E-01 -6.100000E-02 
2.901623E-02 9.776532E-02 -7.100000E-02 
2.560748E-02 8.628011E-02 -8.100000E-02 
2.129209E-02 7.174013E-02 -9.100000E-02 
1.532228E-02 5.162584E-02 -1.010000E-01 
2.613257E-18 8.804931E-18 -1.110000E-01 
2.043754E-18 8.954272E-18 1.890000E-01 
1.198312E-02 5.250147E-02 1.790000E-01 
1.665194E-02 7.295692E-02 1.690000E-01 
2.002688E-02 8.774351E-02 1.590000E-01 
2.269277E-02 9.942353E-02 1.490000E-01 
2.487860E-02 1.090003E-01 1.390000E-01 
2.670251E-02 1.169913E-01 1.290000E-01 
2.823474E-02 1.237045E-01 1.190000E-01 
2.952074E-02 1.293388E-01 1.090000E-01 
3.059157E-02 1.340304E-01 9.900000E-02 
3.146921E-02 1.378756E-01 8.900000E-02 
3.216948E-02 1.409437E-01 7.900000E-02 
3.270376E-02 1.432846E-01 6.900000E-02 
3.308012E-02 1.449335E-01 5.900000E-02 
3.330388E-02 1.459138E-01 4.900000E-02 
3.337814E-02 1.462392E-01 3.900000E-02 
3.330388E-02 1.459138E-01 2.900000E-02 
3.308012E-02 1.449335E-01 1.900000E-02 
3.270376E-02 1.432846E-01 9.000000E-03 
3.216948E-02 1.409437E-01 -1.000000E-03 
3.146921E-02 1.378756E-01 -1.100000E-02 
3.059157E-02 1.340304E-01 -2.100000E-02 
2.952074E-02 1.293388E-01 -3.100000E-02 
2.823474E-02 1.237045E-01 -4.100000E-02 
2.670251E-02 1.169913E-01 -5.100000E-02 
2.487860E-02 1.090003E-01 -6.100000E-02 
2.269277E-02 9.942353E-02 -7.100000E-02 
2.002688E-02 8.774351E-02 -8.100000E-02 
1.665194E-02 7.295692E-02 -9.100000E-02 
1.198312E-02 5.250147E-02 -1.010000E-01 
2.043754E-18 8.954272E-18 -1.110000E-01 
1.465853E-18 9.066818E-18 1.890000E-01 
8.594717E-03 5.316137E-02 1.790000E-01 
1.194336E-02 7.387392E-02 1.690000E-01 
1.436399E-02 8.884636E-02 1.590000E-01 
1.627606E-02 1.006732E-01 1.490000E-01 
1.784381E-02 1.103703E-01 1.390000E-01 
1.915199E-02 1.184618E-01 1.290000E-01 
2.025096E-02 1.252593E-01 1.190000E-01 
2.117332E-02 1.309645E-01 1.090000E-01 
2.194136E-02 1.357151E-01 9.900000E-02 
2.257083E-02 1.396086E-01 8.900000E-02 
2.307309E-02 1.427152E-01 7.900000E-02 
2.345630E-02 1.450855E-01 6.900000E-02 
2.372623E-02 1.467551E-01 5.900000E-02 
2.388673E-02 1.477478E-01 4.900000E-02 
2.393998E-02 1.480773E-01 3.900000E-02 
2.388673E-02 1.477478E-01 2.900000E-02 
2.372623E-02 1.467551E-01 1.900000E-02 
2.345630E-02 1.450855E-01 9.000000E-03 
2.307309E-02 1.427152E-01 -1.000000E-03 
2.257083E-02 1.396086E-01 -1.100000E-02 
2.194136E-02 1.357151E-01 -2.100000E-02 
2.117332E-02 1.309645E-01 -3.100000E-02 
2.025096E-02 1.252593E-01 -4.100000E-02 
1.915199E-02 1.184618E-01 -5.100000E-02 
1.784381E-02 1.103703E-01 -6.100000E-02 
1.627606E-02 1.006732E-01 -7.100000E-02 
1.436399E-02 8.884636E-02 -8.100000E-02 
1.194336E-02 7.387392E-02 -9.100000E-02 
8.594717E-03 5.316137E-02 -1.010000E-01 
1.465853E-18 9.066818E-18 -1.110000E-01 
8.819281E-19 9.142107E-18 1.890000E-01 
5.170998E-03 5.360281E-02 1.790000E-01 
7.185705E-03 7.448735E-02 1.690000E-01 
8.642072E-03 8.958412E-02 1.590000E-01 
9.792466E-03 1.015092E-01 1.490000E-01 
1.073570E-02 1.112868E-01 1.390000E-01 
1.152276E-02 1.194455E-01 1.290000E-01 
1.218396E-02 1.262995E-01 1.190000E-01 
1.273889E-02 1.320520E-01 1.090000E-01 
1.320098E-02 1.368420E-01 9.900000E-02 
1.357971E-02 1.407679E-01 8.900000E-02 
1.388189E-02 1.439003E-01 7.900000E-02 
1.411245E-02 1.462903E-01 6.900000E-02 
1.427485E-02 1.479737E-01 5.900000E-02 
1.437141E-02 1.489747E-01 4.900000E-02 
1.440345E-02 1.493069E-01 3.900000E-02 
1.437141E-02 1.489747E-01 2.900000E-02 
1.427485E-02 1.479737E-01 1.900000E-02 
1.411245E-02 1.462903E-01 9.000000E-03 
1.388189E-02 1.439003E-01 -1.000000E-03 
1.357971E-02 1.407679E-01 -1.100000E-02 
1.320098E-02 1.368420E-01 -2.100000E-02 
1.273889E-02 1.320520E-01 -3.100000E-02 
1.218396E-02 1.262995E-01 -4.100000E-02 
1.152276E-02 1.194455E-01 -5.100000E-02 
1.073570E-02 1.112868E-01 -6.100000E-02 
9.792466E-03 1.015092E-01 -7.100000E-02 
8.642072E-03 8.958412E-02 -8.100000E-02 
7.185705E-03 7.448735E-02 -9.100000E-02 
5.170998E-03 5.360281E-02 -1.010000E-01 
8.819281E-19 9.142107E-18 -1.110000E-01 
2.943792E-19 9.179829E-18 1.890000E-01 
1.726030E-03 5.382398E-02 1.790000E-01 
2.398520E-03 7.479470E-02 1.690000E-01 
2.884642E-03 8.995376E-02 1.590000E-01 
3.268632E-03 1.019280E-01 1.490000E-01 
3.583475E-03 1.117460E-01 1.390000E-01 
3.846189E-03 1.199383E-01 1.290000E-01 
4.066889E-03 1.268206E-01 1.190000E-01 
4.252122E-03 1.325968E-01 1.090000E-01 
4.406363E-03 1.374066E-01 9.900000E-02 
4.532778E-03 1.413487E-01 8.900000E-02 
4.633643E-03 1.444940E-01 7.900000E-02 
4.710601E-03 1.468939E-01 6.900000E-02 
4.764810E-03 1.485843E-01 5.900000E-02 
4.797041E-03 1.495894E-01 4.900000E-02 
4.807737E-03 1.499229E-01 3.900000E-02 
4.797041E-03 1.495894E-01 2.900000E-02 
4.764810E-03 1.485843E-01 1.900000E-02 
4.710601E-03 1.468939E-01 9.000000E-03 
4.633643E-03 1.444940E-01 -1.000000E-03 
4.532778E-03 1.413487E-01 -1.100000E-02 
4.406363E-03 1.374066E-01 -2.100000E-02 
4.252122E-03 1.325968E-01 -3.100000E-02 
4.066889E-03 1.268206E-01 -4.100000E-02 
3.846189E-03 1.199383E-01 -5.100000E-02 
3.583475E-03 1.117460E-01 -6.100000E-02 
3.268632E-03 1.019280E-01 -7.100000E-02 
2.884642E-03 8.995376E-02 -8.100000E-02 
2.398520E-03 7.479470E-02 -9.100000E-02 
1.726030E-03 5.382398E-02 -1.010000E-01 
2.943792E-19 9.179829E-18 -1.110000E-01 
-2.943792E-19 9.179829E-18 1.890000E-01 
-1.726030E-03 5.382398E-02 1.790000E-01 
-2.398520E-03 7.479470E-02 1.690000E-01 
-2.884642E-03 8.995376E-02 1.590000E-01 
-3.268632E-03 1.019280E-01 1.490000E-01 
-3.583475E-03 1.117460E-01 1.390000E-01 
-3.846189E-03 1.199383E-01 1.290000E-01 
-4.066889E-03 1.268206E-01 1.190000E-01 
-4.252122E-03 1.325968E-01 1.090000E-01 
-4.406363E-03 1.374066E-01 9.900000E-02 
-4.532778E-03 1.413487E-01 8.900000E-02 
-4.633643E-03 1.444940E-01 7.900000E-02 
-4.710601E-03 1.468939E-01 6.900000E-02 
-4.764810E-03 1.485843E-01 5.900000E-02 
-4.797041E-03 1.495894E-01 4.900000E-02 
-4.807737E-03 1.499229E-01 3.900000E-02 
-4.797041E-03 1.495894E-01 2.900000E-02 
-4.764810E-03 1.485843E-01 1.900000E-02 
-4.710601E-03 1.468939E-01 9.000000E-03 
-4.633643E-03 1.444940E-01 -1.000000E-03 
-4.532778E-03 1.413487E-01 -1.100000E-02 
-4.406363E-03 1.374066E-01 -2.100000E-02 
-4.252122E-03 1.325968E-01 -3.100000E-02 
-4.066889E-03 1.268206E-01 -4.100000E-02 
-3.846189E-03 1.199383E-01 -5.100000E-02 
-3.583475E-03 1.117460E-01 -6.100000E-02 
-3.268632E-03 1.019280E-01 -7.100000E-02 
-2.884642E-03 8.995376E-02 -8.100000E-02 
-2.398520E-03 7.479470E-02 -9.100000E-02 
-1.726030E-03 5.382398E-02 -1.010000E-01 
-2.943792E-19 9.179829E-18 -1.110000E-01 
-8.819281E-19 9.142107E-18 1.890000E-01 
-5.170998E-03 5.360281E-02 1.790000E-01 
-7.185705E-03 7.448735E-02 1.690000E-01 
-8.642072E-03 8.958412E-02 1.590000E-01 
-9.792466E-03 1.015092E-01 1.490000E-01 
-1.073570E-02 1.112868E-01 1.390000E-01 
-1.152276E-02 1.194455E-01 1.290000E-01 
-1.218396E-02 1.262995E-01 1.190000E-01 
-1.273889E-02 1.320520E-01 1.090000E-01 
-1.320098E-02 1.368420E-01 9.900000E-02 
-1.357971E-02 1.407679E-01 8.900000E-02 
-1.388189E-02 1.439003E-01 7.900000E-02 
-1.411245E-02 1.462903E-01 6.900000E-02 
-1.427485E-02 1.479737E-01 5.900000E-02 
-1.437141E-02 1.489747E-01 4.900000E-02 
-1.440345E-02 1.493069E-01 3.900000E-02 
-1.437141E-02 1.489747E-01 2.900000E-02 
-1.427485E-02 1.479737E-01 1.900000E-02 
-1.411245E-02 1.462903E-01 9.000000E-03 
-1.388189E-02 1.439003E-01 -1.000000E-03 
-1.357971E-02 1.407679E-01 -1.100000E-02 
-1.320098E-02 1.368420E-01 -2.100000E-02 
-1.273889E-02 1.320520E-01 -3.100000E-02 
-1.218396E-02 1.262995E-01 -4.100000E-02 
-1.152276E-02 1.194455E-01 -5.100000E-02 
-1.073570E-02 1.112868E-01 -6.100000E-02 
-9.792466E-03 1.015092E-01 -7.100000E-02 
-8.642072E-03 8.958412E-02 -8.100000E-02 
-7.185705E-03 7.448735E-02 -9.100000E-02 
-5.170998E-03 5.360281E-02 -1.010000E-01 
-8.819281E-19 9.142107E-18 -1.110000E-01 
-1.465853E-18 9.066818E-18 1.890000E-01 
-8.594717E-03 5.316137E-02 1.790000E-01 
-1.194336E-02 7.387392E-02 1.690000E-01 
-1.436399E-02 8.884636E-02 1.590000E-01 
-1.627606E-02 1.006732E-01 1.490000E-01 
-1.784381E-02 1.103703E-01 1.390000E-01 
-1.915199E-02 1.184618E-01 1.290000E-01 
-2.025096E-02 1.252593E-01 1.190000E-01 
-2.117332E-02 1.309645E-01 1.090000E-01 
-2.194136E-02 1.357151E-01 9.900000E-02 
-2.257083E-02 1.396086E-01 8.900000E-02 
-2.307309E-02 1.427152E-01 7.900000E-02 
-2.345630E-02 1.450855E-01 6.900000E-02 
-2.372623E-02 1.467551E-01 5.900000E-02 
-2.388673E-02 1.477478E-01 4.900000E-02 
-2.393998E-02 1.480773E-01 3.900000E-02 
-2.388673E-02 1.477478E-01 2.900000E-02 
-2.372623E-02 1.467551E-01 1.900000E-02 
-2.345630E-02 1.450855E-01 9.000000E-03 
-2.307309E-02 1.427152E-01 -1.000000E-03 
-2.257083E-02 1.396086E-01 -1.100000E-02 
-2.194136E-02 1.357151E-01 -2.100000E-02 
-2.117332E-02 1.309645E-01 -3.100000E-02 
-2.025096E-02 1.252593E-01 -4.100000E-02 
-1.915199E-02 1.184618E-01 -5.100000E-02 
-1.784381E-02 1.103703E-01 -6.100000E-02 
-1.627606E-02 1.006732E-01 -7.100000E-02 
-1.436399E-02 8.884636E-02 -8.100000E-02 
-1.194336E-02 7.387392E-02 -9.100000E-02 
-8.594717E-03 5.316137E-02 -1.010000E-01 
-1.465853E-18 9.066818E-18 -1.110000E-01 
-2.043754E-18 8.954272E-18 1.890000E-01 
-1.198312E-02 5.250147E-02 1.790000E-01 
-1.665194E-02 7.295692E-02 1.690000E-01 
-2.002688E-02 8.774351E-02 1.590000E-01 
-2.269277E-02 9.942353E-02 1.490000E-01 
-2.487860E-02 1.090003E-01 1.390000E-01 
-2.670251E-02 1.169913E-01 1.290000E-01 
-2.823474E-02 1.237045E-01 1.190000E-01 
-2.952074E-02 1.293388E-01 1.090000E-01 
-3.059157E-02 1.340304E-01 9.900000E-02 
-3.146921E-02 1.378756E-01 8.900000E-02 
-3.216948E-02 1.409437E-01 7.900000E-02 
-3.270376E-02 1.432846E-01 6.900000E-02 
-3.308012E-02 1.449335E-01 5.900000E-02 
-3.330388E-02 1.459138E-01 4.900000E-02 
-3.337814E-02 1.462392E-01 3.900000E-02 
-3.330388E-02 1.459138E-01 2.900000E-02 
-3.308012E-02 1.449335E-01 1.900000E-02 
-3.270376E-02 1.432846E-01 9.000000E-03 
-3.216948E-02 1.409437E-01 -1.000000E-03 
-3.146921E-02 1.378756E-01 -1.100000E-02 
-3.059157E-02 1.340304E-01 -2.100000E-02 
-2.952074E-02 1.293388E-01 -3.100000E-02 
-2.823474E-02 1.237045E-01 -4.100000E-02 
-2.670251E-02 1.169913E-01 -5.100000E-02 
-2.487860E-02 1.090003E-01 -6.100000E-02 
-2.269277E-02 9.942353E-02 -7.100000E-02 
-2.002688E-02 8.774351E-02 -8.100000E-02 
-1.665194E-02 7.295692E-02 -9.100000E-02 
-1.198312E-02 5.250147E-02 -1.010000E-01 
-2.043754E-18 8.954272E-18 -1.110000E-01 
-2.613257E-18 8.804931E-18 1.890000E-01 
-1.532228E-02 5.162584E-02 1.790000E-01 
-2.129209E-02 7.174013E-02 1.690000E-01 
-2.560748E-02 8.628011E-02 1.590000E-01 
-2.901623E-02 9.776532E-02 1.490000E-01 
-3.181115E-02 1.071823E-01 1.390000E-01 
-3.414331E-02 1.150401E-01 1.290000E-01 
-3.610250E-02 1.216413E-01 1.190000E-01 
-3.774685E-02 1.271817E-01 1.090000E-01 
-3.911608E-02 1.317950E-01 9.900000E-02 
-4.023828E-02 1.355761E-01 8.900000E-02 
-4.113368E-02 1.385930E-01 7.900000E-02 
-4.181684E-02 1.408948E-01 6.900000E-02 
-4.229807E-02 1.425162E-01 5.900000E-02 
-4.258419E-02 1.434803E-01 4.900000E-02 
-4.267914E-02 1.438002E-01 3.900000E-02 
-4.258419E-02 1.434803E-01 2.900000E-02 
-4.229807E-02 1.425162E-01 1.900000E-02 
-4.181684E-02 1.408948E-01 9.000000E-03 
-4.113368E-02 1.385930E-01 -1.000000E-03 
-4.023828E-02 1.355761E-01 -1.100000E-02 
-3.911608E-02 1.317950E-01 -2.100000E-02 
-3.774685E-02 1.271817E-01 -3.100000E-02 
-3.610250E-02 1.216413E-01 -4.100000E-02 
-3.414331E-02 1.150401E-01 -5.100000E-02 
-3.181115E-02 1.071823E-01 -6.100000E-02 
-2.901623E-02 9.776532E-02 -7.100000E-02 
-2.560748E-02 8.628011E-02 -8.100000E-02 
-2.129209E-02 7.174013E-02 -9.100000E-02 
-1.532228E-02 5.162584E-02 -1.010000E-01 
-2.613257E-18 8.804931E-18 -1.110000E-01 
-3.172022E-18 8.619408E-18 1.890000E-01 
-1.859848E-02 5.053807E-02 1.790000E-01 
-2.584475E-02 7.022855E-02 1.690000E-01 
-3.108285E-02 8.446216E-02 1.590000E-01 
-3.522046E-02 9.570538E-02 1.490000E-01 
-3.861299E-02 1.049240E-01 1.390000E-01 
-4.144381E-02 1.126162E-01 1.290000E-01 
-4.382191E-02 1.190783E-01 1.190000E-01 
-4.581785E-02 1.245019E-01 1.090000E-01 
-4.747985E-02 1.290181E-01 9.900000E-02 
-4.884199E-02 1.327195E-01 8.900000E-02 
-4.992885E-02 1.356728E-01 7.900000E-02 
-5.075809E-02 1.379261E-01 6.900000E-02 
-5.134221E-02 1.395134E-01 5.900000E-02 
-5.168951E-02 1.404571E-01 4.900000E-02 
-5.180476E-02 1.407703E-01 3.900000E-02 
-5.168951E-02 1.404571E-01 2.900000E-02 
-5.134221E-02 1.395134E-01 1.900000E-02 
-5.075809E-02 1.379261E-01 9.000000E-03 
-4.992885E-02 1.356728E-01 -1.000000E-03 
-4.884199E-02 1.327195E-01 -1.100000E-02 
-4.747985E-02 1.290181E-01 -2.100000E-02 
-4.581785E-02 1.245019E-01 -3.100000E-02 
-4.382191E-02 1.190783E-01 -4.100000E-02 
-4.144381E-02 1.126162E-01 -5.100000E-02 
-3.861299E-02 1.049240E-01 -6.100000E-02 
-3.522046E-02 9.570538E-02 -7.100000E-02 
-3.108285E-02 8.446216E-02 -8.100000E-02 
-2.584475E-02 7.022855E-02 -9.100000E-02 
-1.859848E-02 5.053807E-02 -1.010000E-01 
-3.172022E-18 8.619408E-18 -1.110000E-01 
-3.717752E-18 8.398466E-18 1.890000E-01 
-2.179825E-02 4.924263E-02 1.790000E-01 
-3.029121E-02 6.842837E-02 1.690000E-01 
-3.643050E-02 8.229714E-02 1.590000E-01 
-4.127996E-02 9.325216E-02 1.490000E-01 
-4.525615E-02 1.022344E-01 1.390000E-01 
-4.857400E-02 1.097295E-01 1.290000E-01 
-5.136125E-02 1.160260E-01 1.190000E-01 
-5.370058E-02 1.213105E-01 1.090000E-01 
-5.564851E-02 1.257110E-01 9.900000E-02 
-5.724501E-02 1.293175E-01 8.900000E-02 
-5.851885E-02 1.321951E-01 7.900000E-02 
-5.949076E-02 1.343907E-01 6.900000E-02 
-6.017537E-02 1.359372E-01 5.900000E-02 
-6.058242E-02 1.368567E-01 4.900000E-02 
-6.071750E-02 1.371619E-01 3.900000E-02 
-6.058242E-02 1.368567E-01 2.900000E-02 
-6.017537E-02 1.359372E-01 1.900000E-02 
-5.949076E-02 1.343907E-01 9.000000E-03 
-5.851885E-02 1.321951E-01 -1.000000E-03 
-5.724501E-02 1.293175E-01 -1.100000E-02 
-5.564851E-02 1.257110E-01 -2.100000E-02 
-5.370058E-02 1.213105E-01 -3.100000E-02 
-5.136125E-02 1.160260E-01 -4.100000E-02 
-4.857400E-02 1.097295E-01 -5.100000E-02 
-4.525615E-02 1.022344E-01 -6.100000E-02 
-4.127996E-02 9.325216E-02 -7.100000E-02 
-3.643050E-02 8.229714E-02 -8.100000E-02 
-3.029121E-02 6.842837E-02 -9.100000E-02 
-2.179825E-02 4.924263E-02 -1.010000E-01 
-3.717752E-18 8.398466E-18 -1.110000E-01 
-4.248205E-18 8.143014E-18 1.890000E-01 
-2.490845E-02 4.774483E-02 1.790000E-01 
-3.461320E-02 6.634702E-02 1.690000E-01 
-4.162845E-02 7.979394E-02 1.590000E-01 
-4.716984E-02 9.041574E-02 1.490000E-01 
-5.171335E-02 9.912482E-02 1.390000E-01 
-5.550459E-02 1.063919E-01 1.290000E-01 
-5.868953E-02 1.124968E-01 1.190000E-01 
-6.136264E-02 1.176207E-01 1.090000E-01 
-6.358850E-02 1.218873E-01 9.900000E-02 
-6.541279E-02 1.253841E-01 8.900000E-02 
-6.686838E-02 1.281742E-01 7.900000E-02 
-6.797897E-02 1.303030E-01 6.900000E-02 
-6.876126E-02 1.318025E-01 5.900000E-02 
-6.922639E-02 1.326940E-01 4.900000E-02 
-6.938074E-02 1.329899E-01 3.900000E-02 
-6.922639E-02 1.326940E-01 2.900000E-02 
-6.876126E-02 1.318025E-01 1.900000E-02 
-6.797897E-02 1.303030E-01 9.000000E-03 
-6.686838E-02 1.281742E-01 -1.000000E-03 
-6.541279E-02 1.253841E-01 -1.100000E-02 
-6.358850E-02 1.218873E-01 -2.100000E-02 
-6.136264E-02 1.176207E-01 -3.100000E-02 
-5.868953E-02 1.124968E-01 -4.100000E-02 
-5.550459E-02 1.063919E-01 -5.100000E-02 
-5.171335E-02 9.912482E-02 -6.100000E-02 
-4.716984E-02 9.041574E-02 -7.100000E-02 
-4.162845E-02 7.979394E-02 -8.100000E-02 
-3.461320E-02 6.634702E-02 -9.100000E-02 
-2.490845E-02 4.774483E-02 -1.010000E-01 
-4.248205E-18 8.143014E-18 -1.110000E-01 
-4.761201E-18 7.854099E-18 1.890000E-01 
-2.791629E-02 4.605085E-02 1.790000E-01 
-3.879295E-02 6.399302E-02 1.690000E-01 
-4.665533E-02 7.696285E-02 1.590000E-01 
-5.286588E-02 8.720779E-02 1.490000E-01 
-5.795805E-02 9.560787E-02 1.390000E-01 
-6.220711E-02 1.026171E-01 1.290000E-01 
-6.577664E-02 1.085055E-01 1.190000E-01 
-6.877255E-02 1.134475E-01 1.090000E-01 
-7.126720E-02 1.175627E-01 9.900000E-02 
-7.331178E-02 1.209354E-01 8.900000E-02 
-7.494314E-02 1.236266E-01 7.900000E-02 
-7.618784E-02 1.256798E-01 6.900000E-02 
-7.706460E-02 1.271261E-01 5.900000E-02 
-7.758590E-02 1.279860E-01 4.900000E-02 
-7.775889E-02 1.282714E-01 3.900000E-02 
-7.758590E-02 1.279860E-01 2.900000E-02 
-7.706460E-02 1.271261E-01 1.900000E-02 
-7.618784E-02 1.256798E-01 9.000000E-03 
-7.494314E-02 1.236266E-01 -1.000000E-03 
-7.331178E-02 1.209354E-01 -1.100000E-02 
-7.126720E-02 1.175627E-01 -2.100000E-02 
-6.877255E-02 1.134475E-01 -3.100000E-02 
-6.577664E-02 1.085055E-01 -4.100000E-02 
-6.220711E-02 1.026171E-01 -5.100000E-02 
-5.795805E-02 9.560787E-02 -6.100000E-02 
-5.286588E-02 8.720779E-02 -7.100000E-02 
-4.665533E-02 7.696285E-02 -8.100000E-02 
-3.879295E-02 6.399302E-02 -9.100000E-02 
-2.791629E-02 4.605085E-02 -1.010000E-01 
-4.761201E-18 7.854099E-18 -1.110000E-01 
-5.254633E-18 7.532911E-18 1.890000E-01 
-3.080943E-02 4.416763E-02 1.790000E-01 
-4.281329E-02 6.137607E-02 1.690000E-01 
-5.149050E-02 7.381550E-02 1.590000E-01 
-5.834468E-02 8.364149E-02 1.490000E-01 
-6.396459E-02 9.169805E-02 1.390000E-01 
-6.865400E-02 9.842067E-02 1.290000E-01 
-7.259347E-02 1.040682E-01 1.190000E-01 
-7.589985E-02 1.088081E-01 1.090000E-01 
-7.865304E-02 1.127550E-01 9.900000E-02 
-8.090951E-02 1.159899E-01 8.900000E-02 
-8.270995E-02 1.185709E-01 7.900000E-02 
-8.408363E-02 1.205402E-01 6.900000E-02 
-8.505126E-02 1.219274E-01 5.900000E-02 
-8.562658E-02 1.227521E-01 4.900000E-02 
-8.581750E-02 1.230258E-01 3.900000E-02 
-8.562658E-02 1.227521E-01 2.900000E-02 
-8.505126E-02 1.219274E-01 1.900000E-02 
-8.408363E-02 1.205402E-01 9.000000E-03 
-8.270995E-02 1.185709E-01 -1.000000E-03 
-8.090951E-02 1.159899E-01 -1.100000E-02 
-7.865304E-02 1.127550E-01 -2.100000E-02 
-7.589985E-02 1.088081E-01 -3.100000E-02 
-7.259347E-02 1.040682E-01 -4.100000E-02 
-6.865400E-02 9.842067E-02 -5.100000E-02 
-6.396459E-02 9.169805E-02 -6.100000E-02 
-5.834468E-02 8.364149E-02 -7.100000E-02 
-5.149050E-02 7.381550E-02 -8.100000E-02 
-4.281329E-02 6.137607E-02 -9.100000E-02 
-3.080943E-02 4.416763E-02 -1.010000E-01 
-5.254633E-18 7.532911E-18 -1.110000E-01 
-5.726472E-18 7.180769E-18 1.890000E-01 
-3.357595E-02 4.210291E-02 1.790000E-01 
-4.665770E-02 5.850691E-02 1.690000E-01 
-5.611408E-02 7.036483E-02 1.590000E-01 
-6.358373E-02 7.973148E-02 1.490000E-01 
-6.970828E-02 8.741142E-02 1.390000E-01 
-7.481878E-02 9.381978E-02 1.290000E-01 
-7.911199E-02 9.920329E-02 1.190000E-01 
-8.271527E-02 1.037217E-01 1.090000E-01 
-8.571568E-02 1.074841E-01 9.900000E-02 
-8.817477E-02 1.105677E-01 8.900000E-02 
-9.013688E-02 1.130281E-01 7.900000E-02 
-9.163391E-02 1.149053E-01 6.900000E-02 
-9.268842E-02 1.162276E-01 5.900000E-02 
-9.331541E-02 1.170138E-01 4.900000E-02 
-9.352347E-02 1.172747E-01 3.900000E-02 
-9.331541E-02 1.170138E-01 2.900000E-02 
-9.268842E-02 1.162276E-01 1.900000E-02 
-9.163391E-02 1.149053E-01 9.000000E-03 
-9.013688E-02 1.130281E-01 -1.000000E-03 
-8.817477E-02 1.105677E-01 -1.100000E-02 
-8.571568E-02 1.074841E-01 -2.100000E-02 
-8.271527E-02 1.037217E-01 -3.100000E-02 
-7.911199E-02 9.920329E-02 -4.100000E-02 
-7.481878E-02 9.381978E-02 -5.100000E-02 
-6.970828E-02 8.741142E-02 -6.100000E-02 
-6.358373E-02 7.973148E-02 -7.100000E-02 
-5.611408E-02 7.036483E-02 -8.100000E-02 
-4.665770E-02 5.850691E-02 -9.100000E-02 
-3.357595E-02 4.210291E-02 -1.010000E-01 
-5.726472E-18 7.180769E-18 -1.110000E-01 
-6.174780E-18 6.799119E-18 1.890000E-01 
-3.620451E-02 3.986519E-02 1.790000E-01 
-5.031039E-02 5.539733E-02 1.690000E-01 
-6.050708E-02 6.662502E-02 1.590000E-01 
-6.856151E-02 7.549384E-02 1.490000E-01 
-7.516552E-02 8.276560E-02 1.390000E-01 
-8.067611E-02 8.883336E-02 1.290000E-01 
-8.530542E-02 9.393075E-02 1.190000E-01 
-8.919079E-02 9.820897E-02 1.090000E-01 
-9.242609E-02 1.017714E-01 9.900000E-02 
-9.507770E-02 1.046911E-01 8.900000E-02 
-9.719341E-02 1.070207E-01 7.900000E-02 
-9.880765E-02 1.087982E-01 6.900000E-02 
-9.994471E-02 1.100502E-01 5.900000E-02 
-1.006208E-01 1.107947E-01 4.900000E-02 
-1.008451E-01 1.110417E-01 3.900000E-02 
-1.006208E-01 1.107947E-01 2.900000E-02 
-9.994471E-02 1.100502E-01 1.900000E-02 
-9.880765E-02 1.087982E-01 9.000000E-03 
-9.719341E-02 1.070207E-01 -1.000000E-03 
-9.507770E-02 1.046911E-01 -1.100000E-02 
-9.242609E-02 1.017714E-01 -2.100000E-02 
-8.919079E-02 9.820897E-02 -3.100000E-02 
-8.530542E-02 9.393075E-02 -4.100000E-02 
-8.067611E-02 8.883336E-02 -5.100000E-02 
-7.516552E-02 8.276560E-02 -6.100000E-02 
-6.856151E-02 7.549384E-02 -7.100000E-02 
-6.050708E-02 6.662502E-02 -8.100000E-02 
-5.031039E-02 5.539733E-02 -9.100000E-02 
-3.620451E-02 3.986519E-02 -1.010000E-01 
-6.174780E-18 6.799119E-18 -1.110000E-01 
-6.597714E-18 6.389530E-18 1.890000E-01 
-3.868430E-02 3.746365E-02 1.790000E-01 
-5.375634E-02 5.206012E-02 1.690000E-01 
-6.465144E-02 6.261143E-02 1.590000E-01 
-7.325755E-02 7.094598E-02 1.490000E-01 
-8.031390E-02 7.777967E-02 1.390000E-01 
-8.620192E-02 8.348191E-02 1.290000E-01 
-9.114831E-02 8.827222E-02 1.190000E-01 
-9.529981E-02 9.229272E-02 1.090000E-01 
-9.875671E-02 9.564054E-02 9.900000E-02 
-1.015899E-01 9.838437E-02 8.900000E-02 
-1.038506E-01 1.005737E-01 7.900000E-02 
-1.055754E-01 1.022440E-01 6.900000E-02 
-1.067903E-01 1.034206E-01 5.900000E-02 
-1.075127E-01 1.041202E-01 4.900000E-02 
-1.077524E-01 1.043524E-01 3.900000E-02 
-1.075127E-01 1.041202E-01 2.900000E-02 
-1.067903E-01 1.034206E-01 1.900000E-02 
-1.055754E-01 1.022440E-01 9.000000E-03 
-1.038506E-01 1.005737E-01 -1.000000E-03 
-1.015899E-01 9.838437E-02 -1.100000E-02 
-9.875671E-02 9.564054E-02 -2.100000E-02 
-9.529981E-02 9.229272E-02 -3.100000E-02 
-9.114831E-02 8.827222E-02 -4.100000E-02 
-8.620192E-02 8.348191E-02 -5.100000E-02 
-8.031390E-02 7.777967E-02 -6.100000E-02 
-7.325755E-02 7.094598E-02 -7.100000E-02 
-6.465144E-02 6.261143E-02 -8.100000E-02 
-5.375634E-02 5.206012E-02 -9.100000E-02 
-3.868430E-02 3.746365E-02 -1.010000E-01 
-6.597714E-18 6.389530E-18 -1.110000E-01 
-6.993537E-18 5.953685E-18 1.890000E-01 
-4.100512E-02 3.490817E-02 1.790000E-01 
-5.698140E-02 4.850897E-02 1.690000E-01 
-6.853014E-02 5.834056E-02 1.590000E-01 
-7.765256E-02 6.610658E-02 1.490000E-01 
-8.513225E-02 7.247414E-02 1.390000E-01 
-9.137352E-02 7.778741E-02 1.290000E-01 
-9.661666E-02 8.225096E-02 1.190000E-01 
-1.010172E-01 8.599721E-02 1.090000E-01 
-1.046815E-01 8.911667E-02 9.900000E-02 
-1.076847E-01 9.167334E-02 8.900000E-02 
-1.100810E-01 9.371329E-02 7.900000E-02 
-1.119092E-01 9.526973E-02 6.900000E-02 
-1.131971E-01 9.636608E-02 5.900000E-02 
-1.139628E-01 9.701794E-02 4.900000E-02 
-1.142169E-01 9.723426E-02 3.900000E-02 
-1.139628E-01 9.701794E-02 2.900000E-02 
-1.131971E-01 9.636608E-02 1.900000E-02 
-1.119092E-01 9.526973E-02 9.000000E-03 
-1.100810E-01 9.371329E-02 -1.000000E-03 
-1.076847E-01 9.167334E-02 -1.100000E-02 
-1.046815E-01 8.911667E-02 -2.100000E-02 
-1.010172E-01 8.599721E-02 -3.100000E-02 
-9.661666E-02 8.225096E-02 -4.100000E-02 
-9.137352E-02 7.778741E-02 -5.100000E-02 
-8.513225E-02 7.247414E-02 -6.100000E-02 
-7.765256E-02 6.610658E-02 -7.100000E-02 
-6.853014E-02 5.834056E-02 -8.100000E-02 
-5.698140E-02 4.850897E-02 -9.100000E-02 
-4.100512E-02 3.490817E-02 -1.010000E-01 
-6.993537E-18 5.953685E-18 -1.110000E-01 
-7.360622E-18 5.493375E-18 1.890000E-01 
-4.315744E-02 3.220924E-02 1.790000E-01 
-5.997230E-02 4.475849E-02 1.690000E-01 
-7.212723E-02 5.382995E-02 1.590000E-01 
-8.172847E-02 6.099555E-02 1.490000E-01 
-8.960077E-02 6.687079E-02 1.390000E-01 
-9.616963E-02 7.177326E-02 1.290000E-01 
-1.016880E-01 7.589172E-02 1.190000E-01 
-1.063195E-01 7.934833E-02 1.090000E-01 
-1.101762E-01 8.222660E-02 9.900000E-02 
-1.133370E-01 8.458560E-02 8.900000E-02 
-1.158590E-01 8.646784E-02 7.900000E-02 
-1.177833E-01 8.790394E-02 6.900000E-02 
-1.191387E-01 8.891552E-02 5.900000E-02 
-1.199446E-01 8.951699E-02 4.900000E-02 
-1.202120E-01 8.971658E-02 3.900000E-02 
-1.199446E-01 8.951699E-02 2.900000E-02 
-1.191387E-01 8.891552E-02 1.900000E-02 
-1.177833E-01 8.790394E-02 9.000000E-03 
-1.158590E-01 8.646784E-02 -1.000000E-03 
-1.133370E-01 8.458560E-02 -1.100000E-02 
-1.101762E-01 8.222660E-02 -2.100000E-02 
-1.063195E-01 7.934833E-02 -3.100000E-02 
-1.016880E-01 7.589172E-02 -4.100000E-02 
-9.616963E-02 7.177326E-02 -5.100000E-02 
-8.960077E-02 6.687079E-02 -6.100000E-02 
-8.172847E-02 6.099555E-02 -7.100000E-02 
-7.212723E-02 5.382995E-02 -8.100000E-02 
-5.997230E-02 4.475849E-02 -9.100000E-02 
-4.315744E-02 3.220924E-02 -1.010000E-01 
-7.360622E-18 5.493375E-18 -1.110000E-01 
-7.697460E-18 5.010491E-18 1.890000E-01 
-4.513243E-02 2.937795E-02 1.790000E-01 
-6.271677E-02 4.082409E-02 1.690000E-01 
-7.542793E-02 4.909814E-02 1.590000E-01 
-8.546855E-02 5.563386E-02 1.490000E-01 
-9.370110E-02 6.099266E-02 1.390000E-01 
-1.005706E-01 6.546419E-02 1.290000E-01 
-1.063415E-01 6.922062E-02 1.190000E-01 
-1.111850E-01 7.237338E-02 1.090000E-01 
-1.152181E-01 7.499865E-02 9.900000E-02 
-1.185236E-01 7.715029E-02 8.900000E-02 
-1.211610E-01 7.886707E-02 7.900000E-02 
-1.231733E-01 8.017693E-02 6.900000E-02 
-1.245908E-01 8.109959E-02 5.900000E-02 
-1.254335E-01 8.164819E-02 4.900000E-02 
-1.257132E-01 8.183024E-02 3.900000E-02 
-1.254335E-01 8.164819E-02 2.900000E-02 
-1.245908E-01 8.109959E-02 1.900000E-02 
-1.231733E-01 8.017693E-02 9.000000E-03 
-1.211610E-01 7.886707E-02 -1.000000E-03 
-1.185236E-01 7.715029E-02 -1.100000E-02 
-1.152181E-01 7.499865E-02 -2.100000E-02 
-1.111850E-01 7.237338E-02 -3.100000E-02 
-1.063415E-01 6.922062E-02 -4.100000E-02 
-1.005706E-01 6.546419E-02 -5.100000E-02 
-9.370110E-02 6.099266E-02 -6.100000E-02 
-8.546855E-02 5.563386E-02 -7.100000E-02 
-7.542793E-02 4.909814E-02 -8.100000E-02 
-6.271677E-02 4.082409E-02 -9.100000E-02 
-4.513243E-02 2.937795E-02 -1.010000E-01 
-7.697460E-18 5.010491E-18 -1.110000E-01 
-8.002668E-18 4.507019E-18 1.890000E-01 
-4.692195E-02 2.642595E-02 1.790000E-01 
-6.520352E-02 3.672194E-02 1.690000E-01 
-7.841868E-02 4.416458E-02 1.590000E-01 
-8.885742E-02 5.004357E-02 1.490000E-01 
-9.741639E-02 5.486389E-02 1.390000E-01 
-1.045582E-01 5.888611E-02 1.290000E-01 
-1.105579E-01 6.226508E-02 1.190000E-01 
-1.155935E-01 6.510104E-02 1.090000E-01 
-1.197865E-01 6.746251E-02 9.900000E-02 
-1.232231E-01 6.939794E-02 8.900000E-02 
-1.259651E-01 7.094221E-02 7.900000E-02 
-1.280572E-01 7.212046E-02 6.900000E-02 
-1.295308E-01 7.295041E-02 5.900000E-02 
-1.304070E-01 7.344388E-02 4.900000E-02 
-1.306978E-01 7.360763E-02 3.900000E-02 
-1.304070E-01 7.344388E-02 2.900000E-02 
-1.295308E-01 7.295041E-02 1.900000E-02 
-1.280572E-01 7.212046E-02 9.000000E-03 
-1.259651E-01 7.094221E-02 -1.000000E-03 
-1.232231E-01 6.939794E-02 -1.100000E-02 
-1.197865E-01 6.746251E-02 -2.100000E-02 
-1.155935E-01 6.510104E-02 -3.100000E-02 
-1.105579E-01 6.226508E-02 -4.100000E-02 
-1.045582E-01 5.888611E-02 -5.100000E-02 
-9.741639E-02 5.486389E-02 -6.100000E-02 
-8.885742E-02 5.004357E-02 -7.100000E-02 
-7.841868E-02 4.416458E-02 -8.100000E-02 
-6.520352E-02 3.672194E-02 -9.100000E-02 
-4.692195E-02 2.642595E-02 -1.010000E-01 
-8.002668E-18 4.507019E-18 -1.110000E-01 
-8.274992E-18 3.985026E-18 1.890000E-01 
-4.851866E-02 2.336535E-02 1.790000E-01 
-6.742234E-02 3.246889E-02 1.690000E-01 
-8.108720E-02 3.904954E-02 1.590000E-01 
-9.188116E-02 4.424763E-02 1.490000E-01 
-1.007314E-01 4.850968E-02 1.390000E-01 
-1.081163E-01 5.206605E-02 1.290000E-01 
-1.143201E-01 5.505367E-02 1.190000E-01 
-1.195270E-01 5.756118E-02 1.090000E-01 
-1.238627E-01 5.964915E-02 9.900000E-02 
-1.274162E-01 6.136043E-02 8.900000E-02 
-1.302516E-01 6.272584E-02 7.900000E-02 
-1.324148E-01 6.376763E-02 6.900000E-02 
-1.339387E-01 6.450145E-02 5.900000E-02 
-1.348447E-01 6.493777E-02 4.900000E-02 
-1.351453E-01 6.508256E-02 3.900000E-02 
-1.348447E-01 6.493777E-02 2.900000E-02 
-1.339387E-01 6.450145E-02 1.900000E-02 
-1.324148E-01 6.376763E-02 9.000000E-03 
-1.302516E-01 6.272584E-02 -1.000000E-03 
-1.274162E-01 6.136043E-02 -1.100000E-02 
-1.238627E-01 5.964915E-02 -2.100000E-02 
-1.195270E-01 5.756118E-02 -3.100000E-02 
-1.143201E-01 5.505367E-02 -4.100000E-02 
-1.081163E-01 5.206605E-02 -5.100000E-02 
-1.007314E-01 4.850968E-02 -6.100000E-02 
-9.188116E-02 4.424763E-02 -7.100000E-02 
-8.108720E-02 3.904954E-02 -8.100000E-02 
-6.742234E-02 3.246889E-02 -9.100000E-02 
-4.851866E-02 2.336535E-02 -1.010000E-01 
-8.274992E-18 3.985026E-18 -1.110000E-01 
-8.513311E-18 3.446658E-18 1.890000E-01 
-4.991600E-02 2.020875E-02 1.790000E-01 
-6.936410E-02 2.808241E-02 1.690000E-01 
-8.342251E-02 3.377403E-02 1.590000E-01 
-9.452733E-02 3.826988E-02 1.490000E-01 
-1.036324E-01 4.195613E-02 1.390000E-01 
-1.112300E-01 4.503204E-02 1.290000E-01 
-1.176126E-01 4.761604E-02 1.190000E-01 
-1.229694E-01 4.978479E-02 1.090000E-01 
-1.274300E-01 5.159068E-02 9.900000E-02 
-1.310858E-01 5.307077E-02 8.900000E-02 
-1.340028E-01 5.425172E-02 7.900000E-02 
-1.362284E-01 5.515276E-02 6.900000E-02 
-1.377961E-01 5.578745E-02 5.900000E-02 
-1.387282E-01 5.616482E-02 4.900000E-02 
-1.390375E-01 5.629005E-02 3.900000E-02 
-1.387282E-01 5.616482E-02 2.900000E-02 
-1.377961E-01 5.578745E-02 1.900000E-02 
-1.362284E-01 5.515276E-02 9.000000E-03 
-1.340028E-01 5.425172E-02 -1.000000E-03 
-1.310858E-01 5.307077E-02 -1.100000E-02 
-1.274300E-01 5.159068E-02 -2.100000E-02 
-1.229694E-01 4.978479E-02 -3.100000E-02 
-1.176126E-01 4.761604E-02 -4.100000E-02 
-1.112300E-01 4.503204E-02 -5.100000E-02 
-1.036324E-01 4.195613E-02 -6.100000E-02 
-9.452733E-02 3.826988E-02 -7.100000E-02 
-8.342251E-02 3.377403E-02 -8.100000E-02 
-6.936410E-02 2.808241E-02 -9.100000E-02 
-4.991600E-02 2.020875E-02 -1.010000E-01 
-8.513311E-18 3.446658E-18 -1.110000E-01 
-8.716648E-18 2.894126E-18 1.890000E-01 
-5.110822E-02 1.696910E-02 1.790000E-01 
-7.102083E-02 2.358054E-02 1.690000E-01 
-8.541502E-02 2.835974E-02 1.590000E-01 
-9.678508E-02 3.213486E-02 1.490000E-01 
-1.061077E-01 3.523017E-02 1.390000E-01 
-1.138867E-01 3.781299E-02 1.290000E-01 
-1.204217E-01 3.998275E-02 1.190000E-01 
-1.259065E-01 4.180383E-02 1.090000E-01 
-1.304736E-01 4.332022E-02 9.900000E-02 
-1.342168E-01 4.456303E-02 8.900000E-02 
-1.372034E-01 4.555467E-02 7.900000E-02 
-1.394821E-01 4.631126E-02 6.900000E-02 
-1.410873E-01 4.684420E-02 5.900000E-02 
-1.420417E-01 4.716108E-02 4.900000E-02 
-1.423584E-01 4.726623E-02 3.900000E-02 
-1.420417E-01 4.716108E-02 2.900000E-02 
-1.410873E-01 4.684420E-02 1.900000E-02 
-1.394821E-01 4.631126E-02 9.000000E-03 
-1.372034E-01 4.555467E-02 -1.000000E-03 
-1.342168E-01 4.456303E-02 -1.100000E-02 
-1.304736E-01 4.332022E-02 -2.100000E-02 
-1.259065E-01 4.180383E-02 -3.100000E-02 
-1.204217E-01 3.998275E-02 -4.100000E-02 
-1.138867E-01 3.781299E-02 -5.100000E-02 
-1.061077E-01 3.523017E-02 -6.100000E-02 
-9.678508E-02 3.213486E-02 -7.100000E-02 
-8.541502E-02 2.835974E-02 -8.100000E-02 
-7.102083E-02 2.358054E-02 -9.100000E-02 
-5.110822E-02 1.696910E-02 -1.010000E-01 
-8.716648E-18 2.894126E-18 -1.110000E-01 
-8.884166E-18 2.329703E-18 1.890000E-01 
-5.209042E-02 1.365972E-02 1.790000E-01 
-7.238572E-02 1.898177E-02 1.690000E-01 
-8.705654E-02 2.282891E-02 1.590000E-01 
-9.864511E-02 2.586779E-02 1.490000E-01 
-1.081469E-01 2.835944E-02 1.390000E-01 
-1.160754E-01 3.043855E-02 1.290000E-01 
-1.227360E-01 3.218516E-02 1.190000E-01 
-1.283262E-01 3.365108E-02 1.090000E-01 
-1.329811E-01 3.487174E-02 9.900000E-02 
-1.367962E-01 3.587218E-02 8.900000E-02 
-1.398402E-01 3.667042E-02 7.900000E-02 
-1.421627E-01 3.727946E-02 6.900000E-02 
-1.437987E-01 3.770846E-02 5.900000E-02 
-1.447714E-01 3.796354E-02 4.900000E-02 
-1.450942E-01 3.804819E-02 3.900000E-02 
-1.447714E-01 3.796354E-02 2.900000E-02 
-1.437987E-01 3.770846E-02 1.900000E-02 
-1.421627E-01 3.727946E-02 9.000000E-03 
-1.398402E-01 3.667042E-02 -1.000000E-03 
-1.367962E-01 3.587218E-02 -1.100000E-02 
-1.329811E-01 3.487174E-02 -2.100000E-02 
-1.283262E-01 3.365108E-02 -3.100000E-02 
-1.227360E-01 3.218516E-02 -4.100000E-02 
-1.160754E-01 3.043855E-02 -5.100000E-02 
-1.081469E-01 2.835944E-02 -6.100000E-02 
-9.864511E-02 2.586779E-02 -7.100000E-02 
-8.705654E-02 2.282891E-02 -8.100000E-02 
-7.238572E-02 1.898177E-02 -9.100000E-02 
-5.209042E-02 1.365972E-02 -1.010000E-01 
-8.884166E-18 2.329703E-18 -1.110000E-01 
-9.015177E-18 1.755706E-18 1.890000E-01 
-5.285858E-02 1.029421E-02 1.790000E-01 
-7.345316E-02 1.430500E-02 1.690000E-01 
-8.834032E-02 1.720428E-02 1.590000E-01 
-1.000998E-01 1.949443E-02 1.490000E-01 
-1.097416E-01 2.137218E-02 1.390000E-01 
-1.177871E-01 2.293904E-02 1.290000E-01 
-1.245459E-01 2.425531E-02 1.190000E-01 
-1.302185E-01 2.536006E-02 1.090000E-01 
-1.349421E-01 2.627997E-02 9.900000E-02 
-1.388134E-01 2.703391E-02 8.900000E-02 
-1.419024E-01 2.763548E-02 7.900000E-02 
-1.442591E-01 2.809447E-02 6.900000E-02 
-1.459193E-01 2.841777E-02 5.900000E-02 
-1.469063E-01 2.861000E-02 4.900000E-02 
-1.472339E-01 2.867379E-02 3.900000E-02 
-1.469063E-01 2.861000E-02 2.900000E-02 
-1.459193E-01 2.841777E-02 1.900000E-02 
-1.442591E-01 2.809447E-02 9.000000E-03 
-1.419024E-01 2.763548E-02 -1.000000E-03 
-1.388134E-01 2.703391E-02 -1.100000E-02 
-1.349421E-01 2.627997E-02 -2.100000E-02 
-1.302185E-01 2.536006E-02 -3.100000E-02 
-1.245459E-01 2.425531E-02 -4.100000E-02 
-1.177871E-01 2.293904E-02 -5.100000E-02 
-1.097416E-01 2.137218E-02 -6.100000E-02 
-1.000998E-01 1.949443E-02 -7.100000E-02 
-8.834032E-02 1.720428E-02 -8.100000E-02 
-7.345316E-02 1.430500E-02 -9.100000E-02 
-5.285858E-02 1.029421E-02 -1.010000E-01 
-9.015177E-18 1.755706E-18 -1.110000E-01 
-9.109143E-18 1.174494E-18 1.890000E-01 
-5.340953E-02 6.886396E-03 1.790000E-01 
-7.421877E-02 9.569451E-03 1.690000E-01 
-8.926110E-02 1.150894E-02 1.590000E-01 
-1.011431E-01 1.304096E-02 1.490000E-01 
-1.108855E-01 1.429710E-02 1.390000E-01 
-1.190148E-01 1.534526E-02 1.290000E-01 
-1.258440E-01 1.622579E-02 1.190000E-01 
-1.315758E-01 1.696482E-02 1.090000E-01 
-1.363486E-01 1.758020E-02 9.900000E-02 
-1.402603E-01 1.808456E-02 8.900000E-02 
-1.433814E-01 1.848699E-02 7.900000E-02 
-1.457628E-01 1.879403E-02 6.900000E-02 
-1.474402E-01 1.901031E-02 5.900000E-02 
-1.484375E-01 1.913890E-02 4.900000E-02 
-1.487685E-01 1.918157E-02 3.900000E-02 
-1.484375E-01 1.913890E-02 2.900000E-02 
-1.474402E-01 1.901031E-02 1.900000E-02 
-1.457628E-01 1.879403E-02 9.000000E-03 
-1.433814E-01 1.848699E-02 -1.000000E-03 
-1.402603E-01 1.808456E-02 -1.100000E-02 
-1.363486E-01 1.758020E-02 -2.100000E-02 
-1.315758E-01 1.696482E-02 -3.100000E-02 
-1.258440E-01 1.622579E-02 -4.100000E-02 
-1.190148E-01 1.534526E-02 -5.100000E-02 
-1.108855E-01 1.429710E-02 -6.100000E-02 
-1.011431E-01 1.304096E-02 -7.100000E-02 
-8.926110E-02 1.150894E-02 -8.100000E-02 
-7.421877E-02 9.569451E-03 -9.100000E-02 
-5.340953E-02 6.886396E-03 -1.010000E-01 
-9.109143E-18 1.174494E-18 -1.110000E-01 
-9.165677E-18 5.884560E-19 1.890000E-01 
-5.374100E-02 3.450287E-03 1.790000E-01 
-7.467940E-02 4.794576E-03 1.690000E-01 
-8.981509E-02 5.766320E-03 1.590000E-01 
-1.017709E-01 6.533906E-03 1.490000E-01 
-1.115737E-01 7.163268E-03 1.390000E-01 
-1.197534E-01 7.688426E-03 1.290000E-01 
-1.266251E-01 8.129600E-03 1.190000E-01 
-1.323924E-01 8.499875E-03 1.090000E-01 
-1.371948E-01 8.808199E-03 9.900000E-02 
-1.411308E-01 9.060897E-03 8.900000E-02 
-1.442713E-01 9.262524E-03 7.900000E-02 
-1.466674E-01 9.416361E-03 6.900000E-02 
-1.483552E-01 9.524723E-03 5.900000E-02 
-1.493588E-01 9.589152E-03 4.900000E-02 
-1.496918E-01 9.610533E-03 3.900000E-02 
-1.493588E-01 9.589152E-03 2.900000E-02 
-1.483552E-01 9.524723E-03 1.900000E-02 
-1.466674E-01 9.416361E-03 9.000000E-03 
-1.442713E-01 9.262524E-03 -1.000000E-03 
-1.411308E-01 9.060897E-03 -1.100000E-02 
-1.371948E-01 8.808199E-03 -2.100000E-02 
-1.323924E-01 8.499875E-03 -3.100000E-02 
-1.266251E-01 8.129600E-03 -4.100000E-02 
-1.197534E-01 7.688426E-03 -5.100000E-02 
-1.115737E-01 7.163268E-03 -6.100000E-02 
-1.017709E-01 6.533906E-03 -7.100000E-02 
-8.981509E-02 5.766320E-03 -8.100000E-02 
-7.467940E-02 4.794576E-03 -9.100000E-02 
-5.374100E-02 3.450287E-03 -1.010000E-01 
-9.165677E-18 5.884560E-19 -1.110000E-01 
-9.184548E-18 1.124746E-33 1.890000E-01 
-5.385165E-02 6.594707E-18 1.790000E-01 
-7.483315E-02 9.164115E-18 1.690000E-01 
-9.000000E-02 1.102146E-17 1.590000E-01 
-1.019804E-01 1.248858E-17 1.490000E-01 
-1.118034E-01 1.369152E-17 1.390000E-01 
-1.200000E-01 1.469528E-17 1.290000E-01 
-1.268858E-01 1.553851E-17 1.190000E-01 
-1.326650E-01 1.624624E-17 1.090000E-01 
-1.374773E-01 1.683555E-17 9.900000E-02 
-1.414214E-01 1.731855E-17 8.900000E-02 
-1.445683E-01 1.770393E-17 7.900000E-02 
-1.469694E-01 1.799796E-17 6.900000E-02 
-1.486607E-01 1.820508E-17 5.900000E-02 
-1.496663E-01 1.832823E-17 4.900000E-02 
-1.500000E-01 1.836910E-17 3.900000E-02 
-1.496663E-01 1.832823E-17 2.900000E-02 
-1.486607E-01 1.820508E-17 1.900000E-02 
-1.469694E-01 1.799796E-17 9.000000E-03 
-1.445683E-01 1.770393E-17 -1.000000E-03 
-1.414214E-01 1.731855E-17 -1.100000E-02 
-1.374773E-01 1.683555E-17 -2.100000E-02 
-1.326650E-01 1.624624E-17 -3.100000E-02 
-1.268858E-01 1.553851E-17 -4.100000E-02 
-1.200000E-01 1.469528E-17 -5.100000E-02 
-1.118034E-01 1.369152E-17 -6.100000E-02 
-1.019804E-01 1.248858E-17 -7.100000E-02 
-9.000000E-02 1.102146E-17 -8.100000E-02 
-7.483315E-02 9.164115E-18 -9.100000E-02 
-5.385165E-02 6.594707E-18 -1.010000E-01 
-9.184548E-18 1.124746E-33 -1.110000E-01 
1 2 33 32 
32 33 64 63 
63 64 95 94 
94 95 126 125 
125 126 157 156 
156 157 188 187 
187 188 219 218 
218 219 250 249 
249 250 281 280 
280 281 312 311 
311 312 343 342 
342 343 374 373 
373 374 405 404 
404 405 436 435 
435 436 467 466 
466 467 498 497 
497 498 529 528 
528 529 560 559 
559 560 591 590 
590 591 622 621 
621 622 653 652 
652 653 684 683 
683 684 715 714 
714 715 746 745 
745 746 777 776 
776 777 808 807 
807 808 839 838 
838 839 870 869 
869 870 901 900 
900 901 932 931 
931 932 963 962 
962 963 994 993 
993 994 1025 1024 
1024 1025 1056 1055 
1055 1056 1087 1086 
1086 1087 1118 1117 
1117 1118 1149 1148 
1148 1149 1180 1179 
1179 1180 1211 1210 
1210 1211 1242 1241 
1241 1242 1273 1272 
1272 1273 1304 1303 
1303 1304 1335 1334 
1334 1335 1366 1365 
1365 1366 1397 1396 
1396 1397 1428 1427 
1427 1428 1459 1458 
1458 1459 1490 1489 
1489 1490 1521 1520 
2 3 34 33 
33 34 65 64 
64 65 96 95 
95 96 127 126 
126 127 158 157 
157 158 189 188 
188 189 220 219 
219 220 251 250 
250 251 282 281 
281 282 313 312 
312 313 344 343 
343 344 375 374 
374 375 406 405 
405 406 437 436 
436 437 468 467 
467 468 499 498 
498 499 530 529 
529 530 561 560 
560 561 592 591 
591 592 623 622 
622 623 654 653 
653 654 685 684 
684 685 716 715 
715 716 747 746 
746 747 778 777 
777 778 809 808 
808 809 840 839 
839 840 871 870 
870 871 902 901 
901 902 933 932 
932 933 964 963 
963 964 995 994 
994 995 1026 1025 
1025 1026 1057 1056 
1056 1057 1088 1087 
1087 1088 1119 1118 
1118 1119 1150 1149 
1149 1150 1181 1180 
1180 1181 1212 1211 
1211 1212 1243 1242 
1242 1243 1274 1273 
1273 1274 1305 1304 
1304 1305 1336 1335 
1335 1336 1367 1366 
1366 1367 1398 1397 
1397 1398 1429 1428 
1428 1429 1460 1459 
1459 1460 1491 1490 
1490 1491 1522 1521 
3 4 35 34 
34 35 66 65 
65 66 97 96 
96 97 128 127 
127 128 159 158 
158 159 190 189 
189 190 221 220 
220 221 252 251 
251 252 283 282 
282 283 314 313 
313 314 345 344 
344 345 376 375 
375 376 407 406 
406 407 438 437 
437 438 469 468 
468 469 500 499 
499 500 531 530 
530 531 562 561 
561 562 593 592 
592 593 624 623 
623 624 655 654 
654 655 686 685 
685 686 717 716 
716 717 748 747 
747 748 779 778 
778 779 810 809 
809 810 841 840 
840 841 872 871 
871 872 903 902 
902 903 934 933 
933 934 965 964 
964 965 996 995 
995 996 1027 1026 
1026 1027 1058 1057 
1057 1058 1089 1088 
1088 1089 1120 1119 
1119 1120 1151 1150 
1150 1151 1182 1181 
1181 1182 1213 1212 
1212 1213 1244 1243 
1243 1244 1275 1274 
1274 1275 1306 1305 
1305 1306 1337 1336 
1336 1337 1368 1367 
1367 1368 1399 1398 
1398 1399 1430 1429 
1429 1430 1461 1460 
1460 1461 1492 1491 
1491 1492 1523 1522 
4 5 36 35 
35 36 67 66 
66 67 98 97 
97 98 129 128 
128 129 160 159 
159 160 191 190 
190 191 222 221 
221 222 253 252 
252 253 284 283 
283 284 315 314 
314 315 346 345 
345 346 377 376 
376 377 408 407 
407 408 439 438 
438 439 470 469 
469 470 501 500 
500 501 532 531 
531 532 563 562 
562 563 594 593 
593 594 625 624 
624 625 656 655 
655 656 687 686 
686 687 718 717 
717 718 749 748 
748 749 780 779 
779 780 811 810 
810 811 842 841 
841 842 873 872 
872 873 904 903 
903 904 935 934 
934 935 966 965 
965 966 997 996 
996 997 1028 1027 
1027 1028 1059 1058 
1058 1059 1090 1089 
1089 1090 1121 1120 
1120 1121 1152 1151 
1151 1152 1183 1182 
1182 1183 1214 1213 
1213 1214 1245 1244 
1244 1245 1276 1275 
1275 1276 1307 1306 
1306 1307 1338 1337 
1337 1338 1369 1368 
1368 1369 1400 1399 
1399 1400 1431 1430 
1430 1431 1462 1461 
1461 1462 1493 1492 
1492 1493 1524 1523 
5 6 37 36 
36 37 68 67 
67 68 99 98 
98 99 130 129 
129 130 161 160 
160 161 192 191 
191 192 223 222 
222 223 254 253 
253 254 285 284 
284 285 316 315 
315 316 347 346 
346 347 378 377 
377 378 409 408 
408 409 440 439 
439 440 471 470 
470 471 502 501 
501 502 533 532 
532 533 564 563 
563 564 595 594 
594 595 626 625 
625 626 657 656 
656 657 688 687 
687 688 719 718 
718 719 750 749 
749 750 781 780 
780 781 812 811 
811 812 843 842 
842 843 874 873 
873 874 905 904 
904 905 936 935 
935 936 967 966 
966 967 998 997 
997 998 1029 1028 
1028 1029 1060 1059 
1059 1060 1091 1090 
1090 1091 1122 1121 
1121 1122 1153 1152 
1152 1153 1184 1183 
1183 1184 1215 1214 
1214 1215 1246 1245 
1245 1246 1277 1276 
1276 1277 1308 1307 
1307 1308 1339 1338 
1338 1339 1370 1369 
1369 1370 1401 1400 
1400 1401 1432 1431 
1431 1432 1463 1462 
1462 1463 1494 1493 
1493 1494 1525 1524 
6 7 38 37 
37 38 69 68 
68 69 100 99 
99 100 131 130 
130 131 162 161 
161 162 193 192 
192 193 224 223 
223 224 255 254 
254 255 286 285 
285 286 317 316 
316 317 348 347 
347 348 379 378 
378 379 410 409 
409 410 441 440 
440 441 472 471 
471 472 503 502 
502 503 534 533 
533 534 565 564 
564 565 596 595 
595 596 627 626 
626 627 658 657 
657 658 689 688 
688 689 720 719 
719 720 751 750 
750 751 782 781 
781 782 813 812 
812 813 844 843 
843 844 875 874 
874 875 906 905 
905 906 937 936 
936 937 968 967 
967 968 999 998 
998 999 1030 1029 
1029 1030 1061 1060 
1060 1061 1092 1091 
1091 1092 1123 1122 
1122 1123 1154 1153 
1153 1154 1185 1184 
1184 1185 1216 1215 
1215 1216 1247 1246 
1246 1247 1278 1277 
1277 1278 1309 1308 
1308 1309 1340 1339 
1339 1340 1371 1370 
1370 1371 1402 1401 
1401 1402 1433 1432 
1432 1433 1464 1463 
1463 1464 1495 1494 
1494 1495 1526 1525 
7 8 39 38 
38 39 70 69 
69 70 101 100 
100 101 132 131 
131 132 163 162 
162 163 194 193 
193 194 225 224 
224 225 256 255 
255 256 287 286 
286 287 318 317 
317 318 349 348 
348 349 380 379 
379 380 411 410 
410 411 442 441 
441 442 473 472 
472 473 504 503 
503 504 535 534 
534 535 566 565 
565 566 597 596 
596 597 628 627 
627 628 659 658 
658 659 690 689 
689 690 721 720 
720 721 752 751 
751 752 783 782 
782 783 814 813 
813 814 845 844 
844 845 876 875 
875 876 907 906 
906 907 938 937 
937 938 969 968 
968 969 1000 999 
999 1000 1031 1030 
1030 1031 1062 1061 
1061 1062 1093 1092 
1092 1093 1124 1123 
1123 1124 1155 1154 
1154 1155 1186 1185 
1185 1186 1217 1216 
1216 1217 1248 1247 
1247 1248 1279 1278 
1278 1279 1310 1309 
1309 1310 1341 1340 
1340 1341 1372 1371 
1371 1372 1403 1402 
1402 1403 1434 1433 
1433 1434 1465 1464 
1464 1465 1496 1495 
1495 1496 1527 1526 
8 9 40 39 
39 40 71 70 
70 71 102 101 
101 102 133 132 
132 133 164 163 
163 164 195 194 
194 195 226 225 
225 226 257 256 
256 257 288 287 
287 288 319 318 
318 319 350 349 
349 350 381 380 
380 381 412 411 
411 412 443 442 
442 443 474 473 
473 474 505 504 
504 505 536 535 
535 536 567 566 
566 567 598 597 
597 598 629 628 
628 629 660 659 
659 660 691 690 
690 691 722 721 
721 722 753 752 
752 753 784 783 
783 784 815 814 
814 815 846 845 
845 846 877 876 
876 877 908 907 
907 908 939 938 
938 939 970 969 
969 970 1001 1000 
1000 1001 1032 1031 
1031 1032 1063 1062 
1062 1063 1094 1093 
1093 1094 1125 1124 
1124 1125 1156 1155 
1155 1156 1187 1186 
1186 1187 1218 1217 
1217 1218 1249 1248 
1248 1249 1280 1279 
1279 1280 1311 1310 
1310 1311 1342 1341 
1341 1342 1373 1372 
1372 1373 1404 1403 
1403 1404 1435 1434 
1434 1435 1466 1465 
1465 1466 1497 1496 
1496 1497 1528 1527 
9 10 41 40 
40 41 72 71 
71 72 103 102 
102 103 134 133 
133 134 165 164 
164 165 196 195 
195 196 227 226 
226 227 258 257 
257 258 289 288 
288 289 320 319 
319 320 351 350 
350 351 382 381 
381 382 413 412 
412 413 444 443 
443 444 475 474 
474 475 506 505 
505 506 537 536 
536 537 568 567 
567 568 599 598 
598 599 630 629 
629 630 661 660 
660 661 692 691 
691 692 723 722 
722 723 754 753 
753 754 785 784 
784 785 816 815 
815 816 847 846 
846 847 878 877 
877 878 909 908 
908 909 940 939 
939 940 971 970 
970 971 1002 1001 
1001 1002 1033 1032 
1032 1033 1064 1063 
1063 1064 1095 1094 
1094 1095 1126 1125 
1125 1126 1157 1156 
1156 1157 1188 1187 
1187 1188 1219 1218 
1218 1219 1250 1249 
1249 1250 1281 1280 
1280 1281 1312 1311 
1311 1312 1343 1342 
1342 1343 1374 1373 
1373 1374 1405 1404 
1404 1405 1436 1435 
1435 1436 1467 1466 
1466 1467 1498 1497 
1497 1498 1529 1528 
10 11 42 41 
41 42 73 72 
72 73 104 103 
103 104 135 134 
134 135 166 165 
165 166 197 196 
196 197 228 227 
227 228 259 258 
258 259 290 289 
289 290 321 320 
320 321 352 351 
351 352 383 382 
382 383 414 413 
413 414 445 444 
444 445 476 475 
475 476 507 506 
506 507 538 537 
537 538 569 568 
568 569 600 599 
599 600 631 630 
630 631 662 661 
661 662 693 692 
692 693 724 723 
723 724 755 754 
754 755 786 785 
785 786 817 816 
816 817 848 847 
847 848 879 878 
878 879 910 909 
909 910 941 940 
940 941 972 971 
971 972 1003 1002 
1002 1003 1034 1033 
1033 1034 1065 1064 
1064 1065 1096 1095 
1095 1096 1127 1126 
1126 1127 1158 1157 
1157 1158 1189 1188 
1188 1189 1220 1219 
1219 1220 1251 1250 
1250 1251 1282 1281 
1281 1282 1313 1312 
1312 1313 1344 1343 
1343 1344 1375 1374 
1374 1375 1406 1405 
1405 1406 1437 1436 
1436 1437 1468 1467 
1467 1468 1499 1498 
1498 1499 1530 1529 
11 12 43 42 
42 43 74 73 
73 74 105 104 
104 105 136 135 
135 136 167 166 
166 167 198 197 
197 198 229 228 
228 229 260 259 
259 260 291 290 
290 291 322 321 
321 322 353 352 
352 353 384 383 
383 384 415 414 
414 415 446 445 
445 446 477 476 
476 477 508 507 
507 508 539 538 
538 539 570 569 
569 570 601 600 
600 601 632 631 
631 632 663 662 
662 663 694 693 
693 694 725 724 
724 725 756 755 
755 756 787 786 
786 787 818 817 
817 818 849 848 
848 849 880 879 
879 880 911 910 
910 911 942 941 
941 942 973 972 
972 973 1004 1003 
1003 1004 1035 1034 
1034 1035 1066 1065 
1065 1066 1097 1096 
1096 1097 1128 1127 
1127 1128 1159 1158 
1158 1159 1190 1189 
1189 1190 1221 1220 
1220 1221 1252 1251 
1251 1252 1283 1282 
1282 1283 1314 1313 
1313 1314 1345 1344 
1344 1345 1376 1375 
1375 1376 1407 1406 
1406 1407 1438 1437 
1437 1438 1469 1468 
1468 1469 1500 1499 
1499 1500 1531 1530 
12 13 44 43 
43 44 75 74 
74 75 106 105 
105 106 137 136 
136 137 168 167 
167 168 199 198 
198 199 230 229 
229 230 261 260 
260 261 292 291 
291 292 323 322 
322 323 354 353 
353 354 385 384 
384 385 416 415 
415 416 447 446 
446 447 478 477 
477 478 509 508 
508 509 540 539 
539 540 571 570 
570 571 602 601 
601 602 633 632 
632 633 664 663 
663 664 695 694 
694 695 726 725 
725 726 757 756 
756 757 788 787 
787 788 819 818 
818 819 850 849 
849 850 881 880 
880 881 912 911 
911 912 943 942 
942 943 974 973 
973 974 1005 1004 
1004 1005 1036 1035 
1035 1036 1067 1066 
1066 1067 1098 1097 
1097 1098 1129 1128 
1128 1129 1160 1159 
1159 1160 1191 1190 
1190 1191 1222 1221 
1221 1222 1253 1252 
1252 1253 1284 1283 
1283 1284 1315 1314 
1314 1315 1346 1345 
1345 1346 1377 1376 
1376 1377 1408 1407 
1407 1408 1439 1438 
1438 1439 1470 1469 
1469 1470 1501 1500 
1500 1501 1532 1531 
13 14 45 44 
44 45 76 75 
75 76 107 106 
106 107 138 137 
137 138 169 168 
168 169 200 199 
199 200 231 230 
230 231 262 261 
261 262 293 292 
292 293 324 323 
323 324 355 354 
354 355 386 385 
385 386 417 416 
416 417 448 447 
447 448 479 478 
478 479 510 509 
509 510 541 540 
540 541 572 571 
571 572 603 602 
602 603 634 633 
633 634 665 664 
664 665 696 695 
695 696 727 726 
726 727 758 757 
757 758 789 788 
788 789 820 819 
819 820 851 850 
850 851 882 881 
881 882 913 912 
912 913 944 943 
943 944 975 974 
974 975 1006 1005 
1005 1006 1037 1036 
1036 1037 1068 1067 
1067 1068 1099 1098 
1098 1099 1130 1129 
1129 1130 1161 1160 
1160 1161 1192 1191 
1191 1192 1223 1222 
1222 1223 1254 1253 
1253 1254 1285 1284 
1284 1285 1316 1315 
1315 1316 1347 1346 
1346 1347 1378 1377 
1377 1378 1409 1408 
1408 1409 1440 1439 
1439 1440 1471 1470 
1470 1471 1502 1501 
1501 1502 1533 1532 
14 15 46 45 
45 46 77 76 
76 77 108 107 
107 108 139 138 
138 139 170 169 
169 170 201 200 
200 201 232 231 
231 232 263 262 
262 263 294 293 
293 294 325 324 
324 325 356 355 
355 356 387 386 
386 387 418 417 
417 418 449 448 
448 449 480 479 
479 480 511 510 
510 511 542 541 
541 542 573 572 
572 573 604 603 
603 604 635 634 
634 635 666 665 
665 666 697 696 
696 697 728 727 
727 728 759 758 
758 759 790 789 
789 790 821 820 
820 821 852 851 
851 852 883 882 
882 883 914 913 
913 914 945 944 
944 945 976 975 
975 976 1007 1006 
1006 1007 1038 1037 
1037 1038 1069 1068 
1068 1069 1100 1099 
1099 1100 1131 1130 
1130 1131 1162 1161 
1161 1162 1193 1192 
1192 1193 1224 1223 
1223 1224 1255 1254 
1254 1255 1286 1285 
1285 1286 1317 1316 
1316 1317 1348 1347 
1347 1348 1379 1378 
1378 1379 1410 1409 
1409 1410 1441 1440 
1440 1441 1472 1471 
1471 1472 1503 1502 
1502 1503 1534 1533 
15 16 47 46 
46 47 78 77 
77 78 109 108 
108 109 140 139 
139 140 171 170 
170 171 202 201 
201 202 233 232 
232 233 264 263 
263 264 295 294 
294 295 326 325 
325 326 357 356 
356 357 388 387 
387 388 419 418 
418 419 450 449 
449 450 481 480 
480 481 512 511 
511 512 543 542 
542 543 574 573 
573 574 605 604 
604 605 636 635 
635 636 667 666 
666 667 698 697 
697 698 729 728 
728 729 760 759 
759 760 791 790 
790 791 822 821 
821 822 853 852 
852 853 884 883 
883 884 915 914 
914 915 946 945 
945 946 977 976 
976 977 1008 1007 
1007 1008 1039 1038 
1038 1039 1070 1069 
1069 1070 1101 1100 
1100 1101 1132 1131 
1131 1132 1163 1162 
1162 1163 1194 1193 
1193 1194 1225 1224 
1224 1225 1256 1255 
1255 1256 1287 1286 
1286 1287 1318 1317 
1317 1318 1349 1348 
1348 1349 1380 1379 
1379 1380 1411 1410 
1410 1411 1442 1441 
1441 1442 1473 1472 
1472 1473 1504 1503 
1503 1504 1535 1534 
16 17 48 47 
47 48 79 78 
78 79 110 109 
109 110 141 140 
140 141 172 171 
171 172 203 202 
202 203 234 233 
233 234 265 264 
264 265 296 295 
295 296 327 326 
326 327 358 357 
357 358 389 388 
388 389 420 419 
419 420 451 450 
450 451 482 481 
481 482 513 512 
512 513 544 543 
543 544 575 574 
574 575 606 605 
605 606 637 636 
636 637 668 667 
667 668 699 698 
698 699 730 729 
729 730 761 760 
760 761 792 791 
791 792 823 822 
822 823 854 853 
853 854 885 884 
884 885 916 915 
915 916 947 946 
946 947 978 977 
977 978 1009 1008 
1008 1009 1040 1039 
1039 1040 1071 1070 
1070 1071 1102 1101 
1101 1102 1133 1132 
1132 1133 1164 1163 
1163 1164 1195 1194 
1194 1195 1226 1225 
1225 1226 1257 1256 
1256 1257 1288 1287 
1287 1288 1319 1318 
1318 1319 1350 1349 
1349 1350 1381 1380 
1380 1381 1412 1411 
1411 1412 1443 1442 
1442 1443 1474 1473 
1473 1474 1505 1504 
1504 1505 1536 1535 
17 18 49 48 
48 49 80 79 
79 80 111 110 
110 111 142 141 
141 142 173 172 
172 173 204 203 
203 204 235 234 
234 235 266 265 
265 266 297 296 
296 297 328 327 
327 328 359 358 
358 359 390 389 
389 390 421 420 
420 421 452 451 
451 452 483 482 
482 483 514 513 
513 514 545 544 
544 545 576 575 
575 576 607 606 
606 607 638 637 
637 638 669 668 
668 669 700 699 
699 700 731 730 
730 731 762 761 
761 762 793 792 
792 793 824 823 
823 824 855 854 
854 855 886 885 
885 886 917 916 
916 917 948 947 
947 948 979 978 
978 979 1010 1009 
1009 1010 1041 1040 
1040 1041 1072 1071 
1071 1072 1103 1102 
1102 1103 1134 1133 
1133 1134 1165 1164 
1164 1165 1196 1195 
1195 1196 1227 1226 
1226 1227 1258 1257 
1257 1258 1289 1288 
1288 1289 1320 1319 
1319 1320 1351 1350 
1350 1351 1382 1381 
1381 1382 1413 1412 
1412 1413 1444 1443 
1443 1444 1475 1474 
1474 1475 1506 1505 
1505 1506 1537 1536 
18 19 50 49 
49 50 81 80 
80 81 112 111 
111 112 143 142 
142 143 174 173 
173 174 205 204 
204 205 236 235 
235 236 267 266 
266 267 298 297 
297 298 329 328 
328 329 360 359 
359 360 391 390 
390 391 422 421 
421 422 453 452 
452 453 484 483 
483 484 515 514 
514 515 546 545 
545 546 577 576 
576 577 608 607 
607 608 639 638 
638 639 670 669 
669 670 701 700 
700 701 732 731 
731 732 763 762 
762 763 794 793 
793 794 825 824 
824 825 856 855 
855 856 887 886 
886 887 918 917 
917 918 949 948 
948 949 980 979 
979 980 1011 1010 
1010 1011 1042 1041 
1041 1042 1073 1072 
1072 1073 1104 1103 
1103 1104 1135 1134 
1134 1135 1166 1165 
1165 1166 1197 1196 
1196 1197 1228 1227 
1227 1228 1259 1258 
1258 1259 1290 1289 
1289 1290 1321 1320 
1320 1321 1352 1351 
1351 1352 1383 1382 
1382 1383 1414 1413 
1413 1414 1445 1444 
1444 1445 1476 1475 
1475 1476 1507 1506 
1506 1507 1538 1537 
19 20 51 50 
50 51 82 81 
81 82 113 112 
112 113 144 143 
143 144 175 174 
174 175 206 205 
205 206 237 236 
236 237 268 267 
267 268 299 298 
298 299 330 329 
329 330 361 360 
360 361 392 391 
391 392 423 422 
422 423 454 453 
453 454 485 484 
484 485 516 515 
515 516 547 546 
546 547 578 577 
577 578 609 608 
608 609 640 639 
639 640 671 670 
670 671 702 701 
701 702 733 732 
732 733 764 763 
763 764 795 794 
794 795 826 825 
825 826 857 856 
856 857 888 887 
887 888 919 918 
918 919 950 949 
949 950 981 980 
980 981 1012 1011 
1011 1012 1043 1042 
1042 1043 1074 1073 
1073 1074 1105 1104 
1104 1105 1136 1135 
1135 1136 1167 1166 
1166 1167 1198 1197 
1197 1198 1229 1228 
1228 1229 1260 1259 
1259 1260 1291 1290 
1290 1291 1322 1321 
1321 1322 1353 1352 
1352 1353 1384 1383 
1383 1384 1415 1414 
1414 1415 1446 1445 
1445 1446 1477 1476 
1476 1477 1508 1507 
1507 1508 1539 1538 
20 21 52 51 
51 52 83 82 
82 83 114 113 
113 114 145 144 
144 145 176 175 
175 176 207 206 
206 207 238 237 
237 238 269 268 
268 269 300 299 
299 300 331 330 
330 331 362 361 
361 362 393 392 
392 393 424 423 
423 424 455 454 
454 455 486 485 
485 486 517 516 
516 517 548 547 
547 548 579 578 
578 579 610 609 
609 610 641 640 
640 641 672 671 
671 672 703 702 
702 703 734 733 
733 734 765 764 
764 765 796 795 
795 796 827 826 
826 827 858 857 
857 858 889 888 
888 889 920 919 
919 920 951 950 
950 951 982 981 
981 982 1013 1012 
1012 1013 1044 1043 
1043 1044 1075 1074 
1074 1075 1106 1105 
1105 1106 1137 1136 
1136 1137 1168 1167 
1167 1168 1199 1198 
1198 1199 1230 1229 
1229 1230 1261 1260 
1260 1261 1292 1291 
1291 1292 1323 1322 
1322 1323 1354 1353 
1353 1354 1385 1384 
1384 1385 1416 1415 
1415 1416 1447 1446 
1446 1447 1478 1477 
1477 1478 1509 1508 
1508 1509 1540 1539 
21 22 53 52 
52 53 84 83 
83 84 115 114 
114 115 146 145 
145 146 177 176 
176 177 208 207 
207 208 239 238 
238 239 270 269 
269 270 301 300 
300 301 332 331 
331 332 363 362 
362 363 394 393 
393 394 425 424 
424 425 456 455 
455 456 487 486 
486 487 518 517 
517 518 549 548 
548 549 580 579 
579 580 611 610 
610 611 642 641 
641 642 673 672 
672 673 704 703 
703 704 735 734 
734 735 766 765 
765 766 797 796 
796 797 828 827 
827 828 859 858 
858 859 890 889 
889 890 921 920 
920 921 952 951 
951 952 983 982 
982 983 1014 1013 
1013 1014 1045 1044 
1044 1045 1076 1075 
1075 1076 1107 1106 
1106 1107 1138 1137 
1137 1138 1169 1168 
1168 1169 1200 1199 
1199 1200 1231 1230 
1230 1231 1262 1261 
1261 1262 1293 1292 
1292 1293 1324 1323 
1323 1324 1355 1354 
1354 1355 1386 1385 
1385 1386 1417 1416 
1416 1417 1448 1447 
1447 1448 1479 1478 
1478 1479 1510 1509 
1509 1510 1541 1540 
22 23 54 53 
53 54 85 84 
84 85 116 115 
115 116 147 146 
146 147 178 177 
177 178 209 208 
208 209 240 239 
239 240 271 270 
270 271 302 301 
301 302 333 332 
332 333 364 363 
363 364 395 394 
394 395 426 425 
425 426 457 456 
456 457 488 487 
487 488 519 518 
518 519 550 549 
549 550 581 580 
580 581 612 611 
611 612 643 642 
642 643 674 673 
673 674 705 704 
704 705 736 735 
735 736 767 766 
766 767 798 797 
797 798 829 828 
828 829 860 859 
859 860 891 890 
890 891 922 921 
921 922 953 952 
952 953 984 983 
983 984 1015 1014 
1014 1015 1046 1045 
1045 1046 1077 1076 
1076 1077 1108 1107 
1107 1108 1139 1138 
1138 1139 1170 1169 
1169 1170 1201 1200 
1200 1201 1232 1231 
1231 1232 1263 1262 
1262 1263 1294 1293 
1293 1294 1325 1324 
1324 1325 1356 1355 
1355 1356 1387 1386 
1386 1387 1418 1417 
1417 1418 1449 1448 
1448 1449 1480 1479 
1479 1480 1511 1510 
1510 1511 1542 1541 
23 24 55 54 
54 55 86 85 
85 86 117 116 
116 117 148 147 
147 148 179 178 
178 179 210 209 
209 210 241 240 
240 241 272 271 
271 272 303 302 
302 303 334 333 
333 334 365 364 
364 365 396 395 
395 396 427 426 
426 427 458 457 
457 458 489 488 
488 489 520 519 
519 520 551 550 
550 551 582 581 
581 582 613 612 
612 613 644 643 
643 644 675 674 
674 675 706 705 
705 706 737 736 
736 737 768 767 
767 768 799 798 
798 799 830 829 
829 830 861 860 
860 861 892 891 
891 892 923 922 
922 923 954 953 
953 954 985 984 
984 985 1016 1015 
1015 1016 1047 1046 
1046 1047 1078 1077 
1077 1078 1109 1108 
1108 1109 1140 1139 
1139 1140 1171 1170 
1170 1171 1202 1201 
1201 1202 1233 1232 
1232 1233 1264 1263 
1263 1264 1295 1294 
1294 1295 1326 1325 
1325 1326 1357 1356 
1356 1357 1388 1387 
1387 1388 1419 1418 
1418 1419 1450 1449 
1449 1450 1481 1480 
1480 1481 1512 1511 
1511 1512 1543 1542 
24 25 56 55 
55 56 87 86 
86 87 118 117 
117 118 149 148 
148 149 180 179 
179 180 211 210 
210 211 242 241 
241 242 273 272 
272 273 304 303 
303 304 335 334 
334 335 366 365 
365 366 397 396 
396 397 428 427 
427 428 459 458 
458 459 490 489 
489 490 521 520 
520 521 552 551 
551 552 583 582 
582 583 614 613 
613 614 645 644 
644 645 676 675 
675 676 707 706 
706 707 738 737 
737 738 769 768 
768 769 800 799 
799 800 831 830 
830 831 862 861 
861 862 893 892 
892 893 924 923 
923 924 955 954 
954 955 986 985 
985 986 1017 1016 
1016 1017 1048 1047 
1047 1048 1079 1078 
1078 1079 1110 1109 
1109 1110 1141 1140 
1140 1141 1172 1171 
1171 1172 1203 1202 
1202 1203 1234 1233 
1233 1234 1265 1264 
1264 1265 1296 1295 
1295 1296 1327 1326 
1326 1327 1358 1357 
1357 1358 1389 1388 
1388 1389 1420 1419 
1419 1420 1451 1450 
1450 1451 1482 1481 
1481 1482 1513 1512 
1512 1513 1544 1543 
25 26 57 56 
56 57 88 87 
87 88 119 118 
118 119 150 149 
149 150 181 180 
180 181 212 211 
211 212 243 242 
242 243 274 273 
273 274 305 304 
304 305 336 335 
335 336 367 366 
366 367 398 397 
397 398 429 428 
428 429 460 459 
459 460 491 490 
490 491 522 521 
521 522 553 552 
552 553 584 583 
583 584 615 614 
614 615 646 645 
645 646 677 676 
676 677 708 707 
707 708 739 738 
738 739 770 769 
769 770 801 800 
800 801 832 831 
831 832 863 862 
862 863 894 893 
893 894 925 924 
924 925 956 955 
955 956 987 986 
986 987 1018 1017 
1017 1018 1049 1048 
1048 1049 1080 1079 
1079 1080 1111 1110 
1110 1111 1142 1141 
1141 1142 1173 1172 
1172 1173 1204 1203 
1203 1204 1235 1234 
1234 1235 1266 1265 
1265 1266 1297 1296 
1296 1297 1328 1327 
1327 1328 1359 1358 
1358 1359 1390 1389 
1389 1390 1421 1420 
1420 1421 1452 1451 
1451 1452 1483 1482 
1482 1483 1514 1513 
1513 1514 1545 1544 
26 27 58 57 
57 58 89 88 
88 89 120 119 
119 120 151 150 
150 151 182 181 
181 182 213 212 
212 213 244 243 
243 244 275 274 
274 275 306 305 
305 306 337 336 
336 337 368 367 
367 368 399 398 
398 399 430 429 
429 430 461 460 
460 461 492 491 
491 492 523 522 
522 523 554 553 
553 554 585 584 
584 585 616 615 
615 616 647 646 
646 647 678 677 
677 678 709 708 
708 709 740 739 
739 740 771 770 
770 771 802 801 
801 802 833 832 
832 833 864 863 
863 864 895 894 
894 895 926 925 
925 926 957 956 
956 957 988 987 
987 988 1019 1018 
1018 1019 1050 1049 
1049 1050 1081 1080 
1080 1081 1112 1111 
1111 1112 1143 1142 
1142 1143 1174 1173 
1173 1174 1205 1204 
1204 1205 1236 1235 
1235 1236 1267 1266 
1266 1267 1298 1297 
1297 1298 1329 1328 
1328 1329 1360 1359 
1359 1360 1391 1390 
1390 1391 1422 1421 
1421 1422 1453 1452 
1452 1453 1484 1483 
1483 1484 1515 1514 
1514 1515 1546 1545 
27 28 59 58 
58 59 90 89 
89 90 121 120 
120 121 152 151 
151 152 183 182 
182 183 214 213 
213 214 245 244 
244 245 276 275 
275 276 307 306 
306 307 338 337 
337 338 369 368 
368 369 400 399 
399 400 431 430 
430 431 462 461 
461 462 493 492 
492 493 524 523 
523 524 555 554 
554 555 586 585 
585 586 617 616 
616 617 648 647 
647 648 679 678 
678 679 710 709 
709 710 741 740 
740 741 772 771 
771 772 803 802 
802 803 834 833 
833 834 865 864 
864 865 896 895 
895 896 927 926 
926 927 958 957 
957 958 989 988 
988 989 1020 1019 
1019 1020 1051 1050 
1050 1051 1082 1081 
1081 1082 1113 1112 
1112 1113 1144 1143 
1143 1144 1175 1174 
1174 1175 1206 1205 
1205 1206 1237 1236 
1236 1237 1268 1267 
1267 1268 1299 1298 
1298 1299 1330 1329 
1329 1330 1361 1360 
1360 1361 1392 1391 
1391 1392 1423 1422 
1422 1423 1454 1453 
1453 1454 1485 1484 
1484 1485 1516 1515 
1515 1516 1547 1546 
28 29 60 59 
59 60 91 90 
90 91 122 121 
121 122 153 152 
152 153 184 183 
183 184 215 214 
214 215 246 245 
245 246 277 276 
276 277 308 307 
307 308 339 338 
338 339 370 369 
369 370 401 400 
400 401 432 431 
431 432 463 462 
462 463 494 493 
493 494 525 524 
524 525 556 555 
555 556 587 586 
586 587 618 617 
617 618 649 648 
648 649 680 679 
679 680 711 710 
710 711 742 741 
741 742 773 772 
772 773 804 803 
803 804 835 834 
834 835 866 865 
865 866 897 896 
896 897 928 927 
927 928 959 958 
958 959 990 989 
989 990 1021 1020 
1020 1021 1052 1051 
1051 1052 1083 1082 
1082 1083 1114 1113 
1113 1114 1145 1144 
1144 1145 1176 1175 
1175 1176 1207 1206 
1206 1207 1238 1237 
1237 1238 1269 1268 
1268 1269 1300 1299 
1299 1300 1331 1330 
1330 1331 1362 1361 
1361 1362 1393 1392 
1392 1393 1424 1423 
1423 1424 1455 1454 
1454 1455 1486 1485 
1485 1486 1517 1516 
1516 1517 1548 1547 
29 30 61 60 
60 61 92 91 
91 92 123 122 
122 123 154 153 
153 154 185 184 
184 185 216 215 
215 216 247 246 
246 247 278 277 
277 278 309 308 
308 309 340 339 
339 340 371 370 
370 371 402 401 
401 402 433 432 
432 433 464 463 
463 464 495 494 
494 495 526 525 
525 526 557 556 
556 557 588 587 
587 588 619 618 
618 619 650 649 
649 650 681 680 
680 681 712 711 
711 712 743 742 
742 743 774 773 
773 774 805 804 
804 805 836 835 
835 836 867 866 
866 867 898 897 
897 898 929 928 
928 929 960 959 
959 960 991 990 
990 991 1022 1021 
1021 1022 1053 1052 
1052 1053 1084 1083 
1083 1084 1115 1114 
1114 1115 1146 1145 
1145 1146 1177 1176 
1176 1177 1208 1207 
1207 1208 1239 1238 
1238 1239 1270 1269 
1269 1270 1301 1300 
1300 1301 1332 1331 
1331 1332 1363 1362 
1362 1363 1394 1393 
1393 1394 1425 1424 
1424 1425 1456 1455 
1455 1456 1487 1486 
1486 1487 1518 1517 
1517 1518 1549 1548 
30 31 62 61 
61 62 93 92 
92 93 124 123 
123 124 155 154 
154 155 186 185 
185 186 217 216 
216 217 248 247 
247 248 279 278 
278 279 310 309 
309 310 341 340 
340 341 372 371 
371 372 403 402 
402 403 434 433 
433 434 465 464 
464 465 496 495 
495 496 527 526 
526 527 558 557 
557 558 589 588 
588 589 620 619 
619 620 651 650 
650 651 682 681 
681 682 713 712 
712 713 744 743 
743 744 775 774 
774 775 806 805 
805 806 837 836 
836 837 868 867 
867 868 899 898 
898 899 930 929 
929 930 961 960 
960 961 992 991 
991 992 1023 1022 
1022 1023 1054 1053 
1053 1054 1085 1084 
1084 1085 1116 1115 
1115 1116 1147 1146 
1146 1147 1178 1177 
1177 1178 1209 1208 
1208 1209 1240 1239 
1239 1240 1271 1270 
1270 1271 1302 1301 
1301 1302 1333 1332 
1332 1333 1364 1363 
1363 1364 1395 1394 
1394 1395 1426 1425 
1425 1426 1457 1456 
1456 1457 1488 1487 
1487 1488 1519 1518 
1518 1519 1550 1549 
