Nb de periode :   100
 0.1000
 -0.399259E-11  0.246617E-10 -0.116605E-10
 -0.330758E-11  0.138953E-03 -0.120224E-10
 -0.109327E-10  0.838022E-10 -0.319335E-10
 0.3010
  0.215507E-07  0.635457E-09  0.629521E-07
  0.318323E-11  0.376932E-02  0.469754E-09
  0.628349E-07  0.214312E-08  0.183548E-06
 0.5020
  0.845113E-06  0.219500E-08  0.246866E-05
 -0.363798E-11  0.172962E-01  0.831278E-09
  0.246804E-05  0.451948E-08  0.720939E-05
 0.7030
  0.909606E-05  0.961259E-08  0.265706E-04
  0.285945E-08  0.467252E-01  0.119326E-08
  0.265703E-04  0.298281E-07  0.776151E-04
 0.9040
  0.528487E-04  0.243862E-07  0.154377E-03
 -0.197906E-08  0.971887E-01 -0.108630E-07
  0.154378E-03  0.466636E-07  0.450954E-03
 1.1051
  0.214377E-03  0.467511E-07  0.626217E-03
 -0.900036E-08  0.172645E+00 -0.149448E-07
  0.626222E-03  0.132916E-06  0.182926E-02
 1.3061
  0.686088E-03  0.966914E-07  0.200414E-02
 -0.470754E-08  0.275635E+00  0.123109E-07
  0.200414E-02  0.271923E-06  0.585429E-02
 1.5071
  0.185446E-02  0.190203E-06  0.541707E-02
  0.117579E-07  0.407142E+00  0.771543E-07
  0.541708E-02  0.618830E-06  0.158239E-01
 1.7081
  0.442278E-02  0.382709E-06  0.129194E-01
 -0.707223E-08  0.566494E+00 -0.675791E-07
  0.129194E-01  0.104595E-05  0.377389E-01
 1.9091
  0.953995E-02  0.504291E-06  0.278672E-01
 -0.147556E-07  0.751355E+00 -0.149652E-06
  0.278672E-01  0.157321E-05  0.814029E-01
 2.1101
  0.190525E-01  0.422435E-06  0.556541E-01
 -0.550062E-07  0.957881E+00 -0.148721E-06
  0.556542E-01  0.116589E-05  0.162571E+00
 2.3111
  0.356246E-01  0.777435E-06  0.104063E+00
 -0.411819E-07  0.118096E+01 -0.557629E-07
  0.104063E+00  0.254501E-05  0.303978E+00
 2.5121
  0.631439E-01  0.112357E-05  0.184449E+00
 -0.320724E-07  0.141408E+01  0.545988E-07
  0.184449E+00  0.357293E-05  0.538795E+00
 2.7131
  0.107030E+00  0.679092E-06  0.312644E+00
  0.761356E-07  0.165040E+01  0.136206E-07
  0.312644E+00  0.224265E-05  0.913262E+00
 2.9141
  0.174241E+00  0.103628E-05  0.508974E+00
  0.640284E-09  0.188229E+01  0.128057E-08
  0.508973E+00  0.311944E-05  0.148676E+01
 3.1152
  0.274289E+00  0.899076E-06  0.801222E+00
  0.112341E-07  0.210168E+01 -0.791624E-08
  0.801222E+00  0.313699E-05  0.234044E+01
 3.3162
  0.419684E+00 -0.212240E-07  0.122594E+01
 -0.390573E-07  0.230161E+01 -0.522472E-06
  0.122594E+01 -0.332744E-06  0.358106E+01
 3.5172
  0.625247E+00 -0.840417E-06  0.182640E+01
 -0.216882E-06  0.247531E+01 -0.235392E-06
  0.182640E+01 -0.176139E-05  0.533506E+01
 3.7182
  0.909136E+00 -0.166113E-05  0.265566E+01
  0.420900E-06  0.261555E+01  0.484521E-06
  0.265566E+01 -0.503642E-05  0.775739E+01
 3.9192
  0.129540E+01 -0.396647E-05  0.378395E+01
 -0.125729E-07  0.271793E+01 -0.466593E-06
  0.378395E+01 -0.119343E-04  0.110532E+02
 4.1202
  0.181266E+01 -0.649059E-05  0.529491E+01
  0.123284E-06  0.277911E+01  0.494765E-06
  0.529491E+01 -0.189393E-04  0.154668E+02
 4.3212
  0.249311E+01 -0.495609E-05  0.728256E+01
 -0.713626E-07  0.279620E+01  0.483822E-06
  0.728256E+01 -0.162597E-04  0.212728E+02
 4.5222
  0.337340E+01 -0.284944E-05  0.985392E+01
  0.849832E-07  0.276814E+01  0.440748E-06
  0.985393E+01 -0.607863E-05  0.287840E+02
 4.7232
  0.449416E+01  0.655476E-06  0.131278E+02
 -0.293017E-06  0.269473E+01 -0.118744E-06
  0.131278E+02  0.315788E-05  0.383470E+02
 4.9242
  0.590724E+01 -0.430329E-05  0.172554E+02
 -0.118301E-05  0.257872E+01 -0.278000E-05
  0.172554E+02 -0.121514E-04  0.504039E+02
 5.1253
  0.766718E+01 -0.568421E-05  0.223963E+02
 -0.208931E-05  0.242355E+01 -0.668014E-05
  0.223963E+02 -0.163813E-04  0.654206E+02
 5.3263
  0.982506E+01 -0.722078E-05  0.286995E+02
 -0.113226E-05  0.223401E+01 -0.357558E-05
  0.286995E+02 -0.210493E-04  0.838327E+02
 5.5273
  0.124325E+02 -0.634545E-05  0.363159E+02
 -0.152562E-06  0.201769E+01  0.216532E-06
  0.363159E+02 -0.194064E-04  0.106081E+03
 5.7283
  0.155279E+02 -0.160537E-05  0.453576E+02
 -0.839296E-06  0.177888E+01 -0.300840E-05
  0.453577E+02 -0.450527E-05  0.132492E+03
 5.9293
  0.191346E+02  0.898261E-06  0.558929E+02
 -0.107614E-05  0.152278E+01 -0.371155E-05
  0.558929E+02  0.236463E-05  0.163266E+03
 6.1303
  0.232680E+02 -0.325963E-08  0.679665E+02
 -0.101986E-05  0.126080E+01 -0.249420E-05
  0.679667E+02  0.311062E-05  0.198533E+03
 6.3313
  0.279188E+02 -0.353903E-07  0.815518E+02
  0.349246E-09  0.100662E+01  0.207219E-07
  0.815520E+02 -0.236649E-05  0.238215E+03
 6.5323
  0.330254E+02  0.229338E-05  0.964680E+02
  0.240252E-06  0.764452E+00  0.853674E-06
  0.964681E+02  0.993442E-05  0.281785E+03
 6.7333
  0.384825E+02  0.333041E-05  0.112408E+03
  0.334528E-05  0.537658E+00  0.934419E-05
  0.112408E+03  0.116909E-04  0.328347E+03
 6.9343
  0.441354E+02  0.243215E-05  0.128920E+03
  0.497137E-05  0.333988E+00  0.148608E-04
  0.128920E+03  0.813417E-05  0.376578E+03
 7.1354
  0.498102E+02  0.470737E-05  0.145497E+03
  0.643400E-05  0.165758E+00  0.186932E-04
  0.145497E+03  0.114255E-04  0.424997E+03
 7.3364
  0.553029E+02  0.237254E-05  0.161541E+03
  0.112815E-04  0.461801E-01  0.328889E-04
  0.161541E+03  0.650622E-05  0.471861E+03
 7.5374
  0.603986E+02  0.278419E-05  0.176425E+03
  0.884409E-05 -0.295185E-01  0.258353E-04
  0.176425E+03  0.870414E-05  0.515338E+03
 7.7384
  0.648994E+02  0.291876E-05  0.189572E+03
  0.120397E-04 -0.634973E-01  0.351426E-04
  0.189572E+03  0.680052E-05  0.553738E+03
 7.9394
  0.686535E+02  0.285963E-05  0.200537E+03
  0.157193E-04 -0.520272E-01  0.459559E-04
  0.200537E+03  0.919774E-05  0.585767E+03
 8.1404
  0.715460E+02  0.236975E-05  0.208985E+03
  0.144494E-04  0.840752E-02  0.422808E-04
  0.208985E+03  0.971369E-05  0.610443E+03
 8.3414
  0.735295E+02  0.430923E-05  0.214779E+03
  0.121173E-04  0.125789E+00  0.351205E-04
  0.214779E+03  0.100750E-04  0.627368E+03
 8.5424
  0.746234E+02  0.509620E-05  0.217973E+03
  0.108527E-04  0.296495E+00  0.323420E-04
  0.217973E+03  0.779331E-05  0.636698E+03
 8.7434
  0.748891E+02 -0.395812E-07  0.218750E+03
  0.100745E-04  0.507747E+00  0.297105E-04
  0.218750E+03  0.112504E-05  0.638963E+03
 8.9444
  0.744026E+02  0.753906E-06  0.217328E+03
  0.154422E-05  0.757533E+00  0.442762E-05
  0.217328E+03  0.726432E-06  0.634811E+03
 9.1455
  0.732726E+02 -0.372529E-08  0.214027E+03
  0.601888E-05  0.103808E+01  0.171689E-04
  0.214027E+03 -0.560097E-05  0.625167E+03
 9.3465
  0.715990E+02 -0.396278E-06  0.209139E+03
  0.805063E-05  0.135020E+01  0.228987E-04
  0.209139E+03 -0.443496E-05  0.610887E+03
 9.5475
  0.695167E+02  0.439351E-06  0.203055E+03
  0.655513E-05  0.169205E+01  0.185850E-04
  0.203056E+03  0.299513E-05  0.593118E+03
 9.7485
  0.671134E+02  0.658212E-06  0.196035E+03
  0.965020E-05  0.205850E+01  0.280997E-04
  0.196035E+03  0.271201E-05  0.572612E+03
 9.9495
  0.644747E+02  0.989065E-06  0.188328E+03
  0.889230E-05  0.243620E+01  0.262307E-04
  0.188328E+03  0.378862E-05  0.550098E+03
10.1505
  0.616924E+02  0.958564E-06  0.180200E+03
  0.238676E-05  0.281780E+01  0.592149E-05
  0.180201E+03 -0.417698E-06  0.526357E+03
10.3515
  0.588210E+02  0.133773E-05  0.171813E+03
  0.554309E-05  0.320038E+01  0.163903E-04
  0.171813E+03 -0.261143E-05  0.501857E+03
10.5525
  0.559215E+02  0.408036E-06  0.163343E+03
 -0.112959E-06  0.357959E+01 -0.806118E-06
  0.163344E+03 -0.963919E-06  0.477116E+03
10.7535
  0.530074E+02  0.916072E-06  0.154831E+03
  0.390522E-05  0.395302E+01  0.111494E-04
  0.154831E+03  0.211410E-05  0.452252E+03
10.9545
  0.501396E+02  0.433880E-06  0.146454E+03
 -0.152751E-05  0.431880E+01 -0.469666E-05
  0.146455E+03  0.122236E-05  0.427784E+03
11.1556
  0.473397E+02 -0.870321E-06  0.138276E+03
 -0.223180E-05  0.466966E+01 -0.639747E-05
  0.138276E+03 -0.202877E-05  0.403893E+03
11.3566
  0.446080E+02  0.105210E-06  0.130296E+03
  0.382358E-05  0.499894E+01  0.110342E-04
  0.130297E+03 -0.979635E-06  0.380586E+03
11.5576
  0.419762E+02  0.190892E-06  0.122609E+03
  0.383277E-05  0.530701E+01  0.104081E-04
  0.122609E+03  0.893255E-06  0.358132E+03
11.7586
  0.394561E+02 -0.312255E-06  0.115248E+03
  0.212522E-05  0.559319E+01  0.528822E-05
  0.115248E+03 -0.799191E-07  0.336629E+03
11.9596
  0.370432E+02  0.544471E-06  0.108200E+03
 -0.107522E-05  0.585401E+01 -0.283992E-05
  0.108200E+03 -0.440705E-07  0.316042E+03
12.1606
  0.347524E+02 -0.432119E-07  0.101508E+03
 -0.357348E-05  0.609829E+01 -0.972761E-05
  0.101508E+03 -0.529457E-06  0.296496E+03
12.3616
  0.325536E+02 -0.512518E-06  0.950855E+02
 -0.529210E-06  0.632839E+01 -0.147047E-05
  0.950857E+02  0.605156E-06  0.277736E+03
12.5626
  0.304887E+02 -0.101094E-05  0.890540E+02
  0.261581E-05  0.656355E+01  0.857806E-05
  0.890541E+02 -0.127347E-05  0.260118E+03
12.7636
  0.285323E+02  0.138878E-05  0.833397E+02
  0.119668E-05  0.682301E+01  0.374147E-05
  0.833397E+02  0.457244E-05  0.243426E+03
12.9647
  0.266963E+02 -0.187336E-05  0.779766E+02
 -0.582077E-06  0.728495E+01 -0.295462E-05
  0.779768E+02 -0.407937E-05  0.227761E+03
13.1657
  0.249610E+02  0.710308E-06  0.729080E+02
  0.139992E-04 -0.278500E+01  0.412789E-04
  0.729080E+02  0.371877E-05  0.212955E+03
13.3667
  0.233277E+02 -0.196387E-05  0.681369E+02
  0.196219E-05  0.586304E+01  0.655451E-05
  0.681369E+02 -0.669726E-05  0.199019E+03
13.5677
  0.218051E+02 -0.163220E-04  0.636899E+02
 -0.465403E-05  0.631777E+01 -0.135135E-04
  0.636900E+02 -0.463441E-04  0.186029E+03
13.7687
  0.203727E+02 -0.165650E-05  0.595055E+02
 -0.943825E-05  0.649044E+01 -0.261865E-04
  0.595056E+02 -0.626128E-05  0.173807E+03
13.9697
  0.190385E+02 -0.907341E-05  0.556085E+02
 -0.547782E-05  0.657292E+01 -0.142520E-04
  0.556086E+02 -0.262784E-04  0.162424E+03
14.1707
  0.177785E+02 -0.796720E-05  0.519279E+02
 -0.963973E-05  0.660554E+01 -0.285856E-04
  0.519280E+02 -0.227775E-04  0.151674E+03
14.3717
  0.165948E+02 -0.190869E-05  0.484708E+02
  0.640721E-05  0.660793E+01  0.181335E-04
  0.484709E+02 -0.667281E-05  0.141576E+03
14.5727
  0.154909E+02 -0.320125E-05  0.452463E+02
  0.801956E-06  0.658953E+01  0.134023E-05
  0.452464E+02 -0.968750E-05  0.132157E+03
14.7737
  0.144535E+02 -0.171790E-04  0.422160E+02
 -0.160742E-04  0.655047E+01 -0.492771E-04
  0.422160E+02 -0.493492E-04  0.123305E+03
14.9747
  0.134775E+02 -0.112814E-04  0.393655E+02
 -0.835423E-05  0.649236E+01 -0.248547E-04
  0.393657E+02 -0.294230E-04  0.114980E+03
15.1758
  0.125445E+02 -0.397197E-05  0.366400E+02
 -0.964341E-06  0.641670E+01 -0.253238E-05
  0.366401E+02 -0.125072E-04  0.107019E+03
15.3768
  0.116638E+02 -0.193191E-06  0.340677E+02
  0.179921E-05  0.633241E+01  0.621326E-05
  0.340678E+02 -0.818807E-06  0.995052E+02
15.5778
  0.108140E+02 -0.428699E-07  0.315853E+02
  0.845539E-06  0.623491E+01  0.321312E-05
  0.315854E+02 -0.146293E-05  0.922545E+02
15.7788
  0.999304E+01 -0.981556E-06  0.291874E+02
  0.467408E-06  0.614064E+01 -0.136788E-07
  0.291876E+02 -0.391441E-05  0.852507E+02
15.9798
  0.917884E+01 -0.163293E-05  0.268093E+02
 -0.589032E-06  0.604133E+01 -0.189451E-05
  0.268095E+02 -0.535243E-05  0.783043E+02
16.1808
  0.830622E+01 -0.453205E-06  0.242603E+02
 -0.910906E-06  0.593590E+01 -0.208747E-05
  0.242606E+02 -0.399008E-05  0.708590E+02
16.3818
  0.726937E+01 -0.239295E-05  0.212317E+02
 -0.172232E-05  0.582161E+01 -0.421767E-05
  0.212321E+02  0.173366E-05  0.620127E+02
16.5828
  0.528969E+01 -0.331373E-05  0.154491E+02
 -0.823406E-06  0.569968E+01 -0.172784E-05
  0.154498E+02 -0.924233E-05  0.451226E+02
16.7838
  0.781859E+01  0.920310E-05  0.228396E+02
 -0.111073E-05  0.557269E+01 -0.430143E-05
  0.228372E+02 -0.511785E-05  0.667120E+02
16.9848
  0.824239E+01 -0.286882E-05  0.240746E+02
 -0.164822E-05  0.543932E+01 -0.387599E-05
  0.240741E+02 -0.468918E-05  0.703167E+02
17.1859
  0.710898E+01  0.100277E-06  0.207638E+02
  0.396569E-06  0.529904E+01  0.863045E-06
  0.207635E+02 -0.148153E-05  0.606457E+02
17.3869
  0.636889E+01  0.920190E-06  0.186020E+02
  0.189102E-06  0.515499E+01  0.161352E-06
  0.186019E+02  0.296353E-05  0.543315E+02
17.5879
  0.579277E+01  0.120229E-05  0.169191E+02
 -0.156680E-06  0.500281E+01 -0.478554E-06
  0.169191E+02  0.669243E-05  0.494160E+02
17.7889
  0.529573E+01  0.153313E-05  0.154673E+02
  0.763248E-08  0.485609E+01  0.946340E-06
  0.154673E+02  0.523648E-05  0.451754E+02
17.9899
  0.487700E+01  0.139076E-05  0.142442E+02
  0.106796E-05  0.470462E+01  0.141782E-05
  0.142442E+02  0.481453E-05  0.416030E+02
18.1909
  0.449109E+01  0.184987E-05  0.131170E+02
  0.154917E-05  0.455759E+01  0.436831E-05
  0.131171E+02  0.715320E-05  0.383106E+02
18.3919
  0.414999E+01  0.765795E-06  0.121207E+02
  0.920125E-06  0.440968E+01  0.193255E-05
  0.121208E+02  0.361702E-05  0.354006E+02
18.5929
  0.385251E+01  0.433123E-06  0.112518E+02
  0.104449E-05  0.426740E+01  0.380975E-05
  0.112518E+02  0.965403E-06  0.328625E+02
18.7939
  0.359659E+01 -0.148293E-05  0.105043E+02
 -0.155804E-05  0.411698E+01 -0.469107E-05
  0.105043E+02 -0.475219E-05  0.306792E+02
18.9949
  0.334254E+01 -0.201481E-05  0.976231E+01
 -0.329372E-05  0.395823E+01 -0.898982E-05
  0.976226E+01 -0.599038E-05  0.285119E+02
19.1960
  0.313311E+01 -0.167155E-05  0.915056E+01
 -0.331136E-06  0.379509E+01 -0.980217E-06
  0.915054E+01 -0.446118E-05  0.267250E+02
19.3970
  0.294622E+01 -0.783511E-06  0.860470E+01
  0.796084E-06  0.361830E+01  0.300276E-05
  0.860466E+01 -0.270893E-05  0.251306E+02
19.5980
  0.277967E+01 -0.339525E-06  0.811827E+01
  0.273002E-05  0.340780E+01  0.808167E-05
  0.811819E+01 -0.445347E-06  0.237100E+02
19.7990
  0.262675E+01  0.221706E-06  0.767160E+01
  0.915916E-05  0.311527E+01  0.265899E-04
  0.767157E+01  0.748521E-06  0.224054E+02
20.0000
  0.248813E+01 -0.577544E-06  0.726674E+01
  0.821069E-05  0.249555E+01  0.240409E-04
  0.726672E+01 -0.143735E-05  0.212229E+02
