  7.8614309E-02  -1.570796       7.862225     -3.9925936E-12 -7.4636773E-07
 -3.3075764E-12   22.96623     -1.0932660E-11  0.7116753      -1.570796    
   7.861732      2.1550704E-08 -7.8848427E-07  3.1832315E-12   22.96478    
  6.2834943E-08   1.980237      -1.570796       7.877378      8.4511328E-07
 -6.8582563E-07 -3.6379788E-12   23.01055      2.4680405E-06   3.903411    
  -1.570795       7.937300      9.0960621E-06 -1.0649142E-06  2.8594513E-09
   23.18557      2.6570337E-05   6.469873      -1.570789       7.982124    
  5.2848718E-05 -9.2638760E-07 -1.9790605E-09   23.31646      1.5437792E-04
   9.674860      -1.570772       8.021450      2.1437652E-04 -7.2837861E-07
 -9.0003596E-09   23.43127      6.2622188E-04   13.50256      -1.570731    
   8.053725      6.8608759E-04 -7.9329857E-07 -4.7075446E-09   23.52564    
  2.0041391E-03   17.93441      -1.570644       8.080249      1.8544572E-03
 -3.6012119E-07  1.1757948E-08   23.60312      5.4170829E-03   23.07317    
  -1.570479       8.145432      4.4227843E-03  1.0455072E-07 -7.0722308E-09
   23.79354      1.2919388E-02   28.73910      -1.570187       8.182219    
  9.5399544E-03 -3.2160563E-07 -1.4755642E-08   23.90095      2.7867243E-02
   35.16876      -1.569707       8.262680      1.9052457E-02 -8.9596888E-08
 -5.5006240E-08   24.13601      5.5654157E-02   42.13478      -1.568951    
   8.326746      3.5624616E-02  2.2748003E-07 -4.1181920E-08   24.32315    
  0.1040630       49.78573      -1.567818       8.409800      6.3143931E-02
  1.4514141E-07 -3.2072421E-08   24.56576      0.1844495       58.20437    
  -1.566183       8.517669      0.1070300      5.2468039E-07  7.6135620E-08
   24.88083      0.3126441       67.12796      -1.563881       8.613121    
  0.1742410      3.8398420E-07  6.4028427E-10   25.15968      0.5089732    
   76.79307      -1.560748       8.729560      0.2742892      4.7804582E-07
  1.1234079E-08   25.49969      0.8012223       87.39371      -1.556599    
   8.879459      0.4196840      6.5773571E-07 -3.9057340E-08   25.93762    
   1.225936       98.63552      -1.551187       9.030709      0.6252472    
  5.0628438E-07 -2.1688174E-07   26.37936       1.826400       110.4212    
  -1.544248       9.179070      0.9091361      4.0063946E-07  4.2089960E-07
   26.81281       2.655659       123.1866      -1.535576       9.357575    
   1.295397      7.6374687E-07 -1.2572855E-08   27.33422       3.783954    
   136.9950      -1.524909       9.562576       1.812662      1.3574717E-06
  1.2328383E-07   27.93305       5.294914       151.6048      -1.511911    
   9.775058       2.493111      9.7783004E-07 -7.1362592E-08   28.55365    
   7.282559       166.8597      -1.496242       9.986233       3.373402    
  1.3459443E-06  8.4983185E-08   29.17055       9.853933       182.7022    
  -1.477592       10.19493       4.494163     -9.8589546E-11 -2.9301737E-07
   29.78010       13.12776       199.6379      -1.455841       10.42216    
   5.907235     -2.1278086E-06 -1.1830125E-06   30.44382       17.25537    
   217.6085      -1.430706       10.65765       7.667185     -2.4156866E-06
 -2.0893058E-06   31.13178       22.39628       236.1773      -1.401779    
   10.87817       9.825057     -9.5147249E-07 -1.1322554E-06   31.77591    
   28.69952       255.1457      -1.368759       11.07264       12.43252    
 -1.0413044E-07 -1.5256228E-07   32.34383       36.31594       274.1200    
  -1.331352       11.22431       15.52791     -1.2720510E-06 -8.3929626E-07
   32.78688       45.35775       292.8471      -1.289459       11.32273    
   19.13458     -1.5705573E-06 -1.0761432E-06   33.07437       55.89293    
   311.4263      -1.243296       11.36700       23.26798     -1.2299535E-06
 -1.0198564E-06   33.20370       67.96665       329.6166      -1.192955    
   11.34394       27.91882     -8.8449940E-07  3.4924597E-10   33.13631    
   81.55196       346.6801      -1.138326       11.22896       33.02539    
 -3.3076572E-07  2.4025212E-07   32.80029       96.46811       362.0435    
  -1.079574       11.00766       38.48248      1.0162020E-06  3.3452816E-06
   32.15392       112.4084       375.2574      -1.017238       10.67536    
   44.13536      1.3214349E-06  4.9713708E-06   31.18326       128.9203    
   386.0823     -0.9520839       10.23682       49.81020      1.3938472E-06
  6.4339984E-06   29.90224       145.4968       394.0702     -0.8846221    
   9.694801       55.30293      2.2248571E-06  1.1281532E-05   28.31897    
   161.5407       398.8566     -0.8153921       9.060690       60.39863    
  1.4664174E-06  8.8440866E-06   26.46674       176.4248       400.3335    
 -0.7452270       8.356386       64.89942      1.8011738E-06  1.2039683E-05
   24.40943       189.5718       398.5604     -0.6750378       7.609124    
   68.65353      1.9607362E-06  1.5719306E-05   22.22669       200.5368    
   393.5626     -0.6053020       6.841107       71.54596      1.6657718E-06
  1.4449419E-05   19.98326       208.9848       385.5836     -0.5365481    
   6.078545       73.52949      9.8319379E-07  1.2117278E-05   17.75586    
   214.7786       375.0302     -0.4692438       5.344919       74.62335    
  7.1475620E-07  1.0852702E-05   15.61290       217.9734       362.3270    
 -0.4038066       4.658142       74.88912      8.5362552E-07  1.0074524E-05
   13.60690       218.7502       347.8045     -0.3403039       4.029019    
   74.40256      3.0299798E-08  1.5442201E-06   11.76919       217.3281    
   331.8348     -0.2788004       3.466360       73.27259      3.2658315E-07
  6.0188759E-06   10.12568       214.0271       314.7593     -0.2190646    
   2.970974       71.59903      3.8353116E-07  8.0506288E-06   8.678686    
   209.1387       297.0195     -0.1611731       2.544225       69.51675    
  1.7802233E-07  6.5551285E-06   7.432180       203.0558       278.8009    
 -0.1048021       2.183218       67.11340      1.0002526E-07  9.6502044E-06
   6.377686       196.0353       260.3295     -4.9565475E-02   1.882918    
   64.47474      3.6290660E-07  8.8922970E-06   5.500547       188.3281    
   241.8752      4.7614621E-03   1.638428       61.69236      2.4148946E-07
  2.3867615E-06   4.786426       180.2005       223.5659      5.8632601E-02
   1.443598       58.82104      3.0040894E-07  5.5430937E-06   4.217358    
   171.8133       205.5101      0.1125175       1.293573       55.92145    
  1.5268277E-07 -1.1295924E-07   3.779152       163.3435       187.8333    
  0.1673564       1.180857       53.00738      3.0138935E-08  3.9052175E-06
   3.449931       154.8313       170.6379      0.2234645       1.102160    
   50.13963      1.2591012E-07 -1.5275145E-06   3.220070       146.4547    
   153.9790      0.2816741       1.052377       47.33969      1.2990276E-07
 -2.2318013E-06   3.074679       138.2759       137.9402      0.3434517    
   1.026629       44.60796      2.2470022E-07  3.8235758E-06   2.999492    
   130.2966       122.5841      0.4098667       1.021608       41.97620    
 -2.2578826E-07  3.8327707E-06   2.984839       122.6093       107.9585    
  0.4828626       1.034329       39.45610      1.4256647E-09  2.1252199E-06
   3.022009       115.2480       94.14379      0.5648537       1.061074    
   37.04322      1.0014389E-07 -1.0752192E-06   3.100150       108.2000    
   81.21643      0.6598753       1.100161       34.75243      2.8719444E-07
 -3.5734774E-06   3.214341       101.5085       69.29601      0.7734658    
   1.148490       32.55364      5.0131138E-07 -5.2920950E-07   3.355524    
   95.08574       58.55847      0.9130389       1.204990       30.48868    
  2.0802104E-07  2.6158086E-06   3.520570       89.05408       49.27028    
   1.088519       1.267526       28.53230      1.9058940E-07  1.1966767E-06
   3.703254       83.33971       41.83071       1.311296       1.334868    
   26.69629     -9.0656442E-08 -5.8207661E-07   3.899966       77.97677    
   36.74783       1.584700       1.405125       24.96103     -7.2153545E-09
  1.3999175E-05   4.105190       72.90795       34.46256       1.892943    
   1.478275       23.32768     -5.3747289E-07  1.9621875E-06   4.318876    
   68.13692       34.90976       2.197065       1.552506       21.80515    
 -8.6325093E-07 -4.6540299E-06   4.535714       63.69002       37.52359    
   2.460922       1.627462       20.37266      1.0001340E-06 -9.4382485E-06
   4.754663       59.50565       41.51576       2.673072       1.702700    
   19.03850      8.3147495E-07 -5.4778211E-06   4.974446       55.60856    
   46.14629       2.839935       1.776958       17.77846      3.9327841E-07
 -9.6397271E-06   5.191348       51.92797       50.97392       2.972987    
   1.849993       16.59479     -9.1254799E-07  6.4072083E-06   5.404688    
   48.47089       55.74475       3.081737       1.921970       15.49090    
 -2.1281559E-07  8.0195605E-07   5.614946       45.24639       60.27948    
  -3.110003       1.992432       14.45345      1.7702627E-06 -1.6074162E-05
   5.820770       42.21598       64.47078      -3.030911       2.061052    
   13.47755      9.8501062E-07 -8.3542254E-06   6.021198       39.36568    
   68.22366      -2.960153       2.127695       12.54446      9.8804236E-08
 -9.6434087E-07   6.215870       36.64011       71.53384      -2.895531    
   2.192252       11.66384     -1.8751498E-07  1.7992134E-06   6.404436    
   34.06776       74.32492      -2.834801       2.254784       10.81396    
 -3.0203543E-07  8.4553903E-07   6.587099       31.58541       76.63452    
  -2.776372       2.315162       9.993042     -1.2088053E-07  4.6740752E-07
   6.763462       29.18764       78.34055      -2.717282       2.372813    
   9.178840      1.7775778E-07 -5.8903242E-07   6.931868       26.80946    
   79.13284      -2.651710       2.427556       8.306216      1.2881307E-07
 -9.1090624E-07   7.091765       24.26060       78.97521      -2.566236    
   2.476322       7.269368      5.5361483E-07 -1.7223210E-06   7.234213    
   21.23206       74.43781      -2.385943       2.519401       5.289690    
  2.9956735E-07 -8.2340557E-07   7.360051       15.44977       66.67621    
   2.637608       3.145205       7.818595      4.9318840E-07 -1.1107331E-06
   9.187940       22.83721       86.39193      -2.763461       2.743354    
   8.242390      1.8818530E-07 -1.6482227E-06   8.014173       24.07414    
   84.71108      -2.633902       2.754381       7.108977      1.8425013E-08
  3.9656879E-07   8.046412       20.76353       82.98080      -2.562850    
   2.792119       6.368894      7.7133180E-08  1.8910214E-07   8.156631    
   18.60192       81.15089      -2.507923       2.835013       5.792773    
  1.8533383E-07 -1.5668047E-07   8.281914       16.91910       79.08447    
  -2.460007       2.878896       5.295731      2.9328805E-07  7.6324795E-09
   8.410095       15.46729       76.75603      -2.415884       2.922470    
   4.876997      3.4084835E-07  1.0679578E-06   8.537388       14.24421    
   74.11053      -2.373987       2.965419       4.491089      3.6749307E-07
  1.5491678E-06   8.662845       13.11706       71.22821      -2.332906    
   3.006986       4.149989      5.1245246E-07  9.2012488E-07   8.784265    
   12.12076       68.04314      -2.291817       3.047425       3.852515    
  5.7202948E-07  1.0444855E-06   8.902398       11.25183       64.55792    
  -2.250582       3.086458       3.596591      4.8236262E-07 -1.5580372E-06
   9.016390       10.50433       60.81528      -2.209110       3.124853    
   3.342539      4.5480238E-07 -3.2937169E-06   9.128557       9.762260    
   56.87065      -2.166317       3.160805       3.133106      3.4359454E-07
 -3.3113611E-07   9.233550       9.150542       52.74670      -2.121433    
   3.195099       2.946219      3.9572987E-07  7.9608435E-07   9.333734    
   8.604661       48.47270      -2.073975       3.227819       2.779667    
  2.7077667E-07  2.7300193E-06   9.429302       8.118195       44.08853    
  -2.023060       3.258590       2.626748      1.6256641E-07  9.1591573E-06
   9.519176       7.671565       39.60217      -1.967231       3.287869    
   2.488134      4.0233135E-07  8.2106853E-06   9.604738       7.266715    
  4.8814949E-02  -3.141308     -1.1699740E-07  2.4661670E-11   4.882027    
  1.3895302E-04 -4.3364707E-07  8.3802187E-11  0.4422688      -3.139026    
 -3.7282592E-07  6.3545658E-10   4.886032      3.7693244E-03 -7.4371809E-07
  2.1431230E-09   1.236714      -3.134570     -2.7212727E-07  2.1950008E-09
   4.920644      1.7296236E-02 -7.7081467E-07  4.5194772E-09   2.434486    
  -3.128098     -1.6625313E-07  9.6125889E-09   4.951790      4.6725195E-02
 -3.3349980E-07  2.9828144E-08   4.023147      -3.119750     -1.0997151E-07
  2.4386212E-08   4.965277      9.7188719E-02 -5.3672278E-07  4.6663580E-08
   6.000507      -3.109786      8.2803815E-08  4.6751058E-08   4.976721    
  0.1726451     -2.2460272E-07  1.3291600E-07   8.357653      -3.098478    
  8.8421594E-08  9.6691380E-08   4.986012      0.2756349     -7.4873121E-09
  2.7192311E-07   11.06114      -3.086021      4.5992314E-07  1.9020339E-07
   4.983048      0.4071425      1.3691094E-06  6.1883031E-07   14.08620    
  -3.072691      8.0273691E-07  3.8270946E-07   4.970439      0.5664943    
  2.0304922E-06  1.0459546E-06   17.40722      -3.058790      7.0284915E-07
  5.0429071E-07   4.950841      0.7513550      2.3947850E-06  1.5732085E-06
   20.97973      -3.044546      4.1046852E-07  4.2243528E-07   4.921598    
  0.9578812      1.2543564E-06  1.1658876E-06   24.74135      -3.030107    
  1.0825954E-06  7.7743516E-07   4.879440       1.180964      3.0259478E-06
  2.5450063E-06   28.68873      -3.015924      1.0628875E-06  1.1235661E-06
   4.834333       1.414084      3.6876670E-06  3.5729281E-06   32.72520    
  -3.001979      7.2583362E-07  6.7909241E-07   4.777806       1.650401    
  2.8981854E-06  2.2426466E-06   36.81477      -2.988539      7.7787558E-07
  1.0362819E-06   4.714512       1.882287      2.3665443E-06  3.1194359E-06
   40.95195      -2.976002      7.9031526E-07  8.9907553E-07   4.651618    
   2.101683      2.2356637E-06  3.1369855E-06   45.02806      -2.964250    
  5.5466611E-08 -2.1223968E-08   4.581757       2.301608      6.6840776E-08
 -3.3274409E-07   48.99713      -2.953420     -2.1117249E-07 -8.4041676E-07
   4.507911       2.475305     -4.7239089E-07 -1.7613929E-06   52.88638    
  -2.943980     -6.7265847E-07 -1.6611302E-06   4.439340       2.615546    
 -1.9201639E-06 -5.0364179E-06   56.61036      -2.935837     -1.0871630E-06
 -3.9664737E-06   4.371182       2.717931     -2.6933128E-06 -1.1934317E-05
   60.12747      -2.929052     -1.3055960E-06 -6.4905907E-06   4.305123    
   2.779106     -3.2563046E-06 -1.8939259E-05   63.41666      -2.923761    
 -7.7351376E-07 -4.9560913E-06   4.243045       2.796195     -2.2203228E-06
 -1.6259728E-05   66.43015      -2.919941      1.3077417E-07 -2.8494396E-06
   4.184620       2.768142      1.2360733E-06 -6.0786260E-06   69.21519    
  -2.917963      8.1434969E-08  6.5547647E-07   4.136915       2.694725    
  2.9892351E-07  3.1578820E-06   71.75302      -2.917899     -2.1587314E-06
 -4.3032924E-06   4.098709       2.578722     -7.0764931E-06 -1.2151431E-05
   73.94913      -2.919486     -2.7322299E-06 -5.6842109E-06   4.064440    
   2.423551     -7.6482811E-06 -1.6381266E-05   75.81792      -2.922869    
 -1.8625535E-06 -7.2207768E-06   4.036837       2.234007     -5.7432812E-06
 -2.1049287E-05   77.41782      -2.928273     -1.1231933E-06 -6.3454499E-06
   4.021001       2.017692     -2.7828773E-06 -1.9406434E-05   78.71072    
  -2.935674     -9.8622968E-07 -1.6053673E-06   4.013726       1.778880    
 -3.3329557E-06 -4.5052730E-06   79.69610      -2.945240     -9.2876337E-07
  8.9826062E-07   4.014886       1.522781     -2.1474807E-06  2.3646280E-06
   80.40402      -2.957148     -8.5926592E-07 -3.2596290E-09   4.024566    
   1.260798     -2.7983874E-06  3.1106174E-06   80.83971      -2.971311    
 -7.4034352E-07 -3.5390258E-08   4.042584       1.006622     -2.1835206E-06
 -2.3664907E-06   81.00271      -2.987875     -1.2004514E-07  2.2933818E-06
   4.066787      0.7644519     -8.0410285E-07  9.9344179E-06   80.89097    
  -3.007000      6.3887802E-07  3.3304095E-06   4.095436      0.5376583    
  1.5458108E-06  1.1690892E-05   80.52609      -3.028940      9.2563567E-07
  2.4321489E-06   4.127994      0.3339877      2.0575651E-06  8.1341714E-06
   79.95236      -3.053830      9.3532253E-07  4.7073700E-06   4.164193    
  0.1657580      2.0779144E-06  1.1425465E-05   79.21145      -3.081699    
  1.2638752E-06  2.3725443E-06   4.204279      4.6180062E-02  4.4761191E-06
  6.5062195E-06   78.31346      -3.112774      1.2999812E-06  2.7841888E-06
   4.245506     -2.9518476E-02  3.7839202E-06  8.7041408E-06   77.28146    
   3.135779      1.6211286E-06  2.9187649E-06   4.286198     -6.3497335E-02
  4.3441914E-06  6.8005174E-06   76.14636       3.097455      1.9810298E-06
  2.8596260E-06   4.325024     -5.2027222E-02  5.5390942E-06  9.1977417E-06
   74.96022       3.055335      1.8641542E-06  2.3697503E-06   4.361927    
  8.4075220E-03  5.4437332E-06  9.7136945E-06   73.78227       3.009601    
  1.6340042E-06  4.3092296E-06   4.397334      0.1257894      4.5863767E-06
  1.0075048E-05   72.66000       2.960192      1.2051427E-06  5.0961971E-06
   4.430093      0.2964955      3.9741144E-06  7.7933073E-06   71.61837    
   2.907062      1.1031943E-06 -3.9581209E-08   4.458454      0.5077469    
  3.0248636E-06  1.1250377E-06   70.69738       2.850686      2.9706297E-07
  7.5390562E-07   4.482305      0.7575328      6.5243484E-07  7.2643161E-07
   69.93441       2.791383      4.9379531E-07 -3.7252903E-09   4.501485    
   1.038077      1.6763991E-06 -5.6009740E-06   69.39097       2.729755    
  5.6358851E-07 -3.9627776E-07   4.516113       1.350200      1.3766866E-06
 -4.4349581E-06   69.06705       2.666635      3.0922234E-07  4.3935142E-07
   4.526605       1.692049      9.1771727E-07  2.9951334E-06   68.97644    
   2.602963      3.0341951E-07  6.5821223E-07   4.532553       2.058498    
  7.3619356E-07  2.7120113E-06   69.14059       2.539457      3.4306234E-07
  9.8906457E-07   4.533724       2.436196      9.7873396E-07  3.7886202E-06
   69.52180       2.476874      2.7929099E-07  9.5856376E-07   4.530427    
   2.817799      1.1439554E-06 -4.1769817E-07   70.10318       2.416049    
  3.1498402E-07  1.3377285E-06   4.523129       3.200379      7.4422962E-07
 -2.6114285E-06   70.86855       2.357624      8.1018953E-08  4.0803570E-07
   4.512143       3.579588      4.9635139E-07 -9.6391886E-07   71.79547    
   2.302331     -6.3655513E-08  9.1607217E-07   4.497866       3.953018    
  3.1871060E-08  2.1141022E-06   72.82028       2.250345      3.2629512E-07
  4.3387990E-07   4.480931       4.318799      9.0764109E-07  1.2223609E-06
   73.90508       2.201883      4.6025315E-07 -8.7032095E-07   4.461632    
   4.669658      1.2920148E-06 -2.0287698E-06   75.02190       2.157132    
  2.1207109E-07  1.0521035E-07   4.440009       4.998942      7.9678370E-07
 -9.7963493E-07   76.12671       2.115941      1.0249916E-07  1.9089202E-07
   4.416614       5.307015     -1.4504599E-08  8.9325476E-07   77.19276    
   2.078023      1.9436563E-07 -3.1225500E-07   4.391835       5.593189    
  8.7599176E-07 -7.9919118E-08   78.13387       2.043527      8.4880893E-09
  5.4447082E-07   4.366336       5.854009      9.2200899E-08 -4.4070475E-08
   78.99654       2.012034      1.7147423E-07 -4.3211912E-08   4.339751    
   6.098288      4.7972958E-07 -5.2945688E-07   79.85767       1.985132    
  2.5329257E-07 -5.1251845E-07   4.311604       6.328393      8.7364089E-07
  6.0515595E-07   80.89683       1.961707      9.0888733E-08 -1.0109361E-06
   4.281624       6.563550      3.8164370E-07 -1.2734672E-06   82.42205    
   1.944286     -1.7657976E-07  1.3887766E-06   4.248371       6.823006    
 -7.1040523E-07  4.5724446E-06   87.01202       1.943201      1.6378502E-08
 -1.8733554E-06   4.198445       7.284950     -9.8558353E-08 -4.0793675E-06
   172.5675      -3.030483     -5.2657941E-07  7.1030809E-07   3.240594    
  -2.785001     -1.8445842E-06  3.7187710E-06   64.49811       1.823447    
  1.0996107E-06 -1.9638683E-06   4.246153       5.863035      3.5737696E-06
 -6.6972570E-06   68.50878       1.822955     -1.3412789E-06 -1.6322039E-05
   4.203575       6.317770     -3.5699709E-06 -4.6344125E-05   68.88113    
   1.812237      9.9742840E-07 -1.6565027E-06   4.175078       6.490441    
  3.2681237E-06 -6.2612817E-06   68.03498       1.799151      7.0267367E-07
 -9.0734102E-06   4.151235       6.572921      1.8736187E-06 -2.6278431E-05
   66.42590       1.785274     -3.8512894E-07 -7.9672027E-06   4.130078    
   6.605539     -1.1811497E-06 -2.2777473E-05   64.34548       1.771327    
  3.2828916E-07 -1.9086874E-06   4.110607       6.607926      1.1926242E-06
 -6.6728098E-06   61.91201       1.757182      7.4133958E-08 -3.2012467E-06
   4.092577       6.589530      3.3769297E-07 -9.6875010E-06   59.15456    
   1.742677     -6.9342957E-07 -1.7179002E-05   4.076237       6.550467    
 -2.3372359E-06 -4.9349153E-05   56.10834       1.727506     -6.3237707E-07
 -1.1281430E-05   4.061605       6.492361     -2.1416736E-06 -2.9423041E-05
   52.78126       1.711580     -7.7116397E-07 -3.9719744E-06   4.048087    
   6.416701     -2.4645826E-06 -1.2507197E-05   49.23915       1.693986    
 -5.8737737E-07 -1.9319123E-07   4.035706       6.332408     -1.7147687E-06
 -8.1880717E-07   45.48424       1.674085     -6.0347304E-07 -4.2869942E-08
   4.024374       6.234908     -1.5510703E-06 -1.4629331E-06   41.64185    
   1.651819     -2.4364982E-07 -9.8155579E-07   4.013700       6.140635    
 -9.9490342E-07 -3.9144070E-06   37.69384       1.625291      2.0748122E-07
 -1.6329286E-06   4.003729       6.041334      9.8192231E-07 -5.3524273E-06
   33.68454       1.593205      4.7208437E-07 -4.5320485E-07   3.994485    
   5.935897      1.3293417E-06 -3.9900769E-06   29.63098       1.554124    
  4.9335279E-07 -2.3929460E-06   3.985454       5.821605      1.6077457E-06
  1.7336570E-06   25.60452       1.503431      4.1694562E-07 -3.3137330E-06
   3.977261       5.699675      1.4085394E-06 -9.2423288E-06   21.65966    
   1.434742     -3.8431850E-07  9.2030969E-06   3.969934       5.572690    
  2.8277319E-07 -5.1178504E-06   17.87818       1.337994      1.8632099E-07
 -2.8688228E-06   3.963532       5.439318      8.4661451E-07 -4.6891801E-06
   14.38507       1.194532      1.5596231E-07  1.0027725E-07   3.958437    
   5.299036      6.3382043E-07 -1.4815305E-06   11.41043      0.9740900    
  3.7409592E-07  9.2019036E-07   3.954208       5.154988      1.6990725E-06
  2.9635266E-06   9.367100      0.6425142      5.2910161E-07  1.2022938E-06
   3.950834       5.002813      1.2056230E-06  6.6924258E-06   8.770658    
  0.2219013      3.1297321E-07  1.5331316E-06   3.947813       4.856094    
  1.2296947E-06  5.2364776E-06   9.689905     -0.1639264      3.8247077E-07
  1.3907556E-06   3.945537       4.704624      1.0987493E-06  4.8145303E-06
   11.58700     -0.4345805      6.4190971E-07  1.8498686E-06   3.943511    
   4.557594      1.5387812E-06  7.1531977E-06   13.89599     -0.6087992    
  6.5413644E-07  7.6579454E-07   3.941950       4.409682      1.9222030E-06
  3.6170240E-06   16.30145     -0.7216765      7.7950284E-07  4.3312320E-07
   3.940496       4.267402      2.0236419E-06  9.6540316E-07   18.61868    
 -0.7960793      6.6809253E-07 -1.4829275E-06   3.938570       4.116982    
  1.8810854E-06 -4.7521899E-06   20.72884     -0.8449845      4.7588529E-07
 -2.0148145E-06   3.936069       3.958232      1.6587833E-06 -5.9903832E-06
   22.61238     -0.8763912      3.4893137E-07 -1.6715494E-06   3.933119    
   3.795087      1.1395578E-06 -4.4611807E-06   24.20798     -0.8926035    
  5.0683383E-07 -7.8351150E-07   3.930678       3.618298      1.2667965E-06
 -2.7089263E-06   25.42727     -0.8923697      4.2465084E-07 -3.3952529E-07
   3.927543       3.407804      1.3465651E-06 -4.4534681E-07   26.15883    
 -0.8646143      7.8423244E-07  2.2170570E-07   3.921046       3.115275    
  2.6789589E-06  7.4852142E-07   25.59109     -0.7552847      1.2659468E-06
 -5.7754369E-07   3.911172       2.495554      3.2704324E-06 -1.4373509E-06
  0.2296391      -1.570796       22.96619     -1.1660474E-11 -2.1018786E-06
 -1.2022383E-11   67.08636     -3.1933452E-11   2.078865      -1.570796    
   22.96477      6.2952111E-08 -2.5691729E-06  4.6975401E-10   67.08221    
  1.8354817E-07   5.784436      -1.570796       23.01050      2.4686601E-06
 -1.8857596E-06  8.3127816E-10   67.21558      7.2093899E-06   11.40219    
  -1.570795       23.18554      2.6570611E-05 -2.8918771E-06  1.1932570E-09
   67.72703      7.7615063E-05   18.89903      -1.570789       23.31645    
  1.5437657E-04 -2.7129738E-06 -1.0863005E-08   68.10947      4.5095355E-04
   28.26106      -1.570772       23.43126      6.2621717E-04 -2.1571132E-06
 -1.4944817E-08   68.44479      1.8292584E-03   39.44209      -1.570731    
   23.52565      2.0041363E-03 -2.3075183E-06  1.2310920E-08   68.72042    
  5.8542918E-03   52.38785      -1.570644       23.60308      5.4170704E-03
 -7.9532560E-07  7.7154255E-08   68.94674      1.5823860E-02   67.39857    
  -1.570479       23.79354      1.2919379E-02  4.2638158E-07 -6.7579094E-08
   69.50299      3.7738904E-02   83.94910      -1.570187       23.90094    
  2.7867235E-02 -7.3321695E-07 -1.4965190E-07   69.81672      8.1402890E-02
   102.7307      -1.569707       24.13597      5.5654116E-02 -6.0908228E-08
 -1.4872057E-07   70.50336      0.1625714       123.0788      -1.568951    
   24.32314      0.1040629      5.6859932E-07 -5.5762939E-08   71.05006    
  0.3039777       145.4275      -1.567818       24.56574      0.1844493    
  6.2987294E-07  5.4598786E-08   71.75844      0.5387948       170.0190    
  -1.566182       24.88083      0.3126440      1.4966349E-06  1.3620593E-08
   72.67887      0.9132625       196.0851      -1.563881       25.15963    
  0.5089737      1.2984834E-06  1.2805685E-09   73.49342       1.486758    
   224.3172      -1.560748       25.49971      0.8012224      1.4212818E-06
 -7.9162419E-09   74.48685       2.340444       255.2821      -1.556599    
   25.93766       1.225936      2.0392054E-06 -5.2247196E-07   75.76593    
   3.581056       288.1203      -1.551186       26.37937       1.826400    
  1.3745409E-06 -2.3539178E-07   77.05630       5.335062       322.5461    
  -1.544247       26.81279       2.655657      1.0905809E-06  4.8452057E-07
   78.32230       7.757386       359.8341      -1.535575       27.33417    
   3.783951      1.9946769E-06 -4.6659261E-07   79.84528       11.05322    
   400.1684      -1.524909       27.93302       5.294910      3.9868596E-06
  4.9476512E-07   81.59447       15.46683       442.8439      -1.511911    
   28.55362       7.282555      2.7957706E-06  4.8382208E-07   83.40739    
   21.27283       487.4036      -1.496241       29.17046       9.853917    
  4.1131052E-06  4.4074841E-07   85.20916       28.78398       533.6801    
  -1.477591       29.78006       13.12776     -1.9639037E-07 -1.1874363E-07
   86.98965       38.34703       583.1478      -1.455840       30.44386    
   17.25536     -6.1119295E-06 -2.7799979E-06   88.92862       50.40392    
   635.6403      -1.430705       31.13176       22.39630     -7.2975758E-06
 -6.6801440E-06   90.93797       65.42065       689.8794      -1.401777    
   31.77576       28.69954     -2.5395914E-06 -3.5755802E-06   92.81925    
   83.83270       745.2862      -1.368758       32.34382       36.31590    
 -2.0927185E-07  2.1653250E-07   94.47839       106.0807       800.7088    
  -1.331350       32.78685       45.35760     -3.5059441E-06 -3.0084047E-06
   95.77254       132.4918       855.4105      -1.289457       33.07430    
   55.89291     -4.4916146E-06 -3.7115533E-06   96.61226       163.2655    
   909.6809      -1.243294       33.20376       67.96649     -3.5424971E-06
 -2.4941983E-06   96.98994       198.5332       962.8120      -1.192952    
   33.13626       81.55179     -2.6815940E-06  2.0721927E-08   96.79276    
   238.2150       1012.654      -1.138323       32.80032       96.46803    
 -1.0581651E-06  8.5367355E-07   95.81152       281.7855       1057.529    
  -1.079571       32.15390       112.4082      2.5510858E-06  9.3441922E-06
   93.92309       328.3467       1096.126      -1.017233       31.18322    
   128.9200      3.8330882E-06  1.4860823E-05   91.08766       376.5778    
   1127.742     -0.9520767       29.90222       145.4965      4.0623750E-06
  1.8693157E-05   87.34567       424.9973       1151.074     -0.8846160    
   28.31895       161.5407      6.5719992E-06  3.2888871E-05   82.72092    
   471.8609       1165.053     -0.8153855       26.46663       176.4248    
  4.2853294E-06  2.5835339E-05   77.31048       515.3380       1169.367    
 -0.7452191       24.40941       189.5717      5.1878524E-06  3.5142566E-05
   71.30118       553.7384       1164.185     -0.6750295       22.22666    
   200.5367      5.6803283E-06  4.5955894E-05   64.92525       585.7671    
   1149.586     -0.6052928       19.98324       208.9848      4.9922814E-06
  4.2280823E-05   58.37220       610.4435       1126.278     -0.5365375    
   17.75582       214.7788      2.6331638E-06  3.5120465E-05   51.86584    
   627.3678       1095.451     -0.4692323       15.61290       217.9735    
  2.0029745E-06  3.2341981E-05   45.60643       636.6979       1058.346    
 -0.4037935       13.60687       218.7501      2.3101361E-06  2.9710529E-05
   39.74685       638.9633       1015.924     -0.3402895       11.76919    
   217.3279     -5.5393446E-08  4.4276239E-06   34.37907       634.8110    
   969.2762     -0.2787841       10.12569       214.0268      8.8351584E-07
  1.7168873E-05   29.57845       625.1675       919.3992     -0.2190472    
   8.678679       209.1387      1.2794336E-06  2.2898661E-05   25.35183    
   610.8872       867.5795     -0.1611546       7.432170       203.0555    
  4.4793345E-07  1.8585008E-05   21.71084       593.1177       814.3641    
 -0.1047816       6.377694       196.0353      3.8634400E-07  2.8099690E-05
   18.63077       572.6122       760.4107     -4.9542997E-02   5.500537    
   188.3282      1.3048538E-06  2.6230729E-05   16.06870       550.0981    
   706.5066      4.7861566E-03   4.786417       180.2004      6.6648153E-07
  5.9214944E-06   13.98283       526.3568       653.0253      5.8659598E-02
   4.217345       171.8128      6.6037785E-07  1.6390317E-05   12.32064    
   501.8568       600.2847      0.1125470       3.779145       163.3434    
  4.8258352E-07 -8.0611790E-07   11.04070       477.1162       548.6508    
  0.1673892       3.449931       154.8313     -8.3834742E-08  1.1149401E-05
   10.07913       452.2521       498.4261      0.2234998       3.220069    
   146.4545      4.0128006E-07 -4.6966597E-06   9.407779       427.7840    
   449.7666      0.2817127       3.074675       138.2760      4.1642349E-07
 -6.3974744E-06   8.983144       403.8935       402.9190      0.3434943    
   2.999484       130.2965      4.2512625E-07  1.1034179E-05   8.763576    
   380.5858       358.0658      0.4099125       2.984835       122.6092    
 -7.4585870E-07  1.0408068E-05   8.720824       358.1315       315.3460    
  0.4829124       3.022012       115.2480      1.0423193E-07  5.2882242E-06
   8.829453       336.6290       274.9950      0.5649085       3.100144    
   108.2000      3.4699934E-07 -2.8399227E-06   9.057750       316.0421    
   237.2360      0.6599342       3.214334       101.5083      9.4598022E-07
 -9.7276061E-06   9.391322       296.4961       202.4185      0.7735266    
   3.355515       95.08553      1.4172932E-06 -1.4704710E-06   9.803763    
   277.7356       171.0563      0.9130987       3.520571       89.05405    
  5.9930221E-07  8.5780630E-06   10.28592       260.1179       143.9277    
   1.088573       3.703246       83.33965      7.1945311E-07  3.7414720E-06
   10.81955       243.4256       122.1982       1.311329       3.899956    
   77.97661     -1.3390144E-07 -2.9546209E-06   11.39417       227.7606    
   107.3512       1.584697       4.105180       72.90803      6.9323995E-08
  4.1278894E-05   11.99366       212.9551       100.6748       1.892895    
   4.318870       68.13686     -1.7599903E-06  6.5545100E-06   12.61785    
   199.0191       101.9781       2.196983       4.535706       63.68992    
 -2.3884922E-06 -1.3513520E-05   13.25126       186.0291       109.6096    
   2.460827       4.754658       59.50546      2.8557865E-06 -2.6186492E-05
   13.89081       173.8071       121.2670       2.672978       4.974437    
   55.60846      2.4141573E-06 -1.4252029E-05   14.53281       162.4245    
   134.7895       2.839851       5.191343       51.92786      1.0528610E-06
 -2.8585579E-05   15.16639       151.6738       148.8884       2.972915    
   5.404670       48.47081     -2.6659725E-06  1.8133549E-05   15.78959    
   141.5755       162.8214       3.081677       5.614938       45.24632    
 -4.4173615E-07  1.3402314E-06   16.40375       132.1572       176.0657    
  -3.110052       5.820754       42.21595      5.2672913E-06 -4.9277092E-05
   17.00497       123.3055       188.3064      -3.030951       6.021197    
   39.36552      2.7265353E-06 -2.4854700E-05   17.59044       114.9796    
   199.2666      -2.960184       6.215861       36.63997      2.5431351E-07
 -2.5323825E-06   18.15909       107.0188       208.9346      -2.895554    
   6.404434       34.06770     -4.8550390E-07  6.2132603E-06   18.70995    
   99.50519       217.0865      -2.834818       6.587092       31.58529    
 -8.5995208E-07  3.2131211E-06   19.24344       92.25446       223.8316    
  -2.776381       6.763453       29.18744     -1.7329359E-07 -1.3678800E-08
   19.75862       85.25075       228.8137      -2.717284       6.931872    
   26.80926      4.4899866E-07 -1.8945138E-06   20.25059       78.30427    
   231.1270      -2.651707       7.091758       24.26035      6.5062687E-07
 -2.0874722E-06   20.71762       70.85899       230.6651      -2.566226    
   7.234223       21.23170      1.2393514E-06 -4.2176689E-06   21.13377    
   62.01273       217.4078      -2.385923       7.360077       15.44910    
  6.8697187E-07 -1.7278362E-06   21.50137       45.12260       194.7752    
   2.637596       9.187984       22.83964      1.6447011E-06 -4.3014297E-06
   26.84033       66.71199       252.3380      -2.763446       8.014159    
   24.07463      4.4173100E-07 -3.8759899E-06   23.41178       70.31667    
   247.4255      -2.633879       8.046383       20.76379     -2.1763191E-07
  8.6304499E-07   23.50597       60.64568       242.3715      -2.562824    
   8.156629       18.60198      2.6910908E-07  1.6135164E-07   23.82800    
   54.33149       237.0262      -2.507892       8.281920       16.91912    
  5.7951240E-07 -4.7855428E-07   24.19397       49.41600       230.9906    
  -2.459970       8.410097       15.46731      6.2657466E-07  9.4634015E-07
   24.56842       45.17541       224.1900      -2.415843       8.537383    
   14.24417      9.4302754E-07  1.4178222E-06   24.94018       41.60296    
   216.4637      -2.373944       8.662837       13.11703      1.2590400E-06
  4.3683103E-06   25.30664       38.31061       208.0456      -2.332859    
   8.784256       12.12074      1.7111456E-06  1.9325525E-06   25.66133    
   35.40055       198.7430      -2.291768       8.902398       11.25182    
  1.5355636E-06  3.8097496E-06   26.00640       32.86251       188.5641    
  -2.250530       9.016389       10.50434      1.4584854E-06 -4.6910718E-06
   26.33936       30.67922       177.6333      -2.209056       9.128549    
   9.762307      1.6936928E-06 -8.9898240E-06   26.66699       28.51188    
   166.1121      -2.166260       9.233561       9.150560      9.3462370E-07
 -9.8021701E-07   26.97373       26.72504       154.0675      -2.121374    
   9.333728       8.604702      1.2160939E-06  3.0027586E-06   27.26638    
   25.13065       141.5847      -2.073916       9.429299       8.118267    
  5.8546311E-07  8.0816681E-06   27.54551       23.70996       128.7799    
  -2.023003       9.519185       7.671596      2.8185704E-07  2.6589929E-05
   27.80811       22.40538       115.6765      -1.967174       9.604713    
   7.266744      1.1619180E-06  2.4040899E-05   28.05790       21.22291    
