  2.0165729E-05  -1.570798      2.0169767E-03 -8.6453285E-17 -5.4569682E-10
  1.3322676E-15  6.4337552E-03 -9.1386586E-16  1.8209331E-04  -1.570796    
  2.0133574E-03  2.7444321E-15  3.8674888E-10 -7.1054274E-15  6.4222077E-03
 -6.0294575E-15  5.0583715E-04  -1.570797      2.0172787E-03  1.8742247E-13
  1.1594686E-10 -8.5265128E-13  6.4347154E-03  5.3884295E-13  9.8860043E-04
  -1.570796      2.0201935E-03  1.5103521E-11 -1.6145100E-09  4.5474735E-13
  6.4440160E-03  5.0994532E-11  1.6225220E-03  -1.570796      2.0182803E-03
  5.3228248E-11  3.5412370E-10 -9.7770680E-12  6.4379140E-03  1.6821378E-10
  2.4086025E-03  -1.570796      2.0218678E-03  2.6973257E-10 -1.3958659E-09
  2.7739588E-11  6.4493557E-03  8.5905949E-10  3.3288375E-03  -1.570796    
  2.0205015E-03  8.4953661E-10  1.2478855E-09 -1.1823431E-11  6.4450009E-03
  2.7117120E-09  4.3721506E-03  -1.570795      2.0167020E-03  2.2775333E-09
  2.5877436E-09 -1.8189894E-11  6.4328802E-03  7.2717445E-09  5.5616968E-03
  -1.570794      2.0245612E-03  5.4470464E-09 -6.1340061E-10 -1.6370905E-11
  6.4579463E-03  1.7376363E-08  6.8293377E-03  -1.570794      2.0212966E-03
  1.1939936E-08  5.7930477E-10  6.0026650E-11  6.4475341E-03  3.8075179E-08
  8.2190074E-03  -1.570792      2.0265579E-03  2.3987882E-08  2.7585248E-10
  1.3460522E-10  6.4643160E-03  7.6504939E-08  9.6506262E-03  -1.570787    
  2.0231197E-03  4.5126107E-08  1.0074403E-10  2.6557245E-10  6.4533502E-03
  1.4390649E-07  1.1180709E-02  -1.570781      2.0278268E-03  8.0579476E-08
  1.3439020E-09 -1.8189894E-10  6.4683659E-03  2.5704847E-07  1.2757445E-02
  -1.570772      2.0325154E-03  1.3776064E-07  9.0107033E-10 -2.5465852E-10
  6.4833178E-03  4.3945377E-07  1.4298826E-02  -1.570757      2.0284539E-03
  2.2644669E-07 -2.2770599E-09 -1.3096724E-10  6.4703636E-03  7.2234735E-07
  1.5905378E-02  -1.570740      2.0339217E-03  3.5979119E-07  1.2332326E-09
 -8.0035534E-11  6.4878063E-03  1.1476095E-06  1.7481878E-02  -1.570717    
  2.0380453E-03  5.5509696E-07  2.7031197E-09 -8.7311491E-11  6.5009608E-03
  1.7706350E-06  1.9006677E-02  -1.570679      2.0415804E-03  8.3445650E-07
 -3.9718964E-10  3.4924597E-10  6.5122335E-03  2.6617508E-06  2.0360589E-02
  -1.570634      2.0354670E-03  1.2255997E-06 -2.1916820E-10  1.6007107E-10
  6.4927391E-03  3.9094925E-06  2.1774266E-02  -1.570575      2.0458542E-03
  1.7633544E-06 -4.1585471E-10 -8.7311491E-11  6.5258667E-03  5.6248323E-06
  2.3031749E-02  -1.570498      2.0535281E-03  2.4900996E-06 -3.4753356E-09
 -5.8207661E-11  6.5503465E-03  7.9429037E-06  2.4169998E-02  -1.570402    
  2.0649040E-03  3.4574407E-06 -8.8903436E-09 -9.6042641E-10  6.5866299E-03
  1.1028545E-05  2.5012815E-02  -1.570288      2.0679866E-03  4.7264398E-06
 -3.0891536E-09  3.7834980E-10  6.5964684E-03  1.5076556E-05  2.5446603E-02
  -1.570133      2.0572832E-03  6.3696925E-06 -6.4576153E-09 -2.9103830E-10
  6.5623270E-03  2.0318108E-05  2.5802478E-02  -1.569953      2.0627428E-03
  8.4727053E-06 -8.9363992E-09  8.7311491E-10  6.5797386E-03  2.7026534E-05
  2.5934009E-02  -1.569739      2.0753513E-03  1.1135475E-05 -9.7670494E-09
  2.0372681E-09  6.6199568E-03  3.5519955E-05  2.5662027E-02  -1.569509    
  2.0842985E-03  1.4473589E-05  1.2676974E-08  1.2805685E-09  6.6484972E-03
  4.6167799E-05  2.4957096E-02  -1.569203      2.0908022E-03  1.8620114E-05
  1.3353296E-08  0.0000000E+00  6.6692415E-03  5.9394508E-05  2.3743210E-02
  -1.568826      2.0920315E-03  2.3728127E-05  4.2271631E-09  1.1641532E-10
  6.6731665E-03  7.5687916E-05  2.1996828E-02  -1.568360      2.0891437E-03
  2.9970151E-05 -4.1231250E-09 -5.8207661E-10  6.6639530E-03  9.5598654E-05
  1.9786313E-02  -1.567860      2.0928837E-03  3.7526373E-05 -4.6715747E-09
 -2.9103830E-10  6.6758827E-03  1.1970215E-04  1.7028389E-02  -1.567293    
  2.1017957E-03  4.6611221E-05  2.3903401E-09 -1.4551915E-09  6.7043132E-03
  1.4868061E-04  1.3624924E-02  -1.566600      2.1126345E-03  5.7463069E-05
 -1.3615571E-08  2.1536835E-09  6.7388848E-03  1.8329536E-04  9.5058354E-03
  -1.565892      2.1253130E-03  7.0343536E-05  2.0055706E-09  4.6566129E-10
  6.7793275E-03  2.2438151E-04  4.5856265E-03  -1.565081      2.1349478E-03
  8.5550906E-05  9.0992192E-09  1.2805685E-09  6.8100579E-03  2.7289049E-04
  1.1762327E-03   1.577115      2.1385222E-03  1.0342286E-04 -8.3860554E-09
  3.3760443E-09  6.8214610E-03  3.2989803E-04  7.7968184E-03   1.578678    
  2.1382479E-03  1.2431850E-04 -2.7293410E-09 -2.7939677E-09  6.8205828E-03
  3.9655209E-04  1.5334733E-02   1.579990      2.1396312E-03  1.4855363E-04
 -5.7764589E-09 -1.6298145E-09  6.8249973E-03  4.7385742E-04  2.3945242E-02
   1.581410      2.1498073E-03  1.7643250E-04  3.0388638E-09  3.9581209E-09
  6.8574580E-03  5.6278385E-04  3.3709235E-02   1.582931      2.1626335E-03
  2.0841022E-04 -3.6950756E-09 -2.6775524E-09  6.8983706E-03  6.6478655E-04
  4.4639140E-02   1.584646      2.1731956E-03  2.4498650E-04 -1.7733147E-09
  7.3341653E-09  6.9320612E-03  7.8145764E-04  5.6868933E-02   1.586520    
  2.1850136E-03  2.8660192E-04  1.5072809E-09 -6.9849193E-10  6.9697574E-03
  9.1420359E-04  7.0439868E-02   1.588586      2.1962144E-03  3.3378950E-04
 -1.2265112E-09  2.3283064E-09  7.0054852E-03  1.0647225E-03  8.5430138E-02
   1.590855      2.2069891E-03  3.8708723E-04  1.9971897E-09 -7.1013346E-09
  7.0398566E-03  1.2347308E-03  0.1018500       1.593350      2.2159584E-03
  4.4711059E-04 -1.6919991E-09 -2.9103830E-09  7.0684669E-03  1.4261946E-03
  0.1197147       1.596104      2.2226144E-03  5.1451294E-04  1.2220136E-09
  1.3969839E-09  7.0896959E-03  1.6411947E-03  0.1388957       1.599166    
  2.2245243E-03  5.9002597E-04  1.8434207E-09 -5.8207661E-09  7.0957886E-03
  1.8820665E-03  0.1600739       1.602380      2.2319227E-03  6.7323685E-04
 -1.4388106E-09 -6.8685040E-09  7.1193879E-03  2.1474923E-03  0.1832734    
   1.605776      2.2422199E-03  7.6490047E-04 -1.3374916E-09  2.2118911E-09
  7.1522356E-03  2.4398800E-03  0.2085777       1.609370      2.2544032E-03
  8.6564064E-04 -1.1934639E-09  1.6298145E-09  7.1910983E-03  2.7612210E-03
  0.2359728       1.613195      2.2668287E-03  9.7614591E-04 -6.8813483E-11
  2.3283064E-10  7.2307312E-03  3.1137136E-03  0.2656712       1.617228    
  2.2804055E-03  1.0968616E-03  1.3495460E-10 -6.5192580E-09  7.2740414E-03
  3.4987712E-03  0.2976702       1.621501      2.2939800E-03  1.2284700E-03
  8.3843144E-10  6.2864274E-09  7.3173395E-03  3.9185723E-03  0.3316554    
   1.626104      2.3046245E-03  1.3720675E-03  1.9053350E-09 -4.4237822E-09
  7.3512923E-03  4.3766233E-03  0.3679601       1.630984      2.3146023E-03
  1.5279506E-03 -1.9553903E-09 -3.0267984E-09  7.3831221E-03  4.8738592E-03
  0.4064968       1.636187      2.3230128E-03  1.6969685E-03  1.4609886E-09
  1.3038516E-08  7.4099484E-03  5.4129930E-03  0.4472919       1.641724    
  2.3298801E-03  1.8798404E-03 -2.0501845E-10  1.1641532E-09  7.4318508E-03
  5.9963181E-03  0.4904190       1.647600      2.3354827E-03  2.0771995E-03
  1.3295882E-09 -2.0954758E-09  7.4497303E-03  6.6258553E-03  0.5358363    
   1.653827      2.3395384E-03  2.2894128E-03  1.1088503E-09  1.6298145E-09
  7.4626608E-03  7.3027732E-03  0.5846341       1.660092      2.3464917E-03
  2.5125756E-03 -7.7872382E-11 -1.3969839E-09  7.4848449E-03  8.0146138E-03
  0.6366259       1.666476      2.3546547E-03  2.7481085E-03 -1.1104851E-09
 -1.0943040E-08  7.5108833E-03  8.7659229E-03  0.6912355       1.673132    
  2.3614315E-03  2.9977667E-03 -8.2873836E-10 -2.3283064E-09  7.5324969E-03
  9.5622800E-03  0.7488236       1.679991      2.3679705E-03  3.2612828E-03
 -1.2232170E-09  4.6566129E-09  7.5533567E-03  1.0402846E-02  0.8091618    
   1.687114      2.3733601E-03  3.5395657E-03 -1.2039529E-09 -7.4505806E-09
  7.5705461E-03  1.1290509E-02  0.8725742       1.694436      2.3784817E-03
  3.8321209E-03  1.0416152E-09  2.3283064E-09  7.5868857E-03  1.2223703E-02
  0.9390248       1.701970      2.3830712E-03  4.1392930E-03  7.7812645E-10
  1.4901161E-08  7.6015224E-03  1.3203526E-02   1.008279       1.709772    
  2.3864461E-03  4.4619320E-03 -1.3586623E-09  2.7939677E-09  7.6122857E-03
  1.4232670E-02   1.080491       1.717786      2.3890112E-03  4.7990298E-03
  1.9219963E-09 -1.0011718E-08  7.6204711E-03  1.5307948E-02   1.156195    
   1.725757      2.3919484E-03  5.1446962E-03  2.7732650E-09  1.0710210E-08
  7.6298378E-03  1.6410556E-02   1.235108       1.733781      2.3944832E-03
  5.5006617E-03  9.3334263E-10 -2.9103830E-08  7.6379231E-03  1.7546024E-02
   1.316620       1.742008      2.3953936E-03  5.8691432E-03  9.8582487E-10
 -1.8626451E-09  7.6408265E-03  1.8721396E-02   1.400972       1.750378    
  2.3952869E-03  6.2493249E-03  6.4802441E-11 -3.2596290E-09  7.6404917E-03
  1.9934099E-02   1.488411       1.758824      2.3946695E-03  6.6400049E-03
 -3.5149722E-10  1.2340024E-08  7.6385173E-03  2.1180300E-02   1.578531    
   1.767432      2.3929020E-03  7.0424834E-03 -1.9542106E-09 -1.6996637E-08
  7.6328819E-03  2.2464121E-02   1.671452       1.776163      2.3902925E-03
  7.4559920E-03  2.0523645E-09 -1.8393621E-08  7.6245586E-03  2.3783136E-02
   1.767402       1.784908      2.3872934E-03  7.8777885E-03 -2.0251800E-09
 -1.3969839E-09  7.6149893E-03  2.5128575E-02   1.866138       1.793567    
  2.3836805E-03  8.3031096E-03 -1.8170056E-10  6.0535967E-09  7.6034688E-03
  2.6485274E-02   1.967748       1.802143      2.3796591E-03  8.7323040E-03
  7.7720919E-10  1.8626451E-09  7.5906399E-03  2.7854303E-02   2.072009    
   1.810673      2.3750213E-03  9.1658728E-03 -1.2394977E-09 -1.8626451E-09
  7.5758467E-03  2.9237306E-02   2.178570       1.819236      2.3694457E-03
  9.6051833E-03  1.1947654E-09 -5.5879354E-09  7.5580622E-03  3.0638635E-02
   2.287639       1.827753      2.3633463E-03  1.0048377E-02  1.0360300E-09
  4.1909516E-09  7.5386078E-03  3.2052342E-02   2.398229       1.836468    
  2.3557078E-03  1.0500707E-02  1.3928491E-09 -2.6077032E-08  7.5142384E-03
  3.3495165E-02   2.511022       1.845159      2.3475366E-03  1.0956941E-02
 -9.5475161E-10  1.8160790E-08  7.4881772E-03  3.4950458E-02   2.625633    
   1.853730      2.3386795E-03  1.1411855E-02  1.0542957E-09  4.6566129E-10
  7.4599222E-03  3.6401547E-02   2.742034       1.862193      2.3292622E-03
  1.1866077E-02 -2.8238762E-09 -2.6542693E-08  7.4298847E-03  3.7850428E-02
   2.860197       1.870532      2.3194265E-03  1.2318996E-02  2.7095606E-10
  1.1175871E-08  7.3985094E-03  3.9295148E-02   2.979845       1.878805    
  2.3090485E-03  1.2772140E-02 -1.0177295E-09 -5.1222742E-09  7.3654060E-03
  4.0740598E-02   3.100767       1.887046      2.2980983E-03  1.3226283E-02
  1.4297181E-09  1.3038516E-08  7.3304768E-03  4.2189196E-02   3.222985    
   1.895211      2.2867711E-03  1.3680223E-02  2.6177083E-10  3.2596290E-09
  7.2943438E-03  4.3637205E-02   3.346226       1.903275      2.2750434E-03
  1.4132225E-02  1.4495373E-09  9.3132257E-10  7.2569330E-03  4.5078985E-02
   3.470416       1.911076      2.2631355E-03  1.4575765E-02  0.0000000E+00
  0.0000000E+00  7.2189546E-03  4.6493798E-02   3.595347       1.918680    
  2.2510139E-03  1.5013118E-02 -2.4812421E-09  1.8626451E-09  7.1802875E-03
  4.7888875E-02   3.720625       1.926199      2.2384862E-03  1.5447806E-02
  2.2540565E-10  8.3819032E-09  7.1403263E-03  4.9275424E-02   3.845914    
   1.933711      2.2254458E-03  1.5882356E-02 -1.6848499E-09 -9.3132257E-10
  7.0987302E-03  5.0661534E-02   3.971164       1.941218      2.2120134E-03
  1.6317248E-02 -9.5608521E-10 -1.8160790E-08  7.0558828E-03  5.2048750E-02
   4.096378       1.948591      2.1984454E-03  1.6747888E-02  9.7033193E-10
  2.8871000E-08  7.0126033E-03  5.3422425E-02   4.221211       1.955754    
  2.1847601E-03  1.7170308E-02  1.2243523E-09  7.9162419E-09  6.9689481E-03
  5.4769885E-02   4.345532       1.962731      2.1710107E-03  1.7585659E-02
  8.5538437E-10 -1.9092113E-08  6.9250930E-03  5.6094762E-02   4.469085    
   1.969566      2.1571687E-03  1.7995503E-02  7.7614171E-10 -2.7939677E-09
  6.8809409E-03  5.7402074E-02   4.591669       1.976333      2.1431972E-03
  1.8403001E-02  1.0244549E-09  3.4924597E-08  6.8363762E-03  5.8701910E-02
  2.1895333E-03  -3.141501      2.6921043E-09 -5.5651115E-15  0.2189533    
  2.0124276E-06  8.8039087E-09 -5.0948686E-14  1.9879328E-02  -3.140762    
  9.4270036E-10  5.5193599E-13  0.2194014      5.4862008E-05  4.3509249E-10
  1.3621210E-12  5.5402674E-02  -3.139289      9.1308150E-10  1.8668365E-12
  0.2198302      2.5427691E-04  8.1162801E-09  1.3042911E-13  0.1083944    
  -3.137069      6.6236305E-10 -6.9524933E-12  0.2193081      6.9741241E-04
  1.8214984E-09 -2.0945013E-11  0.1800217      -3.134159     -3.2193064E-11
 -7.7805982E-12  0.2202613      1.4803166E-03 -3.2193065E-10 -3.2296756E-11
  0.2699631      -3.130551     -2.7127205E-09 -4.8880903E-11  0.2210628    
  2.6975004E-03 -7.3217112E-09 -1.1939129E-10  0.3799542      -3.126326    
 -2.8523095E-09 -9.0546647E-11  0.2227194      4.4412976E-03 -1.2033181E-08
 -2.1943988E-10  0.5097861      -3.121484     -5.4072252E-10 -4.7314153E-11
  0.2244091      6.8015521E-03 -8.4970680E-10 -6.7737760E-11  0.6546149    
  -3.115847     -1.5164626E-09 -1.1922807E-10  0.2243043      9.8661911E-03
 -3.8848702E-09 -4.6390958E-10  0.8265399      -3.109908      3.8112158E-09
  1.6235302E-10  0.2266795      1.3716053E-02  1.5122904E-08  5.2115201E-10
   1.009933      -3.103068      1.6275297E-09  1.1941359E-10  0.2266695    
  1.8435068E-02  9.2686436E-09  6.1333960E-10   1.218006      -3.095864    
  3.7527155E-09  3.1461500E-11  0.2278222      2.4094071E-02  9.7217994E-09
  4.4156323E-10   1.450634      -3.088304      2.1548774E-09  2.3090063E-10
  0.2295719      3.0761672E-02  1.0009753E-08  8.4945917E-10   1.692033    
  -3.079808      4.5053516E-10 -4.9626081E-11  0.2294657      3.8514301E-02
  1.6734163E-09 -3.3250558E-10   1.964263      -3.071239     -4.3943260E-10
 -4.1863224E-10  0.2307858      4.7393758E-02  2.3969051E-09 -1.1761969E-09
   2.262553      -3.062433      8.5205158E-09  1.1707613E-09  0.2324970    
  5.7452817E-02  1.2182843E-08  2.9480276E-09   2.564970      -3.052604    
  4.1599959E-09  3.5034020E-10  0.2324167      6.8768136E-02  9.1274172E-10
  1.0886083E-09   2.890380      -3.042482     -1.9528490E-09 -1.2987229E-09
  0.2326254      8.1357248E-02 -3.9718966E-09 -2.8950922E-09   3.254434    
  -3.032664     -9.3929231E-10 -9.8498276E-10  0.2341609      9.5215708E-02
 -3.1935936E-09 -1.7478783E-09   3.635854      -3.022397     -9.0596919E-10
 -1.5150192E-09  0.2352169      0.1104053     -1.4673731E-08 -6.9521775E-09
   4.022256      -3.011277     -1.2347330E-08 -7.5597484E-09  0.2351577    
  0.1269825     -3.9048079E-08 -2.5381780E-08   4.431710      -2.999986    
 -2.0205325E-08 -1.3092887E-08  0.2352367      0.1449143     -5.7814173E-08
 -4.2087322E-08   4.867505      -2.988675     -5.2000755E-09 -5.1913389E-09
  0.2355706      0.1641849     -2.2962709E-08 -1.7066100E-08   5.332104    
  -2.977464     -2.0235504E-08 -1.5965441E-08  0.2361985      0.1847667    
 -5.5555212E-08 -4.8678658E-08   5.807109      -2.965739     -2.5107026E-08
 -2.4065571E-08  0.2362636      0.2067270     -8.2980847E-08 -7.7835466E-08
   6.296943      -2.953696     -2.6893458E-08 -2.7604074E-08  0.2360495    
  0.2300337     -8.2770065E-08 -8.9232799E-08   6.797047      -2.941217    
  2.3845827E-08  2.6552357E-08  0.2354409      0.2546934      7.2564752E-08
  8.1748112E-08   7.317672      -2.928699      3.9849269E-08  4.8928541E-08
  0.2348589      0.2806154      1.2645613E-07  1.5849992E-07   7.866418    
  -2.916450      1.2478261E-08  1.6781314E-08  0.2345365      0.3076935    
  4.3653589E-08  5.0262315E-08   8.448627      -2.904696     -1.4705813E-08
 -2.4698011E-08  0.2345825      0.3358068     -4.9556036E-08 -8.0689460E-08
   9.027265      -2.892184     -1.5799799E-08 -3.1212039E-08  0.2338937    
  0.3652155     -4.8994565E-08 -8.5142347E-08   9.614987      -2.879399    
  6.6194032E-09  1.3360022E-08  0.2329274      0.3957780      1.8166585E-08
  4.2722604E-08   10.21359      -2.866441     -2.8621214E-08 -5.9345894E-08
  0.2317751      0.4274302     -8.8322999E-08 -1.8521314E-07   10.82957    
  -2.853582      9.1460937E-09  1.8497303E-08  0.2306232      0.4600319    
  2.2268750E-08  5.1933966E-08   11.45960      -2.840751      1.4202840E-08
  3.4225195E-08  0.2294022      0.4935450      4.6872728E-08  1.1491102E-07
   12.10383      -2.827998     -1.7783659E-08 -4.9943992E-08  0.2281304    
  0.5278856     -5.6907709E-08 -1.5498154E-07   12.77579      -2.815859    
 -6.1251488E-09 -2.0944753E-08  0.2271010      0.5627486     -2.4754488E-08
 -6.9223461E-08   13.45707      -2.803714     -9.5913926E-09 -3.0222509E-08
  0.2259282      0.5983186     -1.7978069E-08 -9.6028089E-08   14.14079    
  -2.791348      6.0777277E-09  1.8526407E-08  0.2245087      0.6346595    
  2.8402846E-08  7.9438905E-08   14.82880      -2.778867     -2.7859697E-09
 -1.9086656E-08  0.2229154      0.6716751     -1.4604346E-08 -5.3740223E-08
   15.51266      -2.765996     -3.7468424E-09 -1.3635145E-08  0.2210304    
  0.7094845     -4.1758703E-09 -2.0489097E-08   16.20514      -2.753242    
  3.5449015E-09  1.1048542E-08  0.2191113      0.7477637      7.4805797E-09
  2.4221663E-08   16.90405      -2.740566      3.4614871E-09 -1.6625563E-09
  0.2171375      0.7864758     -4.0883705E-09 -2.9824150E-08   17.61509    
  -2.728238      3.6215706E-09  1.0833901E-08  0.2152175      0.8253785    
  1.0225611E-08  2.7604983E-08   18.33769      -2.716295      8.0695339E-10
 -6.6975190E-09  0.2133520      0.8643569      1.4577223E-09 -1.0622898E-08
   19.07521      -2.704933      4.0479202E-09  5.5333658E-09  0.2116019    
  0.9031671      6.9247439E-09  2.6207999E-08   19.81758      -2.693806    
  4.7580184E-09 -1.7171260E-09  0.2098259      0.9419851      3.8861301E-09
 -6.3446350E-09   20.54988      -2.682291     -3.0971008E-09 -1.8313585E-08
  0.2078214      0.9813286     -3.2190339E-09 -5.2314135E-08   21.27781    
  -2.670654     -2.9615885E-09 -2.9431249E-08  0.2056988       1.020969    
 -3.5347991E-09 -4.8370566E-08   22.00498      -2.659084      1.7784951E-09
 -1.8990249E-09  0.2035299       1.060713      1.7597742E-08  1.0352232E-07
   22.72755      -2.647443     -1.1468914E-10 -9.6915755E-09  0.2012780    
   1.100667      5.6885812E-09  2.9685907E-09   23.45146      -2.636043    
  1.2595762E-09  1.0761141E-08  0.1990432       1.140494      1.0796368E-09
  6.1118044E-09   24.17457      -2.624833     -1.3459032E-09 -1.1714292E-08
  0.1968099       1.180201     -2.2063986E-09 -3.4808181E-08   24.88856    
  -2.613434      4.6767314E-09  2.1434971E-08  0.1944793       1.220184    
  6.8418848E-09  4.4819899E-08   25.60282      -2.602370     -3.6982379E-09
 -5.0786184E-08  0.1921964       1.259830     -1.3347663E-08 -1.3067620E-07
   26.31458      -2.591562      1.6488300E-09  4.1763997E-09  0.1899384    
   1.299180      6.1778946E-09  1.7113052E-08   27.02524      -2.581167    
 -1.1481033E-09 -1.1743396E-08  0.1877411       1.337982      1.9681772E-09
  1.9674189E-08   27.73694      -2.571428      2.0346729E-09  1.6283593E-08
  0.1856544       1.375835      1.0556125E-08  4.6507921E-08   28.44391    
  -2.562103      1.4058638E-09  2.7939677E-09  0.1836167       1.412982    
  7.5243412E-09  3.4749974E-08   29.13731      -2.552538     -9.5393671E-10
 -1.5192199E-08  0.1815012       1.450422     -2.6476610E-09 -7.1770046E-08
   29.82033      -2.543011      6.8926664E-10 -9.1386028E-09  0.1793714    
   1.487746      7.0458368E-09  1.3271347E-08   30.48878      -2.533242    
  1.2054375E-09 -6.2282197E-09  0.1771766       1.525396      2.6368947E-09
 -7.3341653E-09   31.14678      -2.523597      1.4641537E-09  9.4878487E-09
  0.1749946       1.562808      3.5584495E-09 -1.4901161E-08   31.79156    
  -2.513889     -1.0032941E-09 -7.0722308E-09  0.1727931       1.600296    
  9.7775574E-09  8.1490725E-10   32.42575      -2.504463     -1.4367108E-10
  7.6543074E-09  0.1706367       1.637264     -2.3705726E-09 -5.9022568E-08
   33.04776      -2.495333      2.8295508E-09  1.3125828E-08  0.1685248    
   1.673638      5.1639302E-09  2.3981556E-08   33.65513      -2.486393    
 -4.3372683E-09 -6.0128514E-08  0.1664376       1.709565     -5.0165991E-09
 -7.8114681E-08   34.24717      -2.477716      1.1326050E-09 -1.6472768E-08
  0.1643876       1.744887      3.7753498E-09 -4.4237822E-08   34.82417    
  -2.469049      3.3482102E-09  2.4156179E-08  0.1623491       1.780228    
  1.2716434E-08  8.2887709E-08   35.38472      -2.460387      1.1833451E-09
 -1.6181730E-08  0.1603203       1.815569      6.9334023E-09 -1.2572855E-08
   35.92779      -2.451518      2.2345366E-09  4.3655746E-09  0.1582734    
   1.851385      7.8208773E-09  5.1222742E-08   36.45337      -2.442612    
  2.0412769E-09  6.9267116E-09  0.1562354       1.887340      5.6378124E-09
  7.5204298E-08   36.96016      -2.433889      3.9942866E-10 -3.7194695E-08
  0.1542339       1.922927      6.3908587E-11 -3.3527613E-08   37.44730    
  -2.425105      1.1977420E-09 -2.2642780E-08  0.1522377       1.958699    
  3.2780307E-09 -1.2130477E-07   37.91322      -2.416393      1.1194715E-09
  1.4493708E-08  0.1502626       1.994324      7.4631439E-09  4.7031790E-08
   38.35581      -2.407908     -9.2053636E-11 -4.1385647E-08  0.1483254    
   2.029399     -4.6026818E-09 -8.9872628E-08   38.77998      -2.399308    
 -7.2680223E-10 -1.1175871E-08  0.1464034       2.065009      3.4523107E-09
 -4.3539330E-08   39.18190      -2.390787      1.8533449E-09  1.0710210E-08
  0.1445115       2.100569      3.2881926E-09  3.1897798E-08   39.55998    
  -2.382300      7.6730811E-10 -4.4237822E-09  0.1426413       2.136161    
  2.0068058E-09 -3.9348379E-08   39.91529      -2.373674      1.1656248E-09
  2.9453076E-08  0.1407768       2.172284      3.4968743E-09 -6.5192580E-09
   40.24274      -2.365109     -5.7557226E-11  6.8685040E-09  0.1389305    
   2.208283      7.4824396E-09  6.0535967E-08   40.54900      -2.356179    
  6.5378630E-10  1.4784746E-08  0.1370706       2.245534      7.0495214E-09
  1.0407530E-07   40.82566      -2.347234      7.8626600E-10 -8.1490725E-10
  0.1352189       2.282861      1.9656650E-09  5.7276338E-08   41.08144    
  -2.338085      1.5814434E-09  2.2584572E-08  0.1333814       2.321237    
 -1.1097848E-10  4.3306500E-08   41.31370      -2.328769      0.0000000E+00
 -5.2037649E-08  0.1315561       2.360509     -4.9349291E-10 -1.3923272E-07
   41.51680      -2.319370      1.6528320E-09 -2.2817403E-08  0.1297389    
   2.400248      3.2514726E-09 -1.7229468E-08   41.69322      -2.309744    
  2.6514531E-09 -1.5366822E-08  0.1279202       2.440984      2.7853648E-09
 -1.2107193E-08   41.84075      -2.299859      1.5091469E-09  1.5483238E-08
  0.1260906       2.482746      2.7535312E-09  1.0756776E-07   41.95454    
  -2.289743      7.8531251E-11 -1.5716068E-08  0.1242415       2.525257    
 -2.0941666E-10  2.7939677E-09   42.04037      -2.279283      1.8895754E-09
  3.1781383E-08  0.1223763       2.569190      2.7955362E-09  5.8207661E-08
   42.09646      -2.268561      8.1915424E-10 -9.7788870E-09  0.1205030    
   2.614345      1.1775342E-09  6.9849193E-09   42.11950      -2.257502    
  5.0637595E-11 -2.9569492E-08  0.1186027       2.660768     -3.5446315E-10
 -9.2200935E-08   42.11524      -2.245924      1.2522537E-10  4.0745363E-09
  0.1166664       2.709313     -1.0018029E-10  6.5192580E-09   42.08242    
  -2.233720      5.6987570E-10 -1.8510036E-08  0.1146749       2.760239    
  1.2388602E-09 -3.2596290E-09   42.02037      -2.220827     -9.8060025E-11
 -2.8172508E-08  0.1126165       2.813731      3.0888907E-09 -4.7031790E-08
   41.92306      -2.207233     -2.4258297E-11  8.1490725E-10  0.1104727    
   2.869516      6.8893566E-09  8.9406967E-08   41.80172      -2.192901    
 -1.4404145E-10  2.7008355E-08  0.1082660       2.928543      2.4006908E-10
  8.8009983E-08   41.64704      -2.177716      2.3760677E-11 -1.5366822E-08
  0.1059527       2.990535      3.9917936E-09 -6.8452209E-08   41.45779    
  -2.161517      6.3502503E-10  1.8393621E-08  0.1035023       3.055832    
  6.2091337E-09 -6.0070306E-08   41.23703      -2.144107     -3.0267983E-10
  2.8405339E-08  0.1008878       3.125155     -9.3132259E-11  7.1711838E-08
  6.4324660E-05  -1.570797      6.4337542E-03 -2.7576952E-16  3.7834980E-09
  5.3290705E-15  2.0522399E-02 -2.9150512E-15  5.8084150E-04  -1.570796    
  6.4222091E-03  8.7542007E-15  2.5138678E-09 -2.8421709E-14  2.0485571E-02
 -1.9232754E-14  1.6135203E-03  -1.570796      6.4347167E-03  5.9784035E-13
 -4.6378743E-10  3.7516656E-12  2.0525472E-02  1.7188026E-12  3.1534396E-03
  -1.570796      6.4440174E-03  4.8177233E-11  5.4644951E-09 -1.4097168E-11
  2.0555129E-02  1.6266240E-10  5.1755230E-03  -1.570796      6.4379135E-03
  1.6978749E-10  9.0140578E-10  1.0004442E-11  2.0535665E-02  5.3656840E-10
  7.6829623E-03  -1.570795      6.4493581E-03  8.6039348E-10  5.2674182E-10
  8.0035534E-11  2.0572165E-02  2.7402292E-09  1.0618334E-02  -1.570795    
  6.4450009E-03  2.7098528E-09  4.6350030E-09 -2.1827873E-11  2.0558275E-02
  8.6498257E-09  1.3946295E-02  -1.570796      6.4328802E-03  7.2648771E-09
  6.1796862E-10  1.3460522E-10  2.0519603E-02  2.3195422E-08  1.7740708E-02
  -1.570794      6.4579458E-03  1.7374999E-08  8.1786744E-10 -8.7311491E-11
  2.0599570E-02  5.5427154E-08  2.1784227E-02  -1.570794      6.4475336E-03
  3.8086014E-08 -9.7567121E-10  2.2555469E-10  2.0566355E-02  1.2145226E-07
  2.6217014E-02  -1.570792      6.4643165E-03  7.6516592E-08  1.3240919E-09
 -2.9831426E-10  2.0619888E-02  2.4403553E-07  3.0783577E-02  -1.570786    
  6.4533525E-03  1.4394334E-07  9.0669633E-10 -7.2759576E-11  2.0584907E-02
  4.5903317E-07  3.5664238E-02  -1.570781      6.4683650E-03  2.5703255E-07
  5.9317053E-09 -1.4551915E-11  2.0632807E-02  8.1993352E-07  4.0693704E-02
  -1.570769      6.4833192E-03  4.3942913E-07 -3.4326489E-10  1.6007107E-10
  2.0680504E-02  1.4017701E-06  4.5610413E-02  -1.570758      6.4703650E-03
  7.2232012E-07  0.0000000E+00  1.4551915E-10  2.0639176E-02  2.3041437E-06
  5.0735004E-02  -1.570743      6.4878068E-03  1.1476623E-06  4.0360337E-09
 -6.1118044E-10  2.0694811E-02  3.6606459E-06  5.5763707E-02  -1.570716    
  6.5009603E-03  1.7706496E-06  5.8977156E-09 -2.9103830E-10  2.0736780E-02
  5.6479735E-06  6.0627531E-02  -1.570681      6.5122335E-03  2.6617499E-06
 -5.6930514E-09 -5.8207661E-11  2.0772735E-02  8.4904577E-06  6.4946227E-02
  -1.570636      6.4927377E-03  3.9094198E-06 -7.5143380E-10 -6.4028427E-10
  2.0710541E-02  1.2470507E-05  6.9455579E-02  -1.570575      6.5258672E-03
  5.6247504E-06 -2.9703908E-09  5.8207661E-11  2.0816227E-02  1.7942102E-05
  7.3466688E-02  -1.570497      6.5503465E-03  7.9429237E-06 -1.7743989E-08
  5.8207661E-10  2.0894308E-02  2.5336292E-05  7.7097498E-02  -1.570405    
  6.5866308E-03  1.1028551E-05 -3.3513899E-08 -5.8207661E-11  2.1010045E-02
  3.5178859E-05  7.9785891E-02  -1.570290      6.5964679E-03  1.5076403E-05
 -5.2515610E-09  0.0000000E+00  2.1041417E-02  4.8091228E-05  8.1169613E-02
  -1.570133      6.5623252E-03  2.0318061E-05 -2.5238924E-08  1.1641532E-10
  2.0932518E-02  6.4810731E-05  8.2304791E-02  -1.569952      6.5797386E-03
  2.7026248E-05 -3.3854295E-08  3.7252903E-09  2.0988062E-02  8.6209264E-05
  8.2724310E-02  -1.569739      6.6199577E-03  3.5519945E-05 -2.2441499E-08
  6.0535967E-09  2.1116346E-02  1.1330163E-04  8.1856757E-02  -1.569509    
  6.6484963E-03  4.6167876E-05  4.7298229E-08  0.0000000E+00  2.1207381E-02
  1.4726610E-04  7.9608172E-02  -1.569203      6.6692424E-03  5.9394468E-05
  4.5325383E-08  8.1490725E-10  2.1273552E-02  1.8945670E-04  7.5736091E-02
  -1.568823      6.6731656E-03  7.5688033E-05  8.9420764E-09  2.2118911E-09
  2.1286068E-02  2.4142946E-04  7.0165575E-02  -1.568361      6.6639548E-03
  9.5598829E-05 -1.5235930E-08 -1.1641532E-09  2.1256689E-02  3.0494074E-04
  6.3114464E-02  -1.567861      6.6758827E-03  1.1970168E-04 -1.3976744E-08
  5.5879354E-09  2.1294745E-02  3.8182593E-04  5.4317158E-02  -1.567298    
  6.7043118E-03  1.4868056E-04  5.8839142E-09 -8.3819032E-09  2.1385420E-02
  4.7426159E-04  4.3460816E-02  -1.566600      6.7388834E-03  1.8329579E-04
 -3.9207141E-08  1.4202669E-08  2.1495702E-02  5.8467593E-04  3.0321777E-02
  -1.565881      6.7793285E-03  2.2438192E-04  1.7980978E-08  2.3283064E-10
  2.1624707E-02  7.1573263E-04  1.4627145E-02  -1.565123      6.8100560E-03
  2.7289035E-04  2.5115188E-08  1.1175871E-08  2.1722728E-02  8.7046647E-04
  3.7519424E-03   1.577159      6.8214610E-03  3.2989838E-04 -2.5843409E-08
  0.0000000E+00  2.1759102E-02  1.0523095E-03  2.4870299E-02   1.578696    
  6.8205828E-03  3.9655139E-04 -5.5856280E-09 -6.9849193E-10  2.1756316E-02
  1.2649224E-03  4.8914563E-02   1.579989      6.8249987E-03  4.7385669E-04
 -1.5568638E-08 -1.3969839E-09  2.1770382E-02  1.5115109E-03  7.6380342E-02
   1.581408      6.8574566E-03  5.6278444E-04  1.4562477E-08  4.1909516E-09
  2.1873934E-02  1.7951686E-03  0.1075258       1.582929      6.8983720E-03
  6.6478737E-04 -1.2199615E-08  1.6763806E-08  2.2004426E-02  2.1205372E-03
  0.1423901       1.584641      6.9320626E-03  7.8145828E-04 -1.4872963E-09
 -3.2596290E-09  2.2111895E-02  2.4926942E-03  0.1814006       1.586521    
  6.9697578E-03  9.1420324E-04  3.9077652E-09 -4.6566129E-10  2.2232141E-02
  2.9161272E-03  0.2246897       1.588588      7.0054848E-03  1.0647220E-03
 -3.2706966E-09 -1.3969839E-09  2.2346105E-02  3.3962522E-03  0.2725052    
   1.590852      7.0398571E-03  1.2347315E-03  8.7343768E-09 -1.4435500E-08
  2.2455739E-02  3.9385469E-03  0.3248813       1.593350      7.0684669E-03
  1.4261942E-03 -8.3298413E-10  1.8626451E-09  2.2547001E-02  4.5492770E-03
  0.3818660       1.596104      7.0896992E-03  1.6411946E-03  7.1284129E-10
  2.7939677E-08  2.2614729E-02  5.2350843E-03  0.4430497       1.599168    
  7.0957900E-03  1.8820656E-03  4.3843520E-09  9.3132257E-10  2.2634154E-02
  6.0034171E-03  0.5106043       1.602379      7.1193879E-03  2.1474916E-03
 -2.9263944E-10 -2.1886081E-08  2.2709435E-02  6.8500740E-03  0.5846056    
   1.605776      7.1522370E-03  2.4398803E-03 -7.1651334E-09  1.3504177E-08
  2.2814211E-02  7.7827335E-03  0.6653212       1.609370      7.1910992E-03
  2.7612208E-03  4.7738555E-09 -1.2572855E-08  2.2938170E-02  8.8077476E-03
  0.7527060       1.613194      7.2307335E-03  3.1137117E-03 -7.3401046E-10
 -2.7939677E-09  2.3064598E-02  9.9321278E-03  0.8474381       1.617229    
  7.2740400E-03  3.4987708E-03 -3.5987893E-10 -4.1443855E-08  2.3202742E-02
  1.1160386E-02  0.9495093       1.621501      7.3173395E-03  3.9185756E-03
 -2.7359341E-09  2.7474016E-08  2.3340855E-02  1.2499472E-02   1.057915    
   1.626104      7.3512923E-03  4.3766256E-03  1.2124859E-09 -9.3132257E-10
  2.3449164E-02  1.3960561E-02   1.173719       1.630984      7.3831221E-03
  4.8738569E-03 -5.9511875E-09 -2.0023435E-08  2.3550689E-02  1.5546641E-02
   1.296643       1.636186      7.4099489E-03  5.4129944E-03  4.9256186E-09
  7.4505806E-09  2.3636265E-02  1.7266370E-02   1.426772       1.641723    
  7.4318531E-03  5.9963171E-03 -1.6401476E-09  3.8184226E-08  2.3706133E-02
  1.9127056E-02   1.564339       1.647600      7.4497289E-03  6.6258549E-03
  4.6737041E-09  2.0489097E-08  2.3763146E-02  2.1135164E-02   1.709211    
   1.653827      7.4626608E-03  7.3027709E-03  0.0000000E+00 -9.3132257E-10
  2.3804413E-02  2.3294393E-02   1.864867       1.660091      7.4848449E-03
  8.0146166E-03  1.2459581E-09 -5.5879354E-09  2.3875162E-02  2.5565026E-02
   2.030710       1.666476      7.5108823E-03  8.7659229E-03 -1.6082888E-09
  9.3132257E-10  2.3958214E-02  2.7961552E-02   2.204906       1.673132    
  7.5324969E-03  9.5622800E-03 -4.8217501E-09  3.0733645E-08  2.4027178E-02
  3.0501779E-02   2.388599       1.679991      7.5533567E-03  1.0402841E-02
  1.1120155E-09 -1.1175871E-08  2.4093702E-02  3.3183016E-02   2.581065    
   1.687114      7.5705447E-03  1.1290511E-02  9.4856900E-10 -3.2596290E-08
  2.4148533E-02  3.6014486E-02   2.783338       1.694436      7.5868843E-03
  1.2223703E-02  1.5803817E-09 -2.9802322E-08  2.4200656E-02  3.8991183E-02
   2.995302       1.701970      7.6015242E-03  1.3203519E-02 -4.2443260E-10
 -3.1664968E-08  2.4247348E-02  4.2116608E-02   3.216209       1.709772    
  7.6122857E-03  1.4232671E-02 -3.4837494E-10  7.4505806E-09  2.4281684E-02
  4.5399390E-02   3.446553       1.717786      7.6204711E-03  1.5307947E-02
  5.4914179E-10 -1.5832484E-08  2.4307789E-02  4.8829306E-02   3.688032    
   1.725757      7.6298388E-03  1.6410558E-02  5.8170921E-09  3.7252903E-09
  2.4337668E-02  5.2346420E-02   3.939751       1.733781      7.6379217E-03
  1.7546022E-02  1.2000119E-09 -1.1734664E-07  2.4363454E-02  5.5968337E-02
   4.199756       1.742008      7.6408288E-03  1.8721396E-02 -5.2577331E-10
 -8.3819032E-09  2.4372723E-02  5.9717547E-02   4.468823       1.750378    
  7.6404908E-03  1.9934107E-02 -3.8881465E-10 -2.7008355E-08  2.4371648E-02
  6.3585825E-02   4.747734       1.758824      7.6385192E-03  2.1180302E-02
 -3.0676122E-09  6.5192580E-09  2.4365358E-02  6.7560948E-02   5.035200    
   1.767432      7.6328819E-03  2.2464115E-02  6.9342959E-10 -5.9604645E-08
  2.4347376E-02  7.1656115E-02   5.331600       1.776163      7.6245586E-03
  2.3783129E-02  7.4009510E-09  2.4214387E-08  2.4320841E-02  7.5863473E-02
   5.637664       1.784907      7.6149902E-03  2.5128577E-02 -5.0936344E-09
  2.7939677E-09  2.4290308E-02  8.0155171E-02   5.952607       1.793568    
  7.6034674E-03  2.6485270E-02  1.8775725E-09  2.6077032E-08  2.4253547E-02
  8.4482767E-02   6.276724       1.802143      7.5906408E-03  2.7854307E-02
  1.1478781E-08 -9.3132257E-10  2.4212627E-02  8.8849694E-02   6.609294    
   1.810673      7.5758472E-03  2.9237315E-02 -2.2429005E-09 -3.7252903E-09
  2.4165446E-02  9.3261220E-02   6.949205       1.819236      7.5580613E-03
  3.0638633E-02  3.5551557E-09  8.3819032E-09  2.4108713E-02  9.7731158E-02
   7.297110       1.827753      7.5386078E-03  3.2052327E-02  6.6766379E-09
 -6.2398612E-08  2.4046669E-02  0.1022406       7.649873       1.836468    
  7.5142384E-03  3.3495165E-02 -5.6850982E-11  9.3132257E-09  2.3968937E-02
  0.1068429       8.009659       1.845159      7.4881767E-03  3.4950458E-02
  3.7066827E-09  2.7939677E-09  2.3885788E-02  0.1114850       8.375249    
   1.853730      7.4599222E-03  3.6401540E-02  4.8830535E-09  2.7939677E-09
  2.3795670E-02  0.1161137       8.746543       1.862193      7.4298838E-03
  3.7850428E-02 -8.1700495E-09 -8.0093741E-08  2.3699855E-02  0.1207353    
   9.123460       1.870532      7.3985094E-03  3.9295152E-02 -1.6257363E-09
 -9.3132257E-09  2.3599764E-02  0.1253437       9.505113       1.878805    
  7.3654060E-03  4.0740602E-02 -6.3742003E-09 -9.3132257E-10  2.3494180E-02
  0.1299544       9.890832       1.887046      7.3304768E-03  4.2189199E-02
  4.3421067E-09  1.3969839E-08  2.3382762E-02  0.1345752       10.28068    
   1.895211      7.2943438E-03  4.3637194E-02  1.8847501E-09 -3.7252903E-08
  2.3267515E-02  0.1391940       10.67380       1.903275      7.2569354E-03
  4.5078982E-02  3.2614589E-09  1.1548400E-07  2.3148181E-02  0.1437930    
   11.06993       1.911076      7.2189532E-03  4.6493787E-02 -1.7918999E-09
 -5.5879354E-08  2.3027031E-02  0.1483060       11.46845       1.918679    
  7.1802870E-03  4.7888882E-02 -9.6211430E-09  3.9115548E-08  2.2903690E-02
  0.1527559       11.86805       1.926199      7.1403249E-03  4.9275421E-02
  3.5063102E-10  4.6566129E-08  2.2776216E-02  0.1571788       12.26770    
   1.933711      7.0987293E-03  5.0661534E-02 -4.4598969E-10 -4.4703484E-08
  2.2643536E-02  0.1616002       12.66722       1.941218      7.0558828E-03
  5.2048758E-02 -3.0888907E-09 -4.0978193E-08  2.2506861E-02  0.1660252    
   13.06663       1.948591      7.0126057E-03  5.3422436E-02 -4.8516596E-10
  3.9115548E-08  2.2368805E-02  0.1704069       13.46482       1.955754    
  6.9689481E-03  5.4769885E-02  2.0645941E-09  6.5192580E-08  2.2229560E-02
  0.1747050       13.86138       1.962732      6.9250930E-03  5.6094751E-02
  1.0454698E-09 -7.0780516E-08  2.2089673E-02  0.1789312       14.25550    
   1.969566      6.8809418E-03  5.7402086E-02  3.8101504E-09 -9.3132257E-09
  2.1948837E-02  0.1831012       14.64651       1.976333      6.8363757E-03
  5.8701899E-02  1.6298145E-09  8.3819032E-08  2.1806670E-02  0.1872474    
