  1.9110478E-02  -1.570796       1.911283     -7.2878693E-13  5.3696567E-08
  4.3343107E-13   5.809045     -2.3915106E-12  0.1728493      -1.570796    
   1.909820      1.7263510E-09 -2.3398307E-08 -8.1740836E-11   5.804662    
  5.2708433E-09  0.4792938      -1.570796       1.907738      8.5966100E-08
 -7.3510307E-08  4.6657078E-10   5.798313      2.6113943E-07  0.9412953    
  -1.570796       1.916208      8.9414164E-07  1.0150714E-07 -1.3824319E-10
   5.824055      2.7172578E-06   1.555462      -1.570793       1.922668    
  5.1973093E-06 -9.6192878E-08 -5.5370037E-09   5.843703      1.5796810E-05
   2.318028      -1.570786       1.927424      2.1092486E-05 -5.0988611E-08
 -1.6443664E-09   5.858152      6.4104890E-05   3.217990      -1.570769    
   1.927282      6.7574641E-05 -1.2229278E-07 -2.9103830E-11   5.857722    
  2.0538351E-04   4.273829      -1.570734       1.936251      1.8308594E-04
 -2.4718745E-09 -3.4342520E-09   5.884981      5.5646262E-04   5.464791    
  -1.570665       1.943341      4.3694218E-04  6.6928820E-08 -1.5454134E-08
   5.906520      1.3280184E-03   6.785128      -1.570542       1.949813    
  9.4481348E-04  2.7074876E-08  2.2264430E-08   5.926189      2.8716221E-03
   8.238018      -1.570339       1.958213      1.8879763E-03  3.0763070E-07
 -8.1490725E-10   5.951732      5.7382174E-03   9.838230      -1.570019    
   1.972429      3.5389340E-03  2.9215769E-08  5.9080776E-08   5.994934    
  1.0756006E-02   11.49818      -1.569531       1.976586      6.2745521E-03
 -5.9687785E-08  2.9569492E-08   6.007570      1.9070508E-02   13.33494    
  -1.568825       1.993168      1.0641896E-02 -4.8915247E-08  8.1665348E-08
   6.057963      3.2344289E-02   15.27410      -1.567828       2.009829    
  1.7349502E-02 -1.7657202E-07  7.5669959E-09   6.108603      5.2730903E-02
   17.24335      -1.566445       2.019528      2.7300699E-02 -1.0837498E-07
  7.1013346E-09   6.138078      8.2975879E-02   19.36240      -1.564605    
   2.037825      4.1713849E-02  7.0772586E-08 -6.3679181E-08   6.193692    
  0.1267819       21.60058      -1.562204       2.061145      6.2078193E-02
  2.1183448E-09 -8.3819032E-08   6.264564      0.1886756       23.86311    
  -1.559099       2.081539      9.0162583E-02 -1.6594163E-07 -1.2153760E-07
   6.326526      0.2740323       26.12649      -1.555152       2.098987    
  0.1280771     -3.1070289E-07 -2.0954758E-09   6.379560      0.3892660    
   28.50278      -1.550290       2.123372      0.1784468     -5.7255448E-07
 -8.0326572E-08   6.453678      0.5423547       30.96178      -1.544385    
   2.152867      0.2442564     -4.6122022E-07 -1.1641532E-09   6.543319    
  0.7423691       33.41267      -1.537255       2.182306      0.3288193    
 -6.3554188E-07 -1.3061799E-07   6.632786      0.9993799       35.77779    
  -1.528698       2.208476      0.4358061     -4.0392138E-07  1.4575198E-07
   6.712309       1.324541       38.08384      -1.518633       2.234312    
  0.5691257      6.0606754E-07  3.8859434E-07   6.790842       1.729734    
   40.37342      -1.507049       2.263419      0.7329552      1.1453342E-06
  1.2223609E-07   6.879295       2.227657       42.61320      -1.493871    
   2.295301      0.9317040      4.1930184E-07  2.2165477E-07   6.976190    
   2.831709       44.71776      -1.478951       2.326895       1.169786    
  4.1483676E-07  3.6158599E-07   7.072216       3.555296       46.60487    
  -1.462125       2.355679       1.451488      5.1262481E-07  8.1257895E-08
   7.159685       4.411461       48.18587      -1.443200       2.379139    
   1.780682      4.0100338E-07 -4.8894435E-09   7.230980       5.411953    
   49.45467      -1.422295       2.398332       2.159590      3.3012464E-07
  4.4936314E-07   7.289307       6.563545       50.41350      -1.399640    
   2.414733       2.589279      1.5386435E-07  8.4517524E-08   7.339147    
   7.869458       51.00831      -1.375299       2.427715       3.070084    
 -4.9315457E-07 -1.2223609E-07   7.378611       9.330723       51.16320    
  -1.349230       2.435516       3.601442     -4.8078368E-07 -4.7776848E-07
   7.402309       10.94562       50.80270      -1.321390       2.436196    
   4.180965      1.6882241E-07 -2.2328459E-07   7.404368       12.70691    
   49.91224      -1.292143       2.430343       4.802643     -6.2024179E-07
 -4.7893263E-07   7.386568       14.59632       48.45470      -1.261669    
   2.417523       5.459739      6.0718315E-07  4.6472996E-07   7.347615    
   16.59333       46.38839      -1.229964       2.397187       6.144666    
 -1.4407168E-07  6.4610504E-07   7.285787       18.67494       43.69556    
  -1.197091       2.369308       6.848896      7.4737997E-08  1.1839438E-06
   7.201057       20.81520       40.36192      -1.163103       2.333804    
   7.562023     -2.1020874E-07 -1.2121163E-06   7.093146       22.98247    
   36.40082      -1.127985       2.291831       8.272913     -4.4733294E-08
 -8.5216016E-07   6.965590       25.14297       31.82062      -1.091202    
   2.243596       8.972828      1.1477665E-07  9.2876144E-07   6.818965    
   27.27010       26.64876      -1.051764       2.190029       9.652210    
  3.4669384E-07 -1.0940712E-06   6.656176       29.33486       20.91881    
  -1.007075       2.132015       10.30230      4.3501456E-07  1.0121148E-06
   6.479870       31.31046       14.67758     -0.9489977       2.070553    
   10.91628     -3.8390158E-07 -1.1215452E-06   6.293062       33.17635    
   7.997217     -0.8400890       2.006192       11.48981     -2.4939260E-07
 -1.2051314E-06   6.097447       34.91938       1.567308      0.1066166    
   1.940582       12.01695      5.9587329E-08  1.5785918E-07   5.898045    
   36.52139       6.941982       1.979487       1.874097       12.49593    
 -3.0707633E-07 -4.6193600E-07   5.695987       37.97705       14.69370    
   2.112396       1.807715       12.92550     -3.0284630E-07  1.6577542E-07
   5.494235       39.28242       22.74390       2.170721       1.742215    
   13.30495     -4.4368772E-08  1.7369166E-07   5.295177       40.43556    
   30.99295       2.210566       1.677869       13.63575     -6.8813485E-08
 -5.2084215E-07   5.099608       41.44085       39.37560       2.242433    
   1.615436       13.91886      1.3963302E-07  1.8561259E-06   4.909872    
   42.30114       47.82512       2.269987       1.554801       14.15837    
  1.5824290E-07  7.0314854E-08   4.725585       43.02898       56.28894    
   2.294360       1.496852       14.35400      2.1920013E-07  3.9255247E-07
   4.549477       43.62341       64.70406       2.316431       1.441478    
   14.50914     -4.2508483E-10 -2.1350570E-07   4.381185       44.09484    
   73.01659       2.336693       1.388779       14.62852     -4.4998448E-08
 -1.3285317E-06   4.221032       44.45753       81.17178       2.355247    
   1.338997       14.71252     -3.1490835E-08  4.8009679E-07   4.069737    
   44.71276       89.11477       2.372382       1.291992       14.76562    
 -3.0540239E-08 -4.0535815E-07   3.926887       44.87406       96.79362    
   2.388234       1.247738       14.79039     -5.2274373E-08  4.4004992E-08
   3.792402       44.94918       104.1606       2.402849       1.206360    
   14.78937      9.0643454E-08  1.7660204E-07   3.666645       44.94611    
   111.1578       2.416542       1.167299       14.76738     -9.5884651E-08
 -8.7055378E-07   3.547937       44.87920       117.7485       2.429045    
   1.131089       14.72311      7.7223348E-08  7.1933027E-07   3.437890    
   44.74455       123.8799       2.440496       1.097380       14.65842    
 -4.8113204E-08 -1.2794044E-06   3.335452       44.54798       129.5096    
   2.451117       1.065917       14.57938      5.7424906E-08 -1.8792925E-06
   3.239834       44.30759       134.5943       2.460811       1.036690    
   14.48489     -7.2913068E-08 -1.2365635E-06   3.151016       44.02039    
   139.0926       2.469542       1.009681       14.37547     -3.7137855E-08
  2.1199230E-07   3.068933       43.68781       142.9699       2.477475    
  0.9846324       14.25500      1.9759827E-07  1.8969877E-06   2.992823    
   43.32161       146.1927       2.484609      0.9614785       14.12377    
  2.8713254E-07 -2.2947497E-06   2.922449       42.92270       148.7341    
   2.490891      0.9402289       13.98320     -4.5391920E-07 -9.2470436E-06
   2.857873       42.49540       150.5721       2.496609      0.9204158    
   13.83838      4.6800466E-08 -6.7986548E-07   2.797662       42.05527    
   151.6742       2.501459      0.9022708       13.68491     -1.7626550E-07
  1.2062956E-06   2.742521       41.58868       152.0179       2.505349    
  0.8857791       13.52194     -1.6654228E-07 -2.9106159E-06   2.692409    
   41.09345       151.5841       2.508374      0.8706342       13.35093    
 -3.3104648E-08  2.9744115E-07   2.646381       40.57362       150.3913    
   2.510718      0.8566807       13.17899      1.2859967E-08  2.1769665E-08
   2.603979       40.05105       148.3969       2.512019      0.8439596    
   12.99772      3.3086604E-08  4.0768646E-07   2.565323       39.50010    
   145.5893       2.512164      0.8323678       12.80563     -8.2357317E-08
  5.7136640E-07   2.530100       38.91636       142.0050       2.511171    
  0.8218634       12.60635      3.1494765E-09  2.2421591E-06   2.498175    
   38.31069       137.6259       2.508678      0.8124511       12.39351    
  1.8079081E-07  1.2571691E-06   2.469577       37.66370       132.4702    
   2.504375      0.8040716       12.16417      7.1772817E-08  1.7123530E-06
   2.444112       36.96677       126.5176       2.497502      0.7968033    
   11.90523     -2.7741871E-08 -2.5937334E-07   2.422030       36.17975    
   119.8017       2.486399      0.7913261       11.59853     -1.7497396E-07
 -1.5936093E-06   2.405382       35.24766       111.9237       2.465401    
  0.7881382       11.13248      7.4133681E-08  2.1595042E-07   2.395689    
   33.83110       100.7970       2.405370      0.7878451       9.942341    
  1.3815817E-08  1.1059456E-07   2.394785       30.21404       116.1009    
   3.070532      0.3145279       18.81364     -5.9262511E-08 -8.2206680E-07
  0.9564146       57.17809       95.05183       2.559963      0.7349042    
   12.85691      2.9828904E-08  2.3562461E-07   2.233949       39.07229    
   84.20275       2.509116      0.7446726       12.03806     -5.4082829E-08
  1.2048986E-08   2.263628       36.58357       74.34097       2.476472    
  0.7458459       11.63893      3.2888732E-08  2.2840686E-07   2.267191    
   35.37040       64.57935       2.443253      0.7451617       11.34746    
 -6.7355607E-08 -6.8580266E-07   2.265113       34.48470       54.81619    
   2.402923      0.7436900       11.10152     -1.8533376E-08  2.5634654E-07
   2.260643       33.73719       45.13782       2.348342      0.7421972    
   10.88503      2.6505825E-08 -1.1088559E-07   2.256108       33.07931    
   35.65788       2.267123      0.7408061       10.68134      1.0003921E-07
 -2.6385533E-07   2.251880       32.46020       26.64915       2.133429    
  0.7399982       10.49341      6.4512292E-08 -2.0198058E-08   2.249427    
   31.88901       18.63394       1.883798      0.7385973       10.29956    
  4.8988163E-08 -7.1508111E-07   2.245176       31.29988       13.22415    
   1.383707      0.7375631       10.11563     -1.1159653E-07  2.7072383E-07
   2.242028       30.74091       13.28569      0.6822365      0.7372366    
   9.941997     -3.7164750E-08 -4.9581286E-07   2.241039       30.21319    
   18.17911      0.2163186      0.7373793       9.778888     -9.7324289E-08
 -1.5826081E-06   2.241473       29.71752       24.72627     -1.6327677E-02
  0.7376797       9.614789     -2.6887736E-09  9.3280687E-07   2.242389    
   29.21882       31.43690     -0.1432691      0.7380706       9.449463    
 -7.0996904E-08  2.3575558E-06   2.243575       28.71637       37.80372    
 -0.2222017      0.7387072       9.288783      2.3734885E-06  6.6990033E-06
   2.245512       28.22800       43.60425     -0.2765802      0.7394888    
   9.130538      9.8627062E-08  5.2681426E-06   2.247891       27.74699    
  5.9139606E-02  -3.141203      3.4488039E-08  2.1833180E-12   5.914042    
  2.3022741E-04 -6.0535967E-07 -2.1481331E-11  0.5389968      -3.138092    
  5.2211098E-09 -7.6029877E-11   5.949308      6.2671998E-03 -7.1548541E-08
 -2.6209487E-10   1.509075      -3.131968     -1.3530997E-07 -8.4134621E-10
   5.989241      2.8925084E-02 -3.7334888E-07 -2.0236424E-09   2.986418    
  -3.123035      1.0531573E-07  1.0032921E-09   6.044682      7.8824699E-02
  3.6429968E-09 -3.4204639E-10   4.983716      -3.111502     -3.4137526E-07
 -1.2416143E-08   6.100832      0.1658626     -1.2902980E-06 -3.9744936E-08
   7.509347      -3.097591     -2.6052652E-07 -1.3668142E-08   6.152049    
  0.2989311     -7.4755201E-07 -3.5451055E-08   10.56813      -3.081542    
 -2.5599479E-07 -2.5012458E-08   6.196160      0.4856450     -1.0443018E-06
 -9.7277265E-08   14.15730      -3.063582     -5.0827918E-08 -1.0151354E-08
   6.230182      0.7321244     -4.3659483E-07 -6.7668367E-08   18.28442    
  -3.044033     -3.6367840E-07 -6.6615542E-08   6.257753       1.042761    
 -1.7475102E-06 -2.9456874E-07   22.92003      -3.023033      3.3160626E-07
  1.0743622E-07   6.270253       1.420145      5.1808144E-07  1.4213947E-07
   28.06458      -3.000914     -2.7993511E-07 -8.6263981E-08   6.272214    
   1.864948     -9.2774707E-07 -3.0472756E-07   33.67622      -2.977801    
  7.7331123E-07  3.4300183E-07   6.258612       2.376046      2.4388116E-06
  9.8939472E-07   39.74710      -2.954024      1.1492679E-08  3.2032403E-09
   6.232770       2.950279      7.0439001E-09  4.6784407E-09   46.22582    
  -2.929679     -7.5552600E-07 -4.6863170E-07   6.192117       3.583241    
 -1.9277757E-06 -1.0806070E-06   53.06615      -2.904920     -4.1194809E-07
 -2.9151761E-07   6.136117       4.268950     -9.0059717E-07 -7.3396586E-07
   60.25359      -2.880067     -2.2556945E-07 -2.5703048E-07   6.068342    
   4.999728     -1.1022858E-06 -1.0590848E-06   67.72903      -2.855176    
  3.6509669E-09 -7.1786417E-08   5.988433       5.767982     -6.2347283E-08
 -2.4871406E-07   75.43005      -2.830316     -2.5843806E-07 -4.7079811E-07
   5.896281       6.565104     -5.4494421E-07 -7.2615512E-07   83.30757    
  -2.805613     -3.4991768E-07 -5.7170837E-07   5.792333       7.382251    
 -1.4116937E-06 -2.2908644E-06   91.36582      -2.781452     -1.0459340E-06
 -2.1169399E-06   5.682471       8.209015     -3.3025992E-06 -6.8208319E-06
   99.51150      -2.757653     -2.6745956E-06 -6.0536549E-06   5.564434    
   9.038200     -8.6337504E-06 -1.9420579E-05   107.6833      -2.734217    
 -2.7167812E-06 -7.4985146E-06   5.439091       9.862112     -8.0174732E-06
 -2.2076711E-05   115.8615      -2.711383     -2.7841511E-06 -9.3057461E-06
   5.309789       10.67146     -9.0141502E-06 -3.0078227E-05   123.9975    
  -2.689185     -1.9360029E-06 -6.3591579E-06   5.176332       11.45967    
 -5.9469216E-06 -1.9295025E-05   132.0679      -2.667752      1.8693623E-06
  8.0118189E-06   5.041253       12.21971      5.2699220E-06  2.2607273E-05
   140.0300      -2.647064      2.3748014E-06  9.7640732E-06   4.906347    
   12.94639      7.8129133E-06  3.1579286E-05   147.8245      -2.627030    
  2.2031708E-07 -1.6170088E-07   4.771375       13.63615      3.5565469E-07
 -2.3354078E-06   155.4036      -2.607584      5.6580905E-07  1.5264959E-06
   4.636298       14.28653      1.4780455E-06  4.1129533E-06   162.7494    
  -2.588863      8.2836141E-07  3.2766256E-06   4.502653       14.89332    
  2.4013539E-06  1.0093208E-05   169.8609      -2.571100      4.4702529E-07
  4.4680201E-07   4.372664       15.45162      1.0197077E-06 -1.3341196E-06
   176.7046      -2.554260      7.6477102E-07  4.6390342E-06   4.246199    
   15.95958      1.1710081E-06  8.7171793E-06   183.2421      -2.538166    
 -3.5891876E-08 -1.3136305E-06   4.123342       16.41899      1.0120333E-07
 -4.4186600E-06   189.4442      -2.522791     -2.5520285E-07  1.4175894E-06
   4.004592       16.82995     -8.9762966E-07  4.7683716E-06   195.2910    
  -2.508188     -6.1757743E-07 -5.0300732E-06   3.890667       17.19172    
 -2.2008717E-06 -2.0383392E-05   200.7629      -2.494373      2.0951707E-07
  3.0819792E-06   3.781930       17.50491      6.7260351E-07  5.8598816E-06
   205.8339      -2.481300     -6.5313344E-07 -4.1374005E-06   3.677709    
   17.76991     -1.8936171E-06 -1.3113022E-05   210.4877      -2.468885    
  5.9715438E-07  3.9089937E-06   3.578132       17.99001      1.3659400E-06
  9.2992559E-06   214.7091      -2.457143     -1.2393130E-07 -2.0340085E-06
   3.483513       18.16655     -5.2093156E-07 -2.2491440E-06   218.4843    
  -2.446158      1.3671878E-07  5.7206489E-06   3.394222       18.29869    
  1.7860096E-07  1.4927238E-05   221.8057      -2.435910     -3.2727812E-07
 -7.3262490E-06   3.310754       18.38894     -1.0458823E-06 -2.2206455E-05
   224.6511      -2.426379     -1.0571245E-07  2.3329630E-07   3.232179    
   18.43781      4.5762963E-10  3.2391399E-06   227.0138      -2.417476    
  1.2940286E-07  8.4517524E-06   3.158237       18.45148      2.5009697E-07
  2.0610169E-05   228.8822      -2.409230      5.4751462E-07 -1.2461096E-06
   3.088895       18.43046      1.2411203E-06 -4.3008476E-06   230.2500    
  -2.401646      3.2338497E-07 -3.7578866E-07   3.024329       18.37677    
  6.6168229E-07 -7.5995922E-07   231.1102      -2.394768     -3.6286872E-07
 -5.1874667E-06   2.964621       18.29033     -1.1895014E-06 -1.9365922E-05
   231.4646      -2.388562     -2.3554313E-07 -3.7606806E-06   2.909947    
   18.17631     -6.1915358E-07 -9.0282410E-06   231.2934      -2.383099    
  2.6405756E-08 -1.9059516E-06   2.859412       18.03225      2.6385828E-07
 -6.1411411E-06   230.6024      -2.378224     -1.1442202E-07 -2.2491440E-06
   2.812557       17.86592     -5.0646133E-07 -5.5301934E-06   229.3893    
  -2.374004     -1.5772846E-07 -3.2396056E-06   2.769328       17.67729    
 -7.4097034E-07 -9.2368573E-06   227.6491      -2.370508     -8.5180556E-09
  2.0288862E-06   2.729712       17.46629     -5.3167643E-08 -1.3038516E-08
   225.3914      -2.367696     -1.2579105E-07 -1.0151416E-07   2.693754    
   17.23667     -4.9839309E-07 -3.1664968E-07   222.6103      -2.365685    
 -1.1570108E-07  1.6381964E-06   2.661438       16.98679     -2.8430435E-07
  2.1886081E-06   219.3308      -2.364357      1.6627419E-07  2.3422763E-07
   2.632521       16.72547      5.6377894E-07 -1.0281801E-06   215.5320    
  -2.363887      1.3233418E-07  4.5821071E-07   2.606422       16.44477    
  5.9411809E-07  1.5776604E-06   211.2285      -2.364184      1.8763244E-07
 -1.9045547E-06   2.582578       16.15075      4.3766732E-07 -4.3008476E-06
   206.4523      -2.365297     -8.9829925E-08 -2.8368086E-06   2.561296    
   15.84650     -2.2140239E-07 -7.8855082E-06   201.1795      -2.367378    
  1.0742967E-07 -1.5664846E-06   2.542065       15.52773      8.8567973E-08
 -2.6347116E-06   195.4439      -2.370449      1.8050168E-08 -6.8871304E-07
   2.524885       15.19759      2.4174332E-07 -2.6198104E-06   189.2527    
  -2.374647     -2.9558782E-07  5.0803646E-07   2.509669       14.85427    
 -9.8275825E-07 -4.3213367E-07   182.5982      -2.380170     -4.1661725E-08
  2.0405278E-06   2.496144       14.49273     -8.6905580E-08  6.0023740E-06
   175.5533      -2.386977      8.0414445E-08 -6.0116872E-07   2.484170    
   14.12133     -7.5053478E-08 -7.6275319E-07   168.0363      -2.395538    
  5.9518481E-08 -1.2898818E-07   2.472639       13.72176      3.8031556E-07
 -2.2351742E-07   160.0532      -2.406280     -8.2289144E-09 -1.2847595E-06
   2.460997       13.28615      7.8582424E-08 -2.8675422E-06   151.6316    
  -2.419429      1.3396713E-07  1.1706725E-06   2.448855       12.81144    
  7.0456787E-07  2.1737069E-06   142.6395      -2.436483      1.5882837E-07
 -2.7939677E-09   2.434384       12.25581      4.0199166E-07  4.8056245E-07
   132.7532      -2.459613     -5.3407771E-08  7.5972639E-07   2.412764    
   11.54158     -2.5579138E-07  2.3916364E-06   121.2298      -2.495067    
 -5.2256244E-08  1.0370277E-06   2.373470       10.47018     -2.8733965E-07
  2.5723130E-06   104.2812      -2.569314     -6.9329156E-09  6.0652383E-07
   2.260647       8.214265      2.4711382E-09  1.1501834E-06   4.089138    
   2.051951     -4.7348425E-10  3.6391430E-07  0.6185710      0.7576446    
 -1.6125522E-07  2.4866313E-07   127.4678      -2.307512     -5.8800584E-08
 -1.8393621E-08   2.669264       19.58346     -1.6880168E-07  2.5611371E-07
   106.4849      -2.432171      2.5171396E-08  4.1909516E-09   2.595972    
   15.06590     -4.9422688E-08 -7.0128590E-07   94.08673      -2.492673    
 -7.4911625E-08  2.0163134E-07   2.569102       13.60496     -1.3064172E-07
 -4.4517219E-07   83.58149      -2.544501     -3.2593380E-08  1.1641532E-07
   2.554961       12.76904     -9.3817803E-08  1.2116507E-06   74.00730    
  -2.599697      4.1668816E-08 -1.0989606E-07   2.549263       12.14829    
  1.6087566E-07  4.2095780E-07   65.04963      -2.662418     -2.3882061E-08
  3.5762787E-07   2.546299       11.66402     -8.9557723E-08  1.6912818E-06
   56.69190      -2.738236     -3.9705800E-08 -4.2258762E-07   2.547126    
   11.24635     -2.1528277E-07 -2.1108426E-06   48.93394      -2.832477    
  1.8775724E-08 -5.6205317E-07   2.548989       10.87817     -6.0809121E-08
 -3.3075921E-06   41.91801      -2.953001      1.6273565E-07 -5.9395097E-07
   2.552352       10.52574      4.5508588E-07 -3.0421652E-06   35.83959    
  -3.108081      1.3882374E-07 -7.1711838E-07   2.555790       10.20522    
  2.0823560E-07 -1.4342368E-06   31.01954       2.976722     -7.2501862E-08
 -1.4763791E-06   2.561505       9.904202     -3.2427681E-07 -3.1380914E-06
   27.76965       2.734450     -1.0509950E-07  1.4170073E-06   2.566708    
   9.584520     -2.3552417E-07  1.6852282E-06   26.34828       2.465916    
 -6.5833433E-08 -2.4813926E-06   2.573237       9.284040     -3.1313519E-07
 -2.6042107E-06   26.69988       2.203537     -2.3812628E-08 -3.1437376E-06
   2.581343       9.003548     -4.2435900E-07 -5.6887511E-06   28.40207    
   1.975812      8.5065011E-07 -2.2541732E-05   2.588332       8.729071    
  6.8451527E-06 -5.2526593E-05   30.92174       1.793266     -2.6319622E-08
  1.4435500E-06   2.596646       8.469638      3.0596561E-07  1.0513701E-05
   33.80325       1.649819     -7.0231813E-08  1.3932586E-06   2.604084    
   8.233602     -4.4003264E-07  5.2284449E-06   36.73295       1.536950    
  9.5452307E-08  1.4207326E-06   2.611988       7.998298      2.0804532E-07
  5.4147094E-06   39.47157       1.446356     -1.2496796E-08 -1.6589183E-06
   2.619542       7.777829      2.6899881E-08 -6.2775798E-06   41.89768    
   1.371878     -4.2406874E-08 -3.7718564E-07   2.626847       7.569928    
 -1.0428951E-07 -1.1655502E-06   43.89681       1.309142     -1.3459990E-08
  6.9243833E-07   2.634880       7.359674     -5.1562115E-08  1.1045486E-06
   45.44682       1.254480      3.7988279E-08  3.8137659E-07   2.641812    
   7.143425      2.9120932E-07  1.4435500E-07   46.55036       1.205702    
  6.3296994E-08  1.4575198E-07   2.649451       6.936770      1.0532619E-07
 -9.2480332E-07   47.11783       1.160758      1.1460625E-07  1.7334241E-07
   2.657682       6.730273      2.7269076E-07  1.7071143E-06   47.09745    
   1.118192     -9.9108819E-09 -1.1641532E-10   2.666137       6.501791    
 -3.2705909E-08 -7.1106479E-07   46.55577       1.076615     -1.2659549E-07
 -4.6845526E-07   2.673838       6.287988     -4.4205458E-07 -7.1618706E-07
   45.44077       1.034180     -2.2443777E-07 -2.3307512E-06   2.681805    
   6.053849     -6.7146965E-07 -7.8398734E-06   43.37917      0.9855127    
 -4.1675992E-08  1.0998920E-06   2.686255       5.735321     -1.4634611E-07
  3.8594007E-06   39.41574      0.9119712     -1.9350695E-07 -5.3527765E-07
   2.682387       5.094747     -6.1131470E-07 -1.5990809E-06   74.27754    
   1.456035      3.9136360E-08  1.4746329E-06   2.665882       15.43616    
  1.2644054E-07  9.4668940E-07   42.10637      0.9345333      1.5404075E-07
  2.1478627E-07   2.732007       6.588439      4.0158631E-07  6.9756061E-07
  5.8083393E-02  -1.570796       5.809059     -2.2151465E-12 -3.6321580E-07
  7.5885964E-12   17.65570     -7.2668763E-12  0.5253478      -1.570796    
   5.804613      5.2465277E-09  1.7055626E-07 -2.9103830E-11   17.64235    
  1.6018529E-08   1.456740      -1.570796       5.798274      2.6128203E-07
 -3.6639207E-07 -2.9103830E-11   17.62310      7.9369659E-07   2.860917    
  -1.570796       5.824011      2.7175852E-06  4.3848434E-07 -2.6411726E-09
   17.70132      8.2586303E-06   4.727580      -1.570793       5.843653    
  1.5796353E-05 -3.1780993E-07 -3.6961865E-09   17.76104      4.8011731E-05
   7.045271      -1.570786       5.858096      6.4106986E-05  1.0745534E-07
  2.9831426E-09   17.80497      1.9483580E-04   9.780568      -1.570769    
   5.857671      2.0538142E-04 -1.9467012E-07  1.5890691E-08   17.80362    
  6.2422693E-04   12.98961      -1.570733       5.884935      5.5645860E-04
  1.6252574E-07 -1.3038516E-08   17.88648      1.6912721E-03   16.60932    
  -1.570665       5.906473      1.3280082E-03 -4.3619597E-09  4.0745363E-10
   17.95199      4.0362752E-03   20.62225      -1.570542       5.926150    
  2.8715942E-03 -3.5124163E-08  6.4726919E-08   18.01175      8.7277917E-03
   25.03805      -1.570339       5.951676      5.7381643E-03  8.1564065E-07
  7.9977326E-08   18.08935      1.7440263E-02   29.90156      -1.570019    
   5.994879      1.0755933E-02  5.6416660E-08 -2.8056093E-08   18.22063    
  3.2690946E-02   34.94665      -1.569531       6.007519      1.9070340E-02
 -1.9463408E-07  1.7043203E-07   18.25906      5.7961203E-02   40.52912    
  -1.568825       6.057910      3.2344047E-02  7.0026033E-08  2.9010698E-07
   18.41221      9.8304324E-02   46.42273      -1.567828       6.108544    
  5.2730519E-02 -3.9692748E-07 -1.7182902E-07   18.56612      0.1602653    
   52.40778      -1.566445       6.138030      8.2975246E-02 -7.7133095E-08
  1.5879050E-07   18.65571      0.2521887       58.84814      -1.564605    
   6.193645      0.1267810      2.2467488E-07 -8.5216016E-08   18.82471    
  0.3853281       65.65049      -1.562204       6.264512      0.1886741    
 -8.0497102E-08 -1.4342368E-07   19.04008      0.5734403       72.52689    
  -1.559099       6.326483      0.2740301     -2.6650852E-07 -7.9162419E-09
   19.22842      0.8328644       79.40584      -1.555152       6.379507    
  0.3892629     -8.3075889E-07 -4.7963113E-07   19.38959       1.183091    
   86.62792      -1.550290       6.453614      0.5423504     -1.7300955E-06
 -2.5611371E-08   19.61488       1.648369       94.10130      -1.544385    
   6.543262      0.7423624     -1.6392715E-06  3.4738332E-07   19.88725    
   2.256264       101.5498      -1.537255       6.632730      0.9993709    
 -2.1257497E-06 -5.6019053E-07   20.15915       3.037384       108.7378    
  -1.528698       6.712257       1.324529     -1.0833020E-06  2.4866313E-07
   20.40085       4.025633       115.7462      -1.518633       6.790783    
   1.729722      1.9359361E-06  1.3895333E-06   20.63953       5.257114    
   122.7047      -1.507049       6.879233       2.227640      3.7967020E-06
  1.1175871E-06   20.90836       6.770419       129.5113      -1.493870    
   6.976135       2.831682      1.2711945E-06 -3.8556755E-07   21.20285    
   8.606269       135.9073      -1.478950       7.072156       3.555269    
  1.2340636E-06  1.0151416E-07   21.49462       10.80543       141.6422    
  -1.462124       7.159645       4.411426      1.5214536E-06 -2.7380884E-07
   21.76048       13.40748       146.4468      -1.443199       7.230912    
   5.411906      1.2908131E-06 -9.5926225E-08   21.97716       16.44820    
   150.3027      -1.422293       7.289242       6.563483      7.8330538E-07
  1.2954697E-06   22.15438       19.94814       153.2160      -1.399638    
   7.339090       7.869388      4.8189258E-07  4.2561442E-07   22.30586    
   23.91701       155.0234      -1.375297       7.378545       9.330644    
 -1.5172451E-06  5.7835132E-07   22.42579       28.35805       155.4932    
  -1.349226       7.402248       10.94551     -1.4921446E-06 -1.9297004E-06
   22.49777       33.26605       154.3972      -1.321386       7.404301    
   12.70678      4.6469813E-07  4.0978193E-08   22.50404       38.61879    
   151.6904      -1.292138       7.386500       14.59616     -1.7393397E-06
 -2.4670735E-06   22.44992       44.36099       147.2599      -1.261663    
   7.347543       16.59318      1.6794968E-06  2.2724271E-07   22.33145    
   50.43025       140.9794      -1.229955       7.285715       18.67477    
 -3.2644715E-07 -5.4389238E-07   22.14357       56.75652       132.7947    
  -1.197080       7.200993       20.81498      5.8731310E-08  3.8882717E-06
   21.88602       63.26108       122.6628      -1.163090       7.093082    
   22.98225     -7.2141950E-07 -4.4060871E-06   21.55802       69.84766    
   110.6236      -1.127966       6.965515       25.14269     -2.3041652E-07
 -2.1671876E-06   21.17037       76.41353       96.70310      -1.091177    
   6.818902       27.26980      4.1109692E-07  1.8486753E-06   20.72476    
   82.87814       80.98447      -1.051728       6.656108       29.33458    
  8.3751638E-07 -2.2379681E-06   20.22998       89.15293       63.56992    
  -1.007021       6.479795       31.31017      1.2500810E-06  2.9578805E-06
   19.69413       95.15708       44.60154     -0.9489068       6.292994    
   33.17599     -1.1226543E-06 -3.7364662E-06   19.12639       100.8275    
   24.29898     -0.8398820       6.097389       34.91900     -8.8310850E-07
 -3.4170225E-06   18.53189       106.1244       4.764100      0.1083244    
   5.897989       36.52099      1.5185802E-07  5.1222742E-07   17.92585    
   110.9929       21.10556       1.979321       5.695927       37.97663    
 -9.1225468E-07 -1.2554228E-06   17.31180       115.4167       44.66388    
   2.112287       5.494180       39.28197     -1.1047680E-06  7.8883022E-07
   16.69862       119.3836       69.12946       2.170638       5.295128    
   40.43507     -1.9806819E-07 -6.4261258E-08   16.09364       122.8878    
   94.19926       2.210496       5.099558       41.44046     -1.1083559E-07
 -2.3720786E-06   15.49931       125.9428       119.6751       2.242372    
   4.909822       42.30061      3.1453419E-07  4.4004992E-06   14.92263    
   128.5569       145.3540       2.269932       4.725547       43.02850    
  4.0774245E-07  4.0791929E-07   14.36261       130.7686       171.0765    
   2.294309       4.549426       43.62292      5.7575761E-07  9.1176480E-07
   13.82739       132.5750       196.6505       2.316383       4.381145    
   44.09432     -9.1478256E-08 -1.9087456E-06   13.31594       134.0074    
   221.9131       2.336647       4.220986       44.45696     -1.7030952E-07
 -4.7613867E-06   12.82922       135.1094       246.6968       2.355203    
   4.069697       44.71222     -4.2643840E-09  3.7653372E-06   12.36943    
   135.8848       270.8361       2.372340       3.926851       44.87349    
 -8.8961542E-08 -1.0607764E-06   11.93531       136.3746       294.1723    
   2.388190       3.792356       44.94870     -1.1151866E-07  9.5739961E-07
   11.52658       136.6029       316.5605       2.402807       3.666607    
   44.94547      3.2208018E-07  9.3318522E-07   11.14440       136.5931    
   337.8250       2.416500       3.547900       44.87864     -1.9789611E-07
 -9.3039125E-07   10.78364       136.3894       357.8540       2.429003    
   3.437857       44.74395      7.7148002E-08  1.7285347E-06   10.44922    
   135.9799       376.4874       2.440454       3.335418       44.54733    
 -1.6013023E-07 -3.3839606E-06   10.13790       135.3823       393.5954    
   2.451075       3.239797       44.30696      1.2491924E-07 -5.5753626E-06
   9.847322       134.6516       409.0477       2.460768       3.150985    
   44.01980     -1.7039389E-07 -4.3418258E-06   9.577421       133.7783    
   422.7175       2.469499       3.068906       43.68710     -1.0497633E-07
  4.7823414E-07   9.327982       132.7673       434.5000       2.477432    
   2.992793       43.32091      5.7663021E-07  5.9290323E-06   9.096662    
   131.6540       444.2941       2.484565       2.922421       42.92203    
  8.5226810E-07 -8.1064063E-06   8.882813       130.4418       452.0161    
   2.490846       2.857844       42.49472     -1.3718868E-06 -2.8117560E-05
   8.686562       129.1430       457.6017       2.496564       2.797637    
   42.05460      1.3653469E-07 -2.2035092E-06   8.503605       127.8051    
   460.9498       2.501413       2.742495       41.58801     -4.6504647E-07
  4.2729080E-06   8.336035       126.3871       461.9945       2.505301    
   2.692383       41.09278     -5.2049319E-07 -7.6666474E-06   8.183743    
   124.8816       460.6753       2.508326       2.646358       40.57295    
 -1.9683844E-07  1.0053627E-06   8.043888       123.3019       457.0495    
   2.510668       2.603955       40.05035     -7.4890394E-08 -9.4110146E-07
   7.915030       121.7133       450.9875       2.511967       2.565296    
   39.49942      5.6968663E-08  1.0514632E-06   7.797545       120.0391    
   442.4551       2.512110       2.530074       38.91565     -2.8966210E-07
  1.9073486E-06   7.690516       118.2647       431.5616       2.511115    
   2.498151       38.30995     -1.1459249E-07  5.2126125E-06   7.593513    
   116.4239       418.2530       2.508621       2.469549       37.66298    
  6.6313879E-07  5.0975941E-06   7.506586       114.4575       402.5842    
   2.504315       2.444083       36.96590      3.3643508E-07  4.9213413E-06
   7.429204       112.3389       384.4935       2.497439       2.421992    
   36.17894      2.3312496E-10 -1.0577496E-06   7.362091       109.9469    
   364.0834       2.486333       2.405343       35.24677     -4.5216956E-07
 -4.2899046E-06   7.311484       107.1138       340.1399       2.465332    
   2.395641       33.83010      2.0329911E-07  3.9767474E-07   7.282004    
   102.8084       306.3210       2.405296       2.394702       30.21265    
  6.5821695E-08  1.1711381E-07   7.279113       91.81404       352.8894    
   3.070460      0.9565319       57.18395     -1.1408589E-07 -2.6721973E-06
   2.908624       173.7928       288.8791       2.559880       2.233978    
   39.07236      1.3137878E-07  1.1904631E-06   6.790809       118.7414    
   255.9057       2.509027       2.263643       36.58324     -1.4436539E-07
 -1.5555415E-06   6.880936       111.1761       225.9353       2.476376    
   2.267197       35.37002      8.7417604E-08  1.2181699E-06   6.891747    
   107.4890       196.2695       2.443147       2.265113       34.48419    
 -1.4021828E-07 -9.3085691E-07   6.885425       104.7967       166.5999    
   2.402807       2.260643       33.73663     -1.1099083E-07  1.1050142E-06
   6.871827       102.5246       137.1881       2.348213       2.256104    
   33.07872      5.6739033E-08  4.1606836E-07   6.858055       100.5251    
   108.3798       2.266979       2.251881       32.45959      2.7974116E-07
 -1.1203811E-06   6.845209       98.64354       81.00400       2.133275    
   2.249423       31.88839      1.0654150E-07 -5.4249540E-08   6.837755    
   96.90753       56.64787       1.883676       2.245170       31.29923    
  4.3678607E-08 -1.3849931E-06   6.824829       95.11699       40.20752    
   1.383805       2.242027       30.74024     -4.5590056E-07  4.2747706E-07
   6.815277       93.41807       40.38621      0.6826205       2.241039    
   30.21254     -4.4323130E-08 -4.7753565E-07   6.812271       91.81439    
   55.24805      0.2166477       2.241474       29.71684     -3.7377185E-07
 -5.4942211E-06   6.813590       90.30797       75.13963     -1.6097942E-02
   2.242388       29.21814     -9.9100518E-08  2.0334264E-06   6.816375    
   88.79237       95.53017     -0.1431057       2.243574       28.71567    
 -1.4902697E-07  7.2395196E-06   6.819993       87.26511       114.8773    
 -0.2220801       2.245514       28.22731      7.0268579E-06  2.0799693E-05
   6.825890       85.78081       132.5037     -0.2764868       2.247890    
   27.74631      3.3378601E-07  1.6068923E-05   6.833124       84.31911    
